87.672235278383
55.2932645968696
42.22622259260623
37.15525791011314
34.06931212371334
44.86095292772135
68.54003201695397
42.27199861999171
169.18483995087988
72.76067545429015
33.67123311880061
31.492584425290293
31.651201060486212
20.530580295298037
19.669936600789544
32.42680318443791
25.325560290186928
38.3316147227571
36.290040943026476
146.98120908490134
28.15363233733122
20.227598226373537
25.99052818099105
32.46302469135039
21.95638256228943
20.39214953397027
36.5892335393019
18.68638095432611
23.141373306831266
21.50589243035369
25.647110925994433
35.21159848928006
22.559766375736913
20.106992406784922
20.147818205828187
17.557158636169248
26.93691717049852
37.042703807641225
29.29014912410426
25.866066044391932
24.93919502142215
22.63267921273879
20.244013472116613
30.4337223264796
38.29263144092989
30.227930655421744
20.305610807701154
28.640324840386995
24.84174489115313
18.3952864952404
21.528851831399862
25.446416666079454
27.512625860282803
16.146291496777195
27.958991823381186
47.249726138976776
