0
0
0
0
1.4471580313422192
0
0
0
0
0
0
0
0
0
0
0
0
0
0
0
0.7481880270062005
0
0
0
0
0
0
0.7939455175668755
0
0
0
0
2.542133544573076
0
0
0
0
0
0
0
0
0
0
0
0
0
0
0
0
0
0
0
0
0
0
0
0
0
0
0
0
0
0
0
0
0
0
0
0
0
0
0
0
0
0
0
0
0
0
0
0
0
0
0
0
0
0.38646019098860757
0
0.6690067809585756
0
0
0
0
0
0
0
0
0
0
0
0
1.7481880270062005
0
0
0
0
0
0
0
0
0
0
0
0
0
0
0
0.9030899869919435
0
0
0
1.7481880270062005
0
0
0
0
0
0
0
0
0
0
0
0
2.9101103298676705
0
0
0
0
0
0
1.7481880270062005
0
0
0
0
0
0
0
0
0
0
0
0
0
0
0
0
0
0
0
0
0.35024801833416286
0
0.7939455175668755
0
0
0
0
0
0
0
0
0
0
0
0
0
3.8132003168596142
0
0
2.098436045340363
0
0
0
0
0
0
0
0
0
0
0
0
0
0
0
0
0
0
0
0
0
0
0
0
0
0
0
0
0
0
0
0
0
0
0
0
0
0
0
0
0
0
0
0
0.38646019098860757
0
0
0
0
0
0
0
1.7481880270062005
0
0
0
0.2857900291072444
0
0
0
1.7481880270062005
0
0
0
0
0
0
0
0
0
0
0
0
0
0.6664293580707649
0
0.6690067809585756
0
0
0
0
0
0
0
0
0
0
0
0
0
0
0
0
0
0
0
0
0
0
0
0.38646019098860757
0
0.6690067809585756
0
0
0
0
0
0
0
0
0
0
1.271066772286538
0
0
0
0
0
0
0
0
0
0
1.2684893493987273
1.4135906836959506
0
0
0
0
0
0
0
0
0
0
0
0
0
0
0
0
0.7481880270062005
0
0
0
0
0
0
0
0
0
0
0
0
0
0.6690067809585756
0
0
0
0
0
0
0
0
0
0.24303804868629442
0
0
0
0
0
0
0
0
0
0
0
0
0
0
0
0
0
0
0
0
0
0
0
0
0
0.3347702036757591
0
0
0
0
0
0
0.9030899869919435
0.7067953418479753
0
0
0
0
0
0
0
0
0
0
0
0
0
0
0
1.6901960800285136
0
0
0
0
0
0
0
0
0
0
0
0
0
0
0
0
0
0
0
0
0
0
0
0
0
0
0
0
0
0
0
0
0
2.2883870718020765
0
10.489128162037202
0
0
0
0
0
0
0
0
0
0
0.6342446746993636
0
0
0
0.43838410703471403
0
0
0
0
0
1.7481880270062005
1.7481880270062005
0
0
0
0
0
0
0
0
0
0
0
0
0.9030899869919435
0
0
0
0
0
0
0
0
0
0
0
0
0
0
0
0
0
0
0
0
0
0
5.244564081018601
0
0
0
0.0984360453403633
0
0
0
0.11956078702705682
0
0.17998630293920545
0
0
0
0
0
0
0
0
0
0.36797678529459443
1.146128035678238
1.0492180226701815
0
1.4471580313422192
0
0
1.6901960800285136
0
0
0
0
0
0
0
0
0
0
0
0
0
0
0
0
0
0
0
0
0
0
0
0
0
0
0.46943442605337143
0
0
0
0
0
2.070956422511706
0
0.5440680443502757
0
0
0.03912668755978263
0
0
0
0
0
0.35024801833416286
1.2841316658596384
0
0
0
0
1.0842670891461519
0.0
0
0.007825337511956526
0.8450980400142568
0
0
0
0
0
0
0
0
0.07825337511956526
0
0
0
0
0
0
0
0
0
0
0
1.7481880270062005
0
0
0
0
0
0
0
0
0
0
0
0
0.1899510264617135
0
0.7067953418479753
0
0
0
0
0
0
0
0
0
0
0
0
0
0
0
0
0
0
0.13540417028646495
0.7481880270062005
0
0
0.6020599913279624
0
0
1.0507440550024887
0
0
0
0
0
0
0
0
0
0
0
0
0
0
0
0
0
0
20.370772309073693
0
0
0
0
0
0
0
0
0
0
0
1.4471580313422192
0
0
0
0
0
0
0
1.271066772286538
0
0
0
0
0
0
0.5440680443502757
0
0
0
0
0.9700367766225568
0
0
0
0
0.6501273298918357
0
0
0
0
0
0
0
0
0
0
0
0
0
0
0
0
0
0
0
0
0
0
0
0
0
0
0
0
0
0
0
0
0
0
0
0
0
0
0
0
0
0
0
0
0
0
0
0
0
0
0
0
0
0
0
0
0.4259687322722811
0
0
0
0
0
0
0
0
0
0
0
0
0.7067953418479753
0
0
0
0
0
0
0
0
0
0
0
0
0
0
0
0
0
0
1.0492180226701815
0
0
0
0
0
0
0
1.8974674060057657
0
1.7481880270062005
0
0
0
1.271066772286538
0.3655606581743768
0
0
1.0492180226701815
0
0
0
0
0
0.7359535705891889
0
0
0.5440680443502757
0
0
6.992752108024802
5.244564081018601
0
0
0
0
0
0
0
0
0
0
0
0
0
0
0
0
0
0
0
0
0
0
0
0
0
0
0
0
0
0
0
0
0
0
0
0
0
0
0
0
0
0
0
0
0
0
0
3.2148167849212363
0
0
0
0
0
0
0
0.14214840464908693
0.1968720906807266
0
0
0
0
0
0
0
0
0
0
0
0.46943442605337143
0
0.1571234199797012
0
1.1593805729658226
0
3.3321467903538244
0
0
0
0
0
0
0
0
0
0
0
0
0
0
0
0
0
0
0
0
0
0
0
0.6342446746993636
0
0
1.271066772286538
0
0.9504727885416393
0
0
0
0
0
0.9995098928663994
0
0.4057653461839942
0.7067953418479753
0
0
0
0
0
0
1.215190243431472
0
0.2568263331719277
0
0
0.3368088607787805
0.40823996531184964
0
0
0
0
0
0
0
0
0
0
0
0
0
0
0
0
0
0
0
0
0
0
0
0
0
0
0
0
0
0
0
0
0
0
0
0
0
0
0
0
0
0
0
0
0
0
0
0
0
0
0
0
5.244564081018601
0
0
0
1.7481880270062005
0
0
0
0
0
0
1.146128035678238
0
0
0
0
0
0
0
0
0
0
0.24987747321659984
0
0
0
0
0
0
0
0
0
0
0
0
0
1.271066772286538
0
0
0
0
0
0
2.098436045340363
0
0
0
0
0
0
0
0
0
0
0
0
0.38646019098860757
0
0
0
0
0
0
1.7481880270062005
0
0
0
0
0
0
0
0
0
0
0
0
0
0
0
0
0.22827050721144881
0
0
0
0
0
0
0
0
0
0
0
0
0
0
0
0
0
0
0
0
0
0
0
0
5.422070740931837
0
0
0
0
0
1.9503819896755075
2.8943160626844384
4.683047466710029
0
0
0
0
0
0
0
0
0
0
0
0
0
0
0
1.271066772286538
0.5125811719477582
0
2.8943160626844384
0
0
0
0.0
0
0
0
0.0
0
0
0
0
0
0
1.1431601164289775
0
0
0
0
0
0.22943914285322783
1.4471580313422192
0
0
0
0
0
0
0
0
0.6020599913279624
0
0
0.43341821992789054
0
0
0
0
0
0
0
0
0
0
0
0
0
0
0
0
0.43341821992789054
1.7481880270062005
0
0
0
0
0
0
0
0
0
0
0
0
0
0
0
0
0
0
0
0.6690067809585756
0
0
0
0
0
0
0
0
0
0
0
0
0
0
0
0
0
0
0
0
0
0
0
0
0
0
0
0
0
0
0
0
0
0.12493873660829992
0
0
0
0
0.8450980400142568
0
0
0
0
0
0.9700367766225568
0
0
0
0
0
0
0
0.13389357926122644
0
0
0
0
1.4471580313422192
0.7067953418479753
0
0
0.9030899869919435
0
0
0
0
0
0
0
0
0
0
0
0
0
0
0
0
0
0
0
0
0
0
0
0
0
0
0
0
0
0
0
0.8450980400142568
0
0
0
0
0
0
0
0.28492653969257026
0
0
0
0
2.8943160626844384
0
0
1.9400735532451137
0
0
0
0
0
0
0
0.9700367766225568
0
0
0
0
0
0
0
0
0
0
0
0
0.07609016907048294
0
0
0.9030899869919435
0
0
0
0
0
0
0
0
0
0
0
0
0
0
0.7481880270062005
0
0
0
0
0
0
1.146128035678238
0
0
0
0
0
0
0.21520941664870227
0
0
0
0
0
1.9716620876115774
0
0
0
0
0
0
0
0
0
1.4471580313422192
0
0
0
0
0
0
0
0
0
0
0
0
0
0
0
0
0
0
0
0
0
0
0
0
0.6690067809585756
0
0
0
0
0
0
0
0
0
0
0
0
0
0
0
0
0
0
0
0.04921802267018165
0
0
0
0
0
0
0
0
0
0
0
0
0
0
0
1.271066772286538
0
0
0.20411998265592482
0
0
0
0
0
0
0
0
0
0.3837710524778263
0
1.146128035678238
0
0
0
0
0
0
0
0
0
0
0
0
0
0
0
0
0
0
0
0
0
0
0
0
0
0
0
0
0
0
0
0
0
0
0
0
0.9030899869919435
0
0
0
0
0
0
0
0
0
0
0
0.6342446746993636
0
0
0
0
0
0
0
0
0
0
0
0
0
0
0
0
0
0
0
0
0
0.16840443038939024
0
0
0
0
0
0
4.196872090680726
0
0
0
0
1.0492180226701815
0
0
0
0
0
0
0
0
0
0
0
0
0
0
0
0
0
0
0
0
1.271066772286538
0
0
0
0
0
0
0
0
0
0
0
0
0
0
0
0
0
0
0
0
0
0
0
0
0
0
0.6336485256944262
0
0
0
0
2.0070203428757267
0
0
0
0
0
0
0
0
0
0
0
0
0
0
0.3168242628472131
0
0
0
0.7939455175668755
0
0
0
0
0
0.5136526663438554
0
0.3010299956639812
0
1.0273053326877108
0
0.20947070104002594
0
0
0
0
0
0
0
0
0.1252054001913044
0
0
0
0
0
0
0
0.6342446746993636
0
0
0
0
0
0
0
0
0
0
0
0
0
0
0
0
0
0
0
0
0
0
0
0
0
0
0.6342446746993636
0
0.37481620982489977
0
0
0
0
0
0
0
0
0
0
0
0
0
0
0
2.542133544573076
0
0
0
0
0
0
0
0
0
0
0
0
0
0
2.292256071356476
0
1.4471580313422192
0
0
0
0
0
0
0
0
0
0
0
0.40823996531184964
1.271066772286538
0
0
0
0
0
0
0
0
0
0
0.24303804868629442
0
0
0
0
0
0
0
0
0
0
0
0
0
0
0
0
0
0
0
0
0
0
0
0
0
0.20308925454132043
0
0
0
0
0
0
0
0
0
0
0.15218033814096588
0
0
0
0
0
0
1.7481880270062005
0
0
0
0
0
0
0
0
0
0
0
0
0
0
0
0
0
0
0
0
0
0.49291552190289434
0
0
0
0
0
0
0
0
0
0
0
0
0
0
0
0
0
0
0
0
0
0
0
0
0
0
0
0
0
0
0
0
0
0
0
0
0
0
0
0
0
0
0
0
0
0
0
0
0
0
0
1.4471580313422192
0
0
0
0
0
0
0
0
0
0
0.3010299956639812
0
0
0
0
0
0
0
0
0
0
0
0
0
0
0
0
1.271066772286538
0
0
0
0
0
0
0
0
0
0
0
0
0
0
0
0
0
0
0
0
0
0
0
0
0
0
0
0
0
0
0
0
0
0
0
0
0
0
0
0
0
0
0
0
0
0
0
0
0
0
0
0
0
0
0.38646019098860757
0.3168242628472131
0
0.7067953418479753
0
0
0
0
0
0
0
0
0
0
0
0
0
0
0
0
0
0
0
0
0
0
0
0
0
0
0
0
0
0
0
0
0
0
0
2.0546106653754217
3.9433241752231547
0
0
0.6690067809585756
0.38646019098860757
0
0
1.4471580313422192
0
0
0
0
0
0
0
0
0
0
0
0
0
0
0
0
0
0
0
0
0
0
0
0
0
0
0
0
0
0
0
0.17998630293920545
0
0
1.7481880270062005
0
0
0
0
0
0
0
0
0
0
0
0
0
0
0
0
0
0
0
0
1.271066772286538
0
0
0
0
0
0
0
0
0
0
0
0
0
1.4471580313422192
2.292256071356476
0
0
0
0
0
0
0
0
0
0
0
0
0
0
1.7481880270062005
0
0
0
0
0
0
0
0
0
0
0
0
0
1.2684893493987273
0
0
0
0.38646019098860757
1.4719071411783777
0
4.047744638240538
0
0
0.10473535052001297
0
0
0
0
0
0
1.7481880270062005
1.0492180226701815
0
1.3328587161415297
0
0
0
0
2.000530203750711
0
0
0
1.6248500434375794
0
0
0
0
0
0
0
0
0
0
0
0
0
0
0
0.6694678963061322
0
0
0
0
0
0
0
5.244564081018601
0
0
0
0
0
0
0
0
0
0
0
0
0
0
0
0
0
0
0
0
0
0
0
0
0
0
1.7481880270062005
0
0
0
0
0
0
0
0
1.7481880270062005
0
1.806179973983887
0
0
0
0
0
0
0
0
0
0
0
0
0
0.7939455175668755
0
0.3010299956639812
0
0
0
2.120386025543926
0
0
0.146128035678238
0
0
0
0
0
0
0
0
0
0.7291141460588833
0
0
0
0
0
0
0
0
0
0
0
0
0
0
0
0
1.4471580313422192
0
0
0
0
0
0
0
0.49291552190289434
0
0
0
0
0
0
0
0
0
0
0
0
0
0
0
0
0
0
0
0
1.5458407639544303
0
0
4.341474094026657
0.37481620982489977
0
0
0
0
0
0
0
0
0
1.4471580313422192
0
0
0
0
0
0
0
0
0
0
0
0
0
0
0
0
0
0
0
0
0
0
0
3.496376054012401
0
0
0
0
0
0
0.06694678963061322
0
0
0
0
1.7481880270062005
0.9700367766225568
0.49291552190289434
0
0
0
0
0.7359535705891889
0
0
0
0
0
0
0
0
0
0
0
0
0
0
0
0
0
0
0
0
0
0
0
0
0
0
0
0
0
0
0
0
0
0
0
0.4471580313422192
0
0
0
0
0
0
0
0
0
0
0
0
0
0
0
0
0
0
0
0
0
0
0
0
0
0
1.146128035678238
0
0
0
0
0
0
1.7481880270062005
0.3168242628472131
0
0
0
0.9700367766225568
0
0.6336485256944262
0
0
0
0
0
0
0
0
0
0
2.542133544573076
8.897467406005767
0
0.93973214857089
0
0
0
0
0
0.30436067628193175
0
0
0
0.03912668755978263
4.240772051087852
0
0
0
0
1.1593805729658226
0
0
0
0
0
0
0
0
0
1.146128035678238
0
0
0
0
0
0
0
0
0
0
0
0
0
0
0
0
0
0
0
0
0
0
0.7729203819772151
0
0
0
0
0
0
0
0
0
0
0
0
0
0
0
1.271066772286538
0
0
0
0
0.7067953418479753
0
0
0
0
0
0
1.4471580313422192
0
0
0
0
0
0
0
0
0
0
0
0
0
0
0
0
0
0
0.9700367766225568
0
0
1.271066772286538
0
0
0
0
0
0
0
0
0
0
0
0
0
0
0
0
0
0
0
0
0
0
0
0
0
0
1.2841316658596384
0
0
0
0
0
0
0
0
0
0.3010299956639812
0.5440680443502757
0
0
0
1.146128035678238
0
0
0
1.271066772286538
0
0
0
0
0
0.34415871427984174
0
0
0
1.146128035678238
0.33321467903538243
0
0
0
0
0
0
0
0.8450980400142568
0
0
0
0
0
0
0
0
0
0.24303804868629442
0
0
2.542133544573076
0
0
0
0
0
0
0
0
0
0
1.146128035678238
0
0
0
0
0
0
0
0
0.9388688521067429
4.341474094026657
0
0
0
0
0
0
0
0
0
0
0
0
0.584512142712952
0
0.9388688521067429
0
1.4471580313422192
0
0
0
0
0
0
0
0
0
0
0
0
0
0
1.9400735532451137
0
0
0
1.0492180226701815
0
0
0
3.496376054012401
0
0
0
0.06436936674280247
0
0
0
0
0
0
0
0
0
0.49291552190289434
0
0
0
0.3168242628472131
0
0
0
0
0
0
0
0
0
0
0
0
0
0
0
0
1.0492180226701815
0
0
0
0
0
0
0
0
0
0
0
0
0
0
0
0
0
1.9400735532451137
0
0
0
0
0
0
0
0
0
0
0
0
0
0
0
0
0
0
0.27106677228653797
0
0
0
0
0.7067953418479753
0.20084036889183965
0
0
0
0
0
0
0
0
0
0
0
0
0
0
0
0
0
0
0
0
0
0
0
0
0
0
0
0.9030899869919435
0.9030899869919435
0
0
0
0
1.0881360887005513
0
0
0
0
0
0
0
0
0
1.806179973983887
0
0
0
0
0
0
0
0
0
0
0
0
0
0
0
0.7291141460588833
0
0
0
0.0
0
0
0
0
0
0
0
0
0
0
0
0
0.36797678529459443
0
0
0
0
0.7481880270062005
0
0
0
0
0.7067953418479753
0
0
0
0
0
0
0
0
0
0
0.4057653461839942
0
0
0
0
0.6336485256944262
0
0
0
0
0
0
0.8450980400142568
0
0
0
0
0
0.31085804627034774
0
0
0
0
0
0
0
1.4582282921177665
0.38646019098860757
0.8943160626844384
0
0
0
0
0
0.6690067809585756
0
0
0
0
0
0
0
0.8420221519469512
0
0
0
1.2673443424868023
0
0
0
0
0
0
1.4787465657086831
0
1.0104265823363414
0
0
0
0
0
0
0
3.6747853940530066
0
1.4471580313422192
0
0
0
0
0.007825337511956526
0
0
0
0
8.73340069323563
0
0
0
0
0
0.9700367766225568
0
0
0
0
0
0
0
0
0
0
0
0
0
0
0
0
0
0
0
0
0
0.20532547338201446
0
0.3837710524778263
0
0
0
0
0
0
0
0
0
0
0
0
0
0
0
0
0
0
0.7359535705891889
0
0
0
0
1.2041199826559248
0
0
0
1.7481880270062005
0
0
0
0
0
0
0
0
0
0
0
0
0
0
0
0
0
0
0
0
0
0
0
0
0
0
1.9027340240980908
0
0
0
0
0
0
0
0
0
0
0
0
0
0
0
0
0
0
0
0
0
0
0
0
0
0
0
0
0
0
0
0
0
0
1.4582282921177665
0
5.720967679505192
0
1.806179973983887
0.9030899869919435
0
0
0
0
0
0
0
0
0
0.9858310438057887
0
0
0
0
0
0
0
0
0
0
0
0
0
0
0
0
0
0.7939455175668755
0
0
0
0
0
0
0
0
0.7939455175668755
14.382274657627953
0
0
0
0
0
0
0
0
0.9388688521067429
1.806179973983887
0
0
0
0
0
0
0
0
0
0
0
0
0
0
0
0
0
0
0
0.3142468399594024
0.6342446746993636
0
0
0
0
0
0
0.12873873348560494
0
0
0
0
0
0
0
0
0
0
0
0
0
0
0
0
0
0
0.5177391056279265
0
0
0.49291552190289434
0
1.9400735532451137
0
0
0
0
0
0
0
0
0
0.2896621503426111
0
2.4082399653118496
0
0
0
1.146128035678238
0
0
0
0
0
0
0
1.5350842099113051
0
0
0
0
0
0
0
0
0
0
0
0
0
0
0
0.5720967679505191
0
0.7939455175668755
1.0507440550024887
0
0
0
0
3.496376054012401
0
0
2.292256071356476
0
0
5.985504216049604
0
0
1.9400735532451137
0
0
0
0.5440680443502757
0
0
0.9700367766225568
0
0
0
0
0
0
0
0.6123599479677745
0
0
0
1.2568242062401556
0
0
0
2.8943160626844384
0
0
0
0
0
0
0
0
0
0
0
0
0
0
0
0
0
0
0
0
0
0
0
0
0.0
0
0
1.9027340240980908
0.6342446746993636
0
0
0
0
0
0
0
0.5149549339424198
0
0
0
0
0
0
0
1.496376054012401
0
0
0
0
0
2.879780847027287
0
0
0.20411998265592482
0
0
0
0.4259687322722811
0
0
0
0
0
0
0
0
0
0
0
0
0
0
0
0
0
0
0
0
0
0
0
0
0.43341821992789054
0
0.6020599913279624
0
0
0
0
0
0
0
0
0
0
0
0
0
0
0
0
0
0
0
0
0
0
0
0
0
0
0
0
0
0
0
0.33321467903538243
0
0
0
0
1.0492180226701815
0
0
0
0.21670910996394527
0.6020599913279624
0
0
0
2.217769839930492
0
0
0
0
34.73179275221326
1.7481880270062005
0
0
0.5720967679505191
0
0
0.7939455175668755
0
0
0
0
0
0
0
0
0
0
0
0
0
0
0
0
0
0
2.028826730919971
0
0
0
0
0
0
0
0
0
0
0
0
0
0
0
0
0
0
0
0
0
0
0
0
0
0
0
0.2857900291072444
0
0
0
0
0
0
0
0
0
0.7939455175668755
0
0
0
0
0
0
0
0
0
0
0
0
0.2562905859738791
1.0492180226701815
1.271066772286538
0
0
0
0
0
0
0
0
0
0
0
0
0
0
0
0
0
0.1968720906807266
0
3.496376054012401
1.7481880270062005
0
0
0
0
0
0
0
0
0
0
0
0
0
0
0
0
0
0
0
0
0
0
0
0
0
0
0
0
0
0
0.36797678529459443
0
0
0.6664293580707649
0
0
0
0
0
0
0
0.27106677228653797
0.7939455175668755
0
0.3837710524778263
0
0
0
1.496376054012401
0
0
0
0
0
0
0.0
0
0
0
1.0492180226701815
0.7067953418479753
0
0
0
0.8450980400142568
1.5350842099113051
0
0
0
0
0
0
0
0.6342446746993636
0
0
0
0
0
0
0
0
0
0
0
1.271066772286538
0
1.0492180226701815
0
0
0.6092677636239613
0
0
0
0
0
0
0
0
0
0
0
0
0
6.876768214069427
0
0
0
0
0
0
0
0
0
0
0
0
0
0
0
0
0
0
0
0
0
0
0
0
0
0
0
0.08607871263152178
0
0
0
0
1.7481880270062005
1.4471580313422192
0
0
0
1.7481880270062005
0
0
0
0
0.09497551323085675
0
0
0
0
0
0.9030899869919435
0
0
0
0
0
0
0
0
0
0
0
0
0
0
0
0
0
0.9030899869919435
0
0
4.341474094026657
0
0
2.572679235442834
0
0
0
0.7729203819772151
0
0
0
0
0
0
0
0
0
0
0
0.6690067809585756
0
0
0
0
0
0
0
0
0
0
0
0
0
5.244564081018601
0
0
0
0.33321467903538243
0
1.2779061968168433
0.05799194697768673
0
0
1.0492180226701815
0
0
0
0
0
0
0
1.4471580313422192
0
2.098436045340363
1.4471580313422192
0
0
0
0
0
0.30436067628193175
0
0
0
0
0
0
0
0
0
0
0
0
0.38646019098860757
0
3.83371859045053
1.2172960385519827
0.7939455175668755
0
0
0
0
0
1.4787465657086831
0
0
0
0
0
0
0
1.632204133050827
0.17998630293920545
0
0
0
0
0
0
0
0
0
0
0
0
0
0
0
0
0
0.13389357926122644
0
0
0
0
0
0
0
0
0
0
0
0
0
0
0
0
0
0
0
0
0.21670910996394527
0
0.05799194697768673
0
0
0
0
0
0
0
0
0
0.18953120619878258
0
0
0
0
0
0
0
0
0
0
0
0
1.2041199826559248
0
0
0
0
0
0
0
0
0
0
0.7067953418479753
0.5421335445730759
0
0
0
0
0
0
0
0
0.9858310438057887
0
0
1.146128035678238
0
0
0
0
0
0
0
0
0
0
0
0.93973214857089
0
1.6901960800285136
0
0
0
0
0
0
0
0.6020599913279624
0
0
0
0
0
0
2.5352941200427703
0.1571234199797012
4.896612399152481
0
0
0
0.7291141460588833
0
0
0
0
0
0
0
0
0
0
0
0
0
0
0
0
2.292256071356476
0
0
0
0
0
0
0
0
0
0
2.542133544573076
0
0
0
0
0
0
0.3142060515600389
0
0
1.146128035678238
0
0
0
0
0
0
0
0
0
0
0
1.7481880270062005
0.22967408712831291
0
0
0.047382801549695645
0
0
0
0
0
1.1593805729658226
0
0
0
0
0
0
0
0
0
0
0
0
0
0
0
0
0
0.7704789995157831
0.3249428072661127
0
0
0
0
0
0
0
0
0
0
0
0
0
0
0
0
0
0
0
0
0
0
0
0
0
0.1571234199797012
0
0
0
0
0
0
0
0
0
0
0
0.5720967679505191
0
0.6020599913279624
0
0
0
0
0
0
0
0.7609016907048294
0
0.8547796190777107
0
0
0
0
0
0
0
0
0
0
0
0
0
0
0
0
0
0
0
0.6020599913279624
0
0
0
0
0
0
0
0
0
0
0
0
0
0
0
0
0
0
0
0
0.6020599913279624
0
5.244564081018601
0
0
0
0
0
0
1.7481880270062005
0
1.839883926472972
0
0
0
1.9027340240980908
0
0
0
0.17998630293920545
0
0
0
1.7481880270062005
1.0492180226701815
0
0
0
14.449439791871097
0
0
0
0
0
0
0
0.2843249563578486
0
0
0
0
0
0
0
0.7481880270062005
0
0
0
0
0
0
0
0
0
0
0.8450980400142568
0
0
0
0
0
0
0
0
0
0
0
0.6020599913279624
0
0
0
0
0
0
0
0
0
0
0
0
0
0
0
0
0
0
0
0
0.6246936830414996
0
0
0
0
0
0.6020599913279624
0
0
0
0
0
0
0
0.268502542114942
0
0.7481880270062005
0
0
0
0
0.28492653969257026
0
0
0
0
0
0
0
0
1.4471580313422192
0
0.6342446746993636
0
0
0
1.0881360887005513
0
0.8450980400142568
0
1.4141107798173107
0
0
0
0
0
0
0
0
0.5720967679505191
0
0
0
0
0
0.9030899869919435
0
0.05477736258369568
0
0
0
0
0.6501273298918357
0
1.632204133050827
0
0
0
0
0
0
0
0.16092341685700617
0
0
0
0
0
0
0
0
0
0
0
0
0
0
0
0
0.8450980400142568
0
0
0
0
0
0
0
0
0
0.42715097662313184
0
0
0
0
0
0
0
0
0
0
0
0
0
0
0
0
0
0
0
0
0
0
0.8703082651979719
0
0
0.16092341685700617
0
0
0
0
0
0
0
0
0
0.7004960366683257
0
0.9030899869919435
0
0.5720967679505191
0
0
0
0
0
0
1.7481880270062005
0
3.7409401350310025
0
0
0
0
0
1.0492180226701815
0.9700367766225568
0
0
0
0
1.7481880270062005
0
0
0
0
0
0
0
0
0
0
0
0
0
0.0
0
0
0
0
0
0
0
0
0.13540417028646495
0
0.40617850908264086
0
0
0
0
0.6020599913279624
0
1.9992880742122945
0
1.7481880270062005
0
0
0
0
0
0
0
0.6284936799188048
0
0
0.5440680443502757
0
0
0
0
0
0
0
0
0
1.7481880270062005
0
0
0
0
0
0
0
0
0
0
0
0
0
0
0
1.4471580313422192
0.35024801833416286
0
0
0
0
0
0
0
0
0.8420221519469512
0
0
0
0
0
0
0
0
0
0
0
0
0
0
1.806179973983887
0
0.7067953418479753
8.127809882927492
0
0
0
0
0.33321467903538243
0
0
0
0
0
0
0
0
0.0
0
0
0
0
0
0
0
0
0
0
0
0
0.7067953418479753
0
0
1.271066772286538
0
0
0
0
0
0
0
0
0.3168242628472131
0
0
0
0
0
0
0
0
0
0
0
0
0
0
0
0.04782431481082273
0
0
1.0273053326877108
0
0
0
0
0
0
1.7481880270062005
0.6690067809585756
0
0
0.48741421089916903
0
0
0
0
0
0.0
0
0
0
0
0.1579426718323188
0
0
0
0
0
0
0
0
0
0
0
0
0
0
0
0
0
0.6342446746993636
1.9400735532451137
0
1.4471580313422192
0
0
0
0.2899597348884337
0
0
0
0
0
0
0
0
0
0
0
0
0
0
0
0
1.7481880270062005
0
0
0
0
0
0
0
0
0
0
0
0
0
0.7481880270062005
0
0
1.0492180226701815
0
0
0
0
0
0
0
0
0
0
0
1.2041199826559248
0
0
0
0
0
0
0
0
0
0
0
0
0
0
0
0
0
0
0
0
1.7481880270062005
0
0
0
0
0
1.4471580313422192
0
0
0
0
0
0
0
0
0
0.7481880270062005
0
0
2.5558123936336865
0
0
0
0.9700367766225568
0
0
0
0
0
0
1.806179973983887
0
0
0
0
0
0
0
0
0
0
0
0
0
0
0
0
1.0507440550024887
0
0
0.4471580313422192
0
0
0
0
0
0
1.4471580313422192
0
0
0
0
0
1.4471580313422192
0
0
1.0881360887005513
12.676470600213852
0
0
0.0
1.7481880270062005
0
0
2.600509319567343
0
0
1.146128035678238
0
0
0
0
0
0
0
0.9700367766225568
0
0
0
0
0
0
0
0
0
0
0
1.2672970513888524
0
0
0
0
0
0
0
0
0
0
0
0
0
0
0
0
0
0
0
0
0
0
0
0
0
0
0
0
0
0
0
0
0
0
0
0
0
0
0
0
0
0
0.8132003168596139
0
0
0
0
0
0
0
0
0
0
0
3.5339767092398766
0
1.0492180226701815
0
0
0
0
0
0
0
0
0
0
0
0
0
0
0
0
0
0
0
0
0
0
0
0.4259687322722811
1.271066772286538
0
0
0
0
0
0
0
0.3142060515600389
0
0
0
0.146128035678238
0
0
0
0
0
0.6020599913279624
0
1.4471580313422192
0
0
0
0
0
0
0
0
0
0
0
0
0
0
0
0
0
0.8450980400142568
0
0
0
0
0
0
0
0
0
0.9700367766225568
0
0
0
0
2.1762721774011027
0
0
0
0
0
0
0
0
0
0
0
0
0
0
0
0
0
0
0
0
1.7481880270062005
1.7481880270062005
0
0
0
0
0
0
0
0
0
0
0
0
0
0
0
0
0
0
0
0
0
0
0
0
0
0
0.22529278359980864
0
0
0
0.7939455175668755
0
0
1.587891035133751
0
0
0
0
0
0
2.8943160626844384
0
0
0
0
0
0
0
0
0
0
1.9027340240980908
0
0
0
3.1476540680105445
0
0
0
0
0
0
0
0
0
0
0.2857900291072444
0
0
0
2.9101103298676705
0.8573700873217331
0
0
0
0
0
0
0
0
0
0
0.49291552190289434
0
0
0
0.4259687322722811
0
0
0
0
0
0
0
0
0
0
0
0
0
0
0
0.4057653461839942
0
0
0
0
0.5720967679505191
0
0
0
0
0
0
0
0
0
0
0
0
0
0
0
0
0
0
0
0
0
0
0
0
0
0
0
0
0
0
0
0
0
0
0.8943160626844384
0
0
0
0
0
0
0
0
0
0
0.9858310438057887
0
0
0
0
0
0
0
0
0
0
0
0
0
0
0
0
0
0
0
0
0
0
0
0
0
0
0
0
0
0
0
0
0
1.7481880270062005
0
0
0
0
0
0
0
0.1434729444324682
0
0
0
0
0
0
0
1.7481880270062005
0.5440680443502757
0
0
0.6020599913279624
0
0
0
0
0
0
0
0
0
0
0
0
0
0
0
0
0
0
0
0.3368088607787805
0
0
0
0
0
0
0
0
0
0
0
0
0
0
0
0
0
0
0
1.0492180226701815
0
0
0
0
0
0
3.496376054012401
0
0
0
0
0
0
0
0
2.070956422511706
2.8943160626844384
0
0
0
0
0
0
0
0
0
0
0.4471580313422192
0
0
0
0
0
0
0
4.224909834480343
0
0
0
1.9992880742122945
0
0
0
0
0
0
0
0
0
0
0
0
0
0.49291552190289434
0.7481880270062005
0
0
0
0
0
0
0
0
1.7481880270062005
0
0
0
0
0
0
0
0
0
0
0
0
0
0
0
0
0
0
0
0
0
0
0
0
0
0
0
0
1.7481880270062005
1.7481880270062005
0
0
0
0.21670910996394527
0
0
0
0
0
0
0
0
0
0
0
0
0
0
0
0
0
0
0
0
0
0
0
0
0
0
0.3142468399594024
0
0
0
0
0
0
0
0
0
0
0
0
0
0
0
0
0
0
0
0
0
0
0
0
0
1.4471580313422192
0
0
0
0
0
0
0
3.8801471064902273
1.1441935359010382
0
0
0
0
0
0
0
0
0
0.015794267183231882
0
0.6123599479677745
0
0
0
0
0
0
0
0
0
0
0
0
0
0
0
0
0
0
0
0
0
0
0
0
0
0
0
0
0
0
0
0
0
0
0
0
0
0
0
0
0
0
0
2.2883870718020765
0
0
0.9700367766225568
0
0
0
0
0.7939455175668755
0
0
0
0
0
1.7038749290891244
0
0
0
0
0
0
0
0
0
0
0
1.0492180226701815
0
0
0
0
0
0
0
0
0
0
1.7481880270062005
0
0
0
0
0.9858310438057887
0.9700367766225568
0
0
0
0
0
0
0
0
0
0
0
0
0
0
0
0
0
0
0
0
0
0
0
0
0
0
0
0
0
0
0
0
1.7481880270062005
0
0
0
0
1.271066772286538
0
0
0
0
0
0.9030899869919435
0
0
0
0
0
0
0
0
0
0
0
0
0
0
0
0
0
0
0
1.7481880270062005
0
0
0
0
1.1441935359010382
0
0
0
0
0
0.8573700873217331
0
0.46862752741429253
0
0
0
0
0
0
0
0
0
0
0
0
0
0
0
0
0
0
0
0
0
0
0
0
0
0
0
0
0
0
0
0
0
0
0
0
1.146128035678238
0
0
0
0
0
0.49291552190289434
0
1.271066772286538
0
0
0.7939455175668755
0
0
0
0
0
0
0
0
0
0
0
0
0
0
0.5136526663438554
0
0
0
0
0
0
0
0
0
0
0
0
0
0
0
0
0
0
0
0
0
0
0.13389357926122644
0
0
0
0
0
5.219602785236958
0
0
0
0
0
0
0
0
0
0
0
0
0
0.6020599913279624
0
0
0
0
0
0
0
0
0
0
0
1.271066772286538
0
0
0
0
0
0
4.214419939295737
0.8543019532462637
0
1.1593805729658226
0
0
0
0
0
2.1762721774011027
0
0
0
0
0
2.292256071356476
0
0
0
0
0.22827050721144881
0
0
0
0
0
0
0
0
0
1.7481880270062005
0
0
0
0
0
0
2.8943160626844384
0
0
0
0
0
0
0
1.035478211255853
0
0
1.7481880270062005
0
0
0
0
0
0.9700367766225568
0
0
0
0
0
0
2.998932111318442
0
0
1.0492180226701815
0
0
0
0
0
0
0.5399589088176163
0
0
0
0
0
0
0
0
0
0
0.7481880270062005
0
0
0
0
0
0
0
0
0
0
0
0
0
0
0
0
0
0
0
0
0
0
0
0
0
0
0
2.098436045340363
0.4259687322722811
0.24303804868629442
0
0
0
0
0
0
0
0
0
0
0.8450980400142568
0
0
0
0
0
0
0
0
0
0
0
0
0
0
0
0
0
0
0
0
0
0
0
0.1579426718323188
0
0
1.6901960800285136
0
3.665361469389207
0
0
0
0
0
0
0
0
0
0
0
0
0
0
0
0
0
0.9700367766225568
0
0
0
0.16840443038939024
0
0
0
0.5715800582144888
0
0
0
0
0
0
0
1.7481880270062005
0
0
0
0
0
0
0
0
0
0
0
0
0
0
0
0
0.9858310438057887
0
0
0
0
0
0
0
0.33321467903538243
0
0
0
0
0
0
0
0.13389357926122644
0
0.6123599479677745
0
0
0
0
0
0
0
0
0
0
0
0.5177391056279265
0
0
0
0
0
1.146128035678238
0
0
0
0
0
0
0
0
0
0
0
0
0
0
0
0
0
1.7481880270062005
0
0
0
0
0
0
0
0
0
0
0
0
0
0
0.6342446746993636
0
0
0
0
0
0
0
0
0
0
0
0
0.2504108003826088
0
0
0
0
0
0
1.035478211255853
0
0
0
0
0
0
0
0
0
3.496376054012401
0
0
0
1.4471580313422192
0
0.42715097662313184
1.806179973983887
0
0
0
0
2.3471721302668573
0
0
0
0
0.8943160626844384
0
0
0
0
1.0492180226701815
1.271066772286538
0
0
0
0
0
0
0
0
0
0
0
0
1.7162903038515573
0.8943160626844384
0
0.34415871427984174
0
0
0
0
0.4471580313422192
0
0
0
0.5720967679505191
0
0
0
0
0
0
0
0
1.7481880270062005
0
0
0
0
0
0
0
0
0
0
0
0
0
0
0
0
0
0
0
0
0
0
0
0
0
0
0
0
0
0
0
0
0
0
0
0
0
0
0
0
0
0
0
1.4471580313422192
0
0
0.9721521947451777
0.48607609737258883
0
0
0
0
0.1252054001913044
0
1.587891035133751
0
0
0
0
0
0
1.7481880270062005
1.4471580313422192
1.2684893493987273
0.9030899869919435
0
0
0
0
0
0
0
0
0
0
1.0492180226701815
0
0
0
0
0
0
0
0
0
0
0
0
0
0
0
0
0.1899510264617135
0
0
0
0
0
0
0
0
0
0
0
0
0
0
0
0
0
0.6890222613849387
1.2041199826559248
0
0
0
0
0
0
0
0
0
0
0
0
0
0
0
0
0
0
0
0
0
0
0
0
0
2.542133544573076
0
0
0
1.146128035678238
0
0
0
0
0
0
0
0
0
0
0
0
0
0
0
0
1.7481880270062005
0
0
0
0
0
0
0
0.9030899869919435
0.7359535705891889
0
0
0
0
0
0
0
0
0
0
0
0
0
0
0
0
0
0
0
0
0
0
0
0
0
0
0.05799194697768673
0
0
0
0
0
0
0
0
0
0
0
0
0
0
0
1.4471580313422192
0
3.8132003168596142
0
0
0
0
0
0
0
0
0
0
0
0
0
0
0
0
0
0
0
0
0
0
0
0
0
0
0
0
0
0
0
1.7481880270062005
0
0.3010299956639812
0
0.28492653969257026
0
0
0
0
0
0
0
0
0
0.3655606581743768
1.5532173168837793
0
0
0
0
1.0492180226701815
0
0.9996440371061472
1.7162903038515573
0
1.496376054012401
0
0
0
0
0
0
0
0
0
0
0
0
0.4748775661542837
0
1.7481880270062005
2.292256071356476
0
0
0
0
0
0
0
0
0
0
0
0
0
0
4.341474094026657
0
0
0
0
0
0
0
0.8115306923679884
0.9700367766225568
0
0
0
0
0
0
0
0
0
0
0
0
0
0
0
0
0
0
0
0
0
0
0
0
0
0.7067953418479753
0.146128035678238
0
0
0
0
0
0
0
0
0
0
0
0
0.8450980400142568
0
0.6115089840566235
0.602521106675519
0
0
0
0.0
0
0
0
0
2.630304642208284
0
0
0
0.023476012535869575
0
0
0.2527082749317101
0
0
0
0.379902052923427
0
0.6959033637322408
0
0
0
0.3937441813614532
0
0.9333558177706358
0
0
5.410442673840506
1.9716620876115774
0
0.7609016907048294
0
0
4.214419939295737
0.7067953418479753
0
0
0
0
0
0
1.7481880270062005
0.0
0
0
0
0
0
0.11956078702705682
0
0.7481880270062005
0
1.4135906836959506
0.3599726058784109
0
0
0
0
0
0
0.43341821992789054
0
0
0
0
0
0
0
0
0.06694678963061322
0
0
0
0
0
0
0
0
0
0
0
0.03912668755978263
0
0
0
1.7481880270062005
0
0
1.2041199826559248
0
0
0.1899510264617135
0
0
0
0
1.2684893493987273
0
0
0
0
0
0
0
0
0
0
0
0
0
2.4345920771039653
0
2.5558123936336865
0
0
0
0
0
0
0
0
0
0
0
0
0
0
1.3414740940266576
0
1.146128035678238
0
0
0
0
0
0
0
0
1.4471580313422192
0
0
0
0
0
0
0
0.17086039064925274
0
0
0
0
0
0
0
0
0
0
0
0
0
0
0
0
0
0
0
0
0
0
0
0
0
0
0
0
0
0
0
0
0
0
0
0
0
0
0
0
0
0
1.3414740940266576
0
0
0
0
0
0.7067953418479753
0
0
0
0.2857900291072444
0
0
0
6.992752108024802
0
0
0
0
0
0
0
1.271066772286538
0
0
0.7067953418479753
1.2814529298693955
0
0
0
0
0
0
0
0
0
0
0
0
0
0
5.244564081018601
0
0
1.146128035678238
0.5177391056279265
0
0
0
0
0
0
0
0
0
0
0
0.6336485256944262
0
0
0
0
0
0.0313013500478261
0
0
0
0
0
0
0
0
0
0
5.915686280099798
0
0
0
0
0
0
0
0
0
0
0.40594362884380714
0
0
0
0
0
0
0
1.4083032781601144
0
0
0
0
0
0
0
0
0
1.7481880270062005
0
0
3.175782070267502
0
0
0
0
0
0
1.146128035678238
0
0
0
0
0
0
0
0
0
0
0
0
0
0
0
0.08123570181652817
2.244564081018601
0
0
0
0
0
0
0
0
0
0
0
0
0
0
0
0
0
0
0
0
0
0
0
0
0
1.0492180226701815
0
0
0
0
0
1.271066772286538
0
0
0.5440680443502757
0
1.4471580313422192
0
1.7481880270062005
0
0
0
0
0
0
1.271066772286538
0
0
0
0
0
0
0
0
0
0
0
0
0
0
0
0
0
0
0
0
0
0
0
2.542133544573076
0
0
0
0
0
0
0
0
0
0
0
0
0
0
0
0
0
0
0
0
0
0
0
0
0
0
1.749142312516199
0
0
3.2461227694719534
0
0
0
0
0
0
0
1.806179973983887
0
0
0
0
0
0
0
0
0
0
0
0
0
0
0
0
0
0
0
0
0
0
0
0
0
0
0
0
0
0
0
0
0
0
0
0
0
0
0.9858310438057887
0
0
0
0
0
0
0.37481620982489977
0
0
0
0
0
0
0
1.3195720182274506
0
0
0
0
0
0
0
0.5440680443502757
0
0
0
0
0
0
0
1.271066772286538
0.584512142712952
0
0.28429680929817386
0.6690067809585756
0
0.6020599913279624
0
0
0
0
0
0
0
0
0
0
0
0
0
0
0
0
3.175782070267502
0
0
0
0
0
0
0
0
0
0
0
0
0
0
0
0
0.5980113672723846
0
0
0.9700367766225568
0
0
0
0
0
0
0
0
0.5177391056279265
0
0
0
0
0
0
0
0
0
0
0
0
0
0
0
1.2841316658596384
0
0
0
0
0
0.46943442605337143
1.868421141780148
0
0
0
0
1.0842670891461519
1.7481880270062005
0.6217160925406955
0.7939455175668755
0
2.5369786987974545
0
0.8859244080632698
0
1.46128035678238
0
0
0
0.46943442605337143
0.8124250217187897
0.43341821992789054
0
0.3837710524778263
0
0.0
0
0
0.27106677228653797
0
1.0492180226701815
0
0
0.49291552190289434
0
0.3142468399594024
0
0
0
0
0
0
1.0492180226701815
0
0
0
0
0.0
0
0
0
0
0
0
1.0998639398579084
0
0
5.244564081018601
0
0
0
1.4471580313422192
0
0
0
0
1.9400735532451137
0.0
0
0
0
0
1.3414740940266576
0
1.271066772286538
0
0
0
0
7.145509658101879
0
0
1.4787465657086831
0
1.0507440550024887
0
0.10473535052001297
0.42715097662313184
0.7939455175668755
0
0
0
0
0
0.16247140363305634
0
0
0
0
0
0
0
0.36797678529459443
0
0
0.4997549464331997
0
0
0
0
0
0
2.292256071356476
0
0
0
1.035478211255853
0
0
0
0
0
0
0
0
0
0
0.24370710544958452
0
0
0
0
0
0
0
0
0
0
0
0
0.5177391056279265
0
0.9030899869919435
0.9030899869919435
0.4225682256456524
0
0
0
0
0
0.21670910996394527
0
0
0.16247140363305634
4.141912845023412
0
0
0
0
0
0.38646019098860757
0
0
0
0.0984360453403633
0
0
0
0
0
0
0
0
1.7481880270062005
