2.106915203916512
0
2.6374299206152916
0
0
0
0
0
0
0
0
0
0
0
0
0
0
0
0
0
0
0
0
0
0
0
0
0
0
0
0
0
0
0
0
0
0
0
0
0
0
0
0
0
0
0
0
0
0
0
0
0
0
0
0
0
0
0
0
0
2.106915203916512
0
0
0
0
0
0
0
0
0
0
0
0
0
0
0
0
0
0
0
0
0
0
0
0
0
0
0
0
3.807354922057604
0
0
0
0
0
0
0
0
0
0
0
0
0
0
0
0
0
0
0
0
0
0
0
1.5594274086140185
0
0
0
0
0
0
0
0
0
1.7198920808072646
0
0
0
0
0
0
0
0
0
0
0
0
2.6374299206152916
0
0
0
0
0
0
0
0
0
0
0
0
0
0
0
0
0
0
0
0
0
0
0
0
0
1.1634987322828796
0
0
0
0
0
0
0
0
0
0
0
0
0
0
0
0
0
3.4854268271702415
3.4854268271702415
0
0
0
0
0
0
0
0
0
4.222392421336448
0
2.6374299206152916
0
0
0
0
0
0
5.807354922057604
0
0
0
0
0
0
0
0
0
0
0
0
0
0
0
0
0
0
0
0
0
0
0
0
0
1.2837929660005913
0
0
0
0
0
0
0
0
0
0
0
0.9493739269300321
0
0
0
0
2.222392421336448
2.807354922057604
0
3.807354922057604
0
0
0
0
0
0
0
0
0
0
0
0
0
0
0
0
0
0
0
0
0
0
1.8073549220576042
2.6374299206152916
0
0
0
0
0
0
0
0
0
0
4.807354922057604
0
0
2.222392421336448
0
0
0
0
0
0
0
0
0
0
0
0
0
0
0
0
2.347923303420307
0
0
0
0
2.106915203916512
0
2.106915203916512
0
0
0
0
0
0
0
0
0
0
0
0
0
0
0
0
0
0
0
0
0
0
0
0
0
0
0
0
0
2.222392421336448
0
0
0
0
0
0
0
0
0
0
0
0
0
0
0
0
0
0
0
0
0
0
0
2.347923303420307
0
0
0
0
0
0
0
1.3479233034203069
0
0
0
0.3971723374720246
0
3.222392421336448
0
5.807354922057604
0
0
0
0
0
0
0
0
0
0
0
0
0
0
0
0
0.7198920808072646
0
0
0
0
1.9004643264490857
0
0
2.807354922057604
0
0
0
0
0
0
0
0
0
0
2.0
0
0
0
0
0
0
0
0
0
0
0
0
0
0
0
0
0
0
0
0
0
0
0
0
0
0
0
0
0
0
0
0
0
0
1.456280481510725
0
0
0
0
0
0
0
3.4854268271702415
0
0
0
0
0
0
0
0
0
0
0
0
0
0
0
0
0
0
0
0
0
0
0
0
0
0
0
0
0
0
0
3.4397841616145293
0
0
0
0
12.917678752921665
7.797137043070093
0.16349873228287956
0
0
0
0.31773786997761966
0
0.5979015564286544
3.2748598412305836
0
0
0.8531586116707288
0
0
0
0
0
0
0
0
0
0
0
0
2.807354922057604
0
0
0
0
0
0
0
0
0
0
0
0
0
0
0
0
0
0
0
0
0
0
0
0
0
0
1.5594274086140185
0
2.6374299206152916
0
0
0
0
0
0
0
0
0.2599520853294435
0
0
0
0
0
0
0.8531586116707288
0
0
0
0
0
0.0
0
0.23395687679649918
0
0
0
0
0
0
0
0
0
0.05199041706588871
0
0
0
0
0
0
0
0
0
0
0
0
0
0
0
3.222392421336448
0
0
0
0
0
0
0
0
0.9465054771837882
0
0
0
0
0
0
0
0
0
0
0
0
0
0
0
0
0
0
0
0
0
0
0
0
2.0
0
0
3.490496196848639
0
0
0
2.6374299206152916
0
0
0
0
0
0
0
0
0
0
0
0
0
0
0
0
0
0
4.807354922057604
0
0
0
0.6780719051126377
0
0
0
0
0
0
0
0
0
0
0
0
0
0
0
0
0
0
0
0
0
0
0
3.222392421336448
0
0
0
0
0
0
0
0
0
0
0
4.222392421336448
0
0
0
0
0
0
0
0
0
0
0
0
3.807354922057604
0
0
0
0
8.889569685345792
0
0
0
0
0
0
0
0
0
0
0
0
4.807354922057604
0
0
0
0
0
0
0
0
0
0
0
0
0
0
0
0
0
0
0
0
0
0
0
0
0
0
0
2.4854268271702415
0
0
0
0
0
0
0
0
0
0
0
0
0
0
0
0
0
0
0
0
0
0
3.4854268271702415
0
0
0
0
0
0
0
0
0
0
0
0
0
0
0.2698591601722173
0
0
0
0
0
0
0
0
0
0
0
0
0
0
0
0
0
0
0
0
2.9708536543404835
0
0
0
0
1.5594274086140185
0
0
0
0
0
0
4.807354922057604
0
0
0
0
0
0
0
0
0
0
0
0
0
0
0
0
0
0
0
0
0
0
0
0
0
0
0
4.807354922057604
0
0
0.48542682717024166
2.444784842672896
0
0
0
0
0
0
0.5771416188354903
0.16349873228287956
0
0
0
1.222392421336448
0
0
0
0
0
0
0
1.5594274086140185
0
0.5219527031953558
0
0
0
2.2138304078330235
0
0
0
0
0
0
0
0
5.807354922057604
0
0
0
0
0
0
3.4854268271702415
0
0
0
0
0
0
0
0
0
0
0
0
1.0524674198941355
0
0
0
4.807354922057604
0
0
0
0
2.347923303420307
0
0
0
0
0
0
0.8073549220576041
0
0.8531586116707288
0
0
1.118854817228037
1.3561438102252754
0
0
0
0
0
0
0
0
1.6374299206152918
6.0
0
0
0
0
0
0
0
0
0
0
3.4854268271702415
0
0
0
0
0
0
0
0
0
8.444784842672895
0
0
0
0
0
0
0
4.807354922057604
0
0
0
0
0
0
0
0
0
3.222392421336448
0
0
0
0
0
0
0
0
2.0
0
0
0
0
0
0
0
0
0
2.6374299206152916
0
0
0
0
0
0
0.41503749927884376
0
0
0
0
0
0
0
0
0
0
0
1.5594274086140185
0
0
0
0
0
0
0
0
0
0
0
0
0
0
0
0
0
0
0
0
0
1.2837929660005913
0
0
0
0
0
0
0
0
0
0
0
0
0
0
0
0
0
0
0
0
0
0
0
0.5055321407599334
0
0
0
0
0
0
7.04376991026092
0
0
0
0
0
0
4.0
0
0
0
0
0
0
0
0
0
0
1.6374299206152918
0
0
0
0
0
1.4397841616145293
0
0
0
2.222392421336448
0
0
0
0
0
0
0
0
0
0
0
0
0
0
1.702757796003548
0
0
0
0
0
0.0
0
0
0
0.0
0
0.7198920808072646
0
0
0
0
1.8987478538600642
0
0
0
0
0
1.1432705020665188
0
0
0
0
0
4.222392421336448
0
0
0
0
0
0
2.8795683232290585
0
0
0
0
0
0
0
0
0
0
0
0
0
0
0
0
0
0
0
0
0
0
0
0
0
0
6.320745611749536
0
0
0
0
0
0
0
1.4854268271702418
0
0
0
0
0
0
0
0
0
0
0
0
0
0
0
0
0
0
0
3.222392421336448
0
0
0
0
0
0
0
0
0
0
0
0
0
0
0
0
0.8300749985576875
0
0
2.106915203916512
0
0
0
0
0
0
0
0
0
0
0
0
2.0
0
0
1.556746949355136
0
0
0
0
0
0
0
3.222392421336448
0
0
0
0
0
0
0
12.667177264009343
0
2.4854268271702415
0
0
0
0
0
0
0
0
0
0
0
3.807354922057604
0
0
0
0
0
0
0
0
0
1.3479233034203069
0
0
2.208512780095506
3.2748598412305836
1.118854817228037
0
0
0
1.577509128639647
0
0
4.444784842672896
0
0
0
0
0
0
0
0
0
3.807354922057604
0
0
3.222392421336448
0
0
0
0
0
0
0
0
1.577509128639647
0
0
0
3.0331928445596
0
9.502321632245428
0
0
0
0
0
0
0
0
0
0
0
4.209869679576542
0
0
0
0
0
0
0
0
0
0
3.807354922057604
0
0
4.807354922057604
0
0
0
0.3971723374720246
0
0
0
0
0
1.6374299206152918
0
0
0
0
0
0
0
0
0
0
0
0
0
0
0
0
0
0
0
0
0
0
0
0
0
0
0
0
0
0
0
0
0
0
4.444784842672896
0
0
0
0
0
0
0
0
0
0
0
0
0
0
0
0
0
0
0
0
0
0
0
0
0
0
0
0
0
0
0
3.0
0
0
0
0
0
0
0
0
0
0
0
0
0
1.556746949355136
0
0
2.549719682461167
0
0
0
0
0
0
0
0
0
0
0
0
0
0
0
0
0
0
0
0
0
0
0
0
0
0
0
0
0
0
5.807354922057604
0
0
0
0
0
0
2.6374299206152916
0
0
0
0
0
0
0
0
3.0
0
0
0
0
0
0
0
0
0
0
0
0
0
0
0
0
0
0
3.807354922057604
0
0
0
0
0
0
0.5594274086140185
2.2138304078330235
0
0
0
4.222392421336448
0
0
0
0
0
0
0
0
0
0
0
0
0
0
0
0
0
0
0
0
0
0
0
0
0
3.222392421336448
0
0
0
0
0
0
0
0
0
0
0
0
0
0
0
2.4854268271702415
0
0
0
2.4854268271702415
0
0
0
0
0
0
0
0
0
0
0
0
0
0
0
5.807354922057604
0
0
0
0
0
0
0
0
0
0
0
0
0
0
0
0
0
0
0
0
0
0
0.8531586116707288
0
0
0
0.8531586116707288
0
1.0437699102609204
0
3.4854268271702415
0
0
0
0
0
0
0.3119425023953323
0
0
0
0
0
0
0
0
0
0
0
0
0
0
0
0
0
0
0
0
0
0
0
0
1.7063172233414576
0
0
2.106915203916512
8.444784842672895
0
0
0
0
0
8.427660815666048
0
1.2451124978365313
0
0
0.8531586116707288
0
0
4.807354922057604
0
0
0
0
0
0
0
0
0
0
0
0
0
0
0
0
0
0
0
0
0
0
0
0
0
0
0
0
0
0
0
0
0
0
2.807354922057604
0
0
0
1.3561438102252754
0
0
0
0
0
0
0
3.222392421336448
3.807354922057604
0
0
0.8073549220576041
0
0
0
0
0
0
0
0
0
1.4854268271702418
0
0
0
0
0
0
0
0
0
0
0
0
0
0
0
0.4047887402583259
0
0
0
0
0
0
0
0
0
0
0.7582982111399
3.222392421336448
0
0
0
0
1.3479233034203069
0
0
0
0
0
0
4.04376991026092
0
0
0
0
0
0
0
0
0
0
0
0
0
0
5.807354922057604
0
0
0
0
0
0
0
0
0
0
0
0
0
0
0
0
3.807354922057604
0
0
0
0
0
0
0
0
0
0
0
0
0
0
0
0
4.807354922057604
0
0
1.2837929660005913
0
0
0
4.807354922057604
0
0
0
0
0
0
0
5.807354922057604
0
0
0
0
0
3.222392421336448
0
0
0
0
0
0
0
0
0
2.347923303420307
0
0
0
0
0
0
0
4.0
1.1634987322828796
1.5594274086140185
5.807354922057604
0
0
0
0
0
0
0
0
0
0
0
0
0
0
0
0
0
0
0
0
0
0
0
0
0
0
0
4.807354922057604
0
0
0
0
0
0
0
0
0
0
0
0
0
0
0
0
0
5.807354922057604
0
0
0
0
0
0
0
0
0
0
0
0
0
1.2837929660005913
0
0
2.347923303420307
0
0
0
0
0
0
0
0
0
0
0
0
0
0
0
0
4.695846606840614
0
0
0
0
0
0
0
0
0
0
0
0
0
0
0
0
0
0
2.5594758350121865
0
0
2.807354922057604
0
0
0
0
0
0
0
0
0
0
0
0
0
0
0
0
0
0
0
3.807354922057604
0
0
0
0
0
0
0
2.106915203916512
0
0
0
0
0
0
0
0
1.1958031128573088
1.1634987322828796
0
0
0
0
0
0
0
0
0
0
0
0
2.4854268271702415
0
0
0
0
0
0
0
0
0
0
0
0
0
0
0
0
0
0
0
0
0
0
0
0
0
0
0
0
0
0
0
0
0
0
0
0
0
0
0
0
0
0
0
0
0
0
0
0
0
0
0
0
0
2.106915203916512
0
0
5.807354922057604
1.2837929660005913
0
0
0
0
0
0.6958466068406136
0
0
0
0
0
0
0
0
0
0
0
0
0
0
1.8987478538600642
0
0
0.5979015564286544
0.4498029174395205
0
0
0
0
0
0
0
4.222392421336448
0
0
0
0
4.222392421336448
0
0
0.6671772640093441
0
0
0
0
0
0
0
0
0
0
0
0
0
4.209869679576542
0
3.4854268271702415
3.222392421336448
0
0
0
0
2.6374299206152916
4.222392421336448
0
0
0
0
0
0
0
0.9004643264490856
0
0
0
0
0
0
0
0
0
0
0
0
0
0
0
0
0
0
0
0
0
0
0
0
0
0
0
3.222392421336448
0
0
1.0
0
0
0
0
0
0
0
0
5.807354922057604
0
0
0
0
0
0
0
3.2294196882304163
0
0
0
0
0
0
0
0
2.4854268271702415
0
0
0
0
0
0
0
0
0
0
0
0
0
0
0
0
0
5.807354922057604
0
0
0
0
0
0
0
0
0
0
0
0
0
0
4.222392421336448
0
0
0
0
0
0
0
0.41503749927884376
0
0
0
0
0
0
0
0
0
0
0
0
0
1.4854268271702418
3.4854268271702415
0
0
0
0
0
0
2.6374299206152916
0
0
0
4.222392421336448
0
0
3.807354922057604
0
0
0
4.807354922057604
0
0
0
11.614709844115207
0
0
0
0
0
0
3.4854268271702415
0
0
0
0
0
0
0
0
0
0.4498029174395205
0
0
0
1.5259216053983014
4.222392421336448
0
0
0
0
0
0
0
0
0
0
0
0
0
1.222392421336448
0
0
0
0
0
0
0
1.4150374992788437
0
0
0
0
0
0
0
0
0
2.347923303420307
0
0
0
0
0
2.222392421336448
0
0
0
0
0
0
0
2.807354922057604
0
0
2.6374299206152916
0
0
0
2.6374299206152916
0
0
0
0
0
0
0
0
0
0
0
0
0
0
0
0
0
1.0524674198941355
0
0
0
0
0
0
0
0
0
0
0
0
0
0.28379296600059134
0
0
0
0
0
0.5055321407599334
0
0
0
0.23395687679649918
0
0
0
1.0524674198941355
0
1.2837929660005913
0
0
0
0
3.0
2.0
0
0
0
0
0
0
0
0
0
0
0
0
0
0
0
0
0
0
0
0
0
6.444784842672896
0
0
0
0
2.5675859320011827
0
0
0
0
0
0
0
0
0
0
0
0
0
0
0
4.222392421336448
0
0
0
0
0
0
0
0
0
0
0
0
0
0
0
0
0
0
0
0
0
0
0
0
0
0
0
0
0
0
0
0
0
0
2.807354922057604
0
0
0
0
0
0
0
0
0
0
0
0
0
0
0
0
0
0
0
0
1.3479233034203069
0
0
0
0
0.8531586116707288
0
0.9493739269300321
0
0
0
0
4.854268271702416
2.104934839788271
0
2.0
0
0
4.222392421336448
0
0
2.4854268271702415
0
0
0
0
0
0
0
0
0.38109016735550627
0
0
5.807354922057604
0
0
0
0
0
0
0
0
0
0
0
0
0
0
0
0
0
0
0
0.8073549220576041
0
0
0
0
0
0
0.899605834879041
0
0
0
0
0
0
0
0
0
0
0
0
0
0
0
0
0
0
0
0
0
0
0
0
0
0
2.4854268271702415
0
0
0
0
0
0
0
0
0
0
0
0
0
0
0
2.6958466068406137
0
2.9708536543404835
0
0
0
3.222392421336448
3.4854268271702415
0
0
0
0
0
0
0
0
0
0
0.21383040783302376
0
0
0
0
0
0
0
0
0
0
0
0
0
0
2.222392421336448
0
0
0
0
0
5.807354922057604
0
0
0
0
0
0
0
0
0
0
0
0
0
0
0
0
0
0
0
0
4.807354922057604
0
0
0
0
0
0
0
0
0
0
0
0
0
0
0
0
0
0
0
0
0
0
0
0
0
0
0
0
0
0
2.347923303420307
0.44478484267289603
0
0
4.807354922057604
0
5.807354922057604
0
0
0
0
0
0
0
0
0
0
0
0
0
0
0
0
0
0
0
0
0
0
3.0
0
0
0
0
0
0
0
0
0
0
0
0
0
0
0
0
0
0
0
0
0
0
4.807354922057604
1.4150374992788437
0
0
0
0
0
4.807354922057604
0
0
0
0
0
0.0
0
0
0
0
0
0
0
0
0
0
0
0
0
0
0
0
0
4.970853654340483
0
0
0
5.807354922057604
2.347923303420307
0
2.2490145871976024
0
0
0
0
1.8073549220576042
0
0
0
1.3479233034203069
0
0
0
0
0
0
0
0
0
0
0
0
0
0
0
0
0
0.4766068049664295
0.8531586116707288
0
0
0
0
0
0
1.6147098441152081
1.2837929660005913
0
0
5.807354922057604
5.807354922057604
0
2.0
0
0
0
0
0
0
0
0
1.118854817228037
3.4397841616145293
0
0
0
0
0
0
0
0
0
0
0
1.118854817228037
0
0
0
0
0
0
0
0
0
0
0
0
0
0
0.07798562559883307
0
0
0
0
0
0
0
0
0
0
0
0
0
0
0
0
0
0
0
0
0
2.4854268271702415
0
0
0
0
0
4.222392421336448
0
0
0
0
0.6296090387296258
0
2.549719682461167
0
0
0
0
0
0
0
0
0
0
0
0
0
0
0
0
0
5.807354922057604
1.222392421336448
0
2.0
0
0
0
0
0
0
0
0
0
0
0
0
0
0
0
0
0
0
0
0
0
0
0
0
0
0
0
0
0
0
0
0
0
0
0
0
0
0
0
0
0
0
0
0
0
0
0
0
1.4854268271702418
0
0
0
0
0
0
0
0
0
0
0
0
0
0
0
0
0
0
0
0.8073549220576041
0
1.9004643264490857
0
0
0
0
0
0
0
0
0
0
0
0
3.2748598412305836
0
2.6374299206152916
0
0
0
0
0
0
0
0
0
0
0
0
0
0
0
2.6374299206152916
0
0
0
0
0
0
0
0
0
0
0
0
0
0
0
0
5.159676242421794
0
0
2.0
0
0
0
3.4854268271702415
0
0
0
0
0
0
0
0
0
0
0
0
2.4854268271702415
0
0
1.0439054063907116
0
3.222392421336448
0
0
0
0
0
0.4276608156660475
0
0
0
0
0
0
0
0
0
0
0
0
0
0
0
0
0
0
1.7198920808072646
0
0
1.6374299206152918
0
0
0
0
3.807354922057604
0
0
0
0
0
0
0.7484064274155832
0
0
0
0
0
0
0
0
0
0
3.0
0
5.807354922057604
1.2748598412305836
0
0
0
5.807354922057604
0
0
0
2.712287620450551
0
0
0
0
0
0
0
0
0
0
1.1634987322828796
0
0
0
0
0
0
1.4150374992788437
0
0
0
0
0
0
0
0
0
0
0
0
0
0
0
0
0
0
13.941707308680966
0
1.8073549220576042
0
0
0
0
0.3479233034203068
0
0
0
0
0
0
0
0
0
0
0
0
4.222392421336448
0
0
0
1.2837929660005913
0
0
0
0
0
0
0
0
0
0
0
0.0
0
0
0
0
0
0
0
0
0
0
0
0.6414912234990713
0
0
0
0
0
0
5.807354922057604
0
1.9122897618458754
0
0
0
0
4.185310895000581
0
0
1.3561438102252754
0
0
0
0
0
0
0
0
0
0
0
0
2.0751874963942187
0
0
0
0
0
0
0
0
0
0
0
0
0
0
0
0
0
0
0
0
0
0
0
0
0
0
0
0
0
0
0
0
0
0
0
0
0
0
0
3.807354922057604
0
0
0
0
0
0
1.4397841616145293
1.2451124978365313
0
0
0
0
0
0
0
0
0
0
0
4.0
0
0
0
0
0
0
0
0
0
0
0
0
0
0
0
2.6374299206152916
0
0
0
0
0
0
0
0
0
0
0
0
0
0
0
0
0
0
5.3916932136812274
0
5.807354922057604
0
0
0
0
0
0
6.102647146013739
4.807354922057604
0
0
0
0
0
0
0
0
0
0
0
0
0
0
0
0
2.807354922057604
0.9493739269300321
0
0
0
0
0
0
0
0
0
0
4.807354922057604
0
0
0
0
0
0
0
0
0
0
0
0.28379296600059134
0
0
0
0
0
0
0
0
0
0
0
0
0
0
0
0
0
0
0
1.144491125980157
0
0
0
0
0
0
0
0
0
0
0
0
0
3.0
0
3.807354922057604
0
0
0
4.970853654340483
0
0
0
0
0
0
0
0
0
0
0
0
0
0
0
0
1.1069152039165118
0
0
0
0
0
0
0
0.9004643264490856
0
0
0
0
0
0
0
0
0
0
0
8.556746949355137
0
0.0
0
0
0
0
0
0
0
0
0
0.6374299206152918
0
0
0
0
0
0
0
2.106915203916512
0
0
0
0
0
0
0
0
0
0
0
0
0
0
0
0
2.1588732813777383
0
0
0
0
0
0
0
0
0
0
0
0
0
0
2.0
0
0
0
0
0
0
0
0
0
0
0
0
0
0
0
0
0
0
0
0
0
4.807354922057604
0
0
0
0
0.12997604266472176
0
1.9417073086809666
0
0
0
0
0
0
0
0
0
0
0
0
0.9465054771837882
0
0
0
0
0
0
0
0
0
0
0
0
0
0
0
0
0
2.347923303420307
0
0
0
0
0
0
0
0
0
0
0
0
0
0
0
0
0
0
0
0
0
0
0
0
0
0
0
0
0
0
0
0
0
0
0
0
0
0
0
0
0
0
0
0
0
0
0
0
0
0
0
0
0
0
0
0
0
0
0
0
0
0
0
0
0
0
0
0
2.0221285630397334
0
0
0
0
0
0
0
0
0
0
0
0
0
3.118854817228037
0
0
0
0
0
0
0
0
0
0
0
0
0
1.5594274086140185
0
0
1.8073549220576042
1.1958031128573088
0
0
0
0
0
0
0
0
0
0
5.807354922057604
0
0
0
0
0
0
0.8895696853457921
0
0
0
0
0
0
0
0
0
0
0
0
0
0
0
0
2.6374299206152916
1.2837929660005913
0
0
1.4397841616145293
0
0.38529015588479165
0
0
0
0
2.347923303420307
0
2.807354922057604
3.0
0
0.05246741989413548
0
0
0
3.4854268271702415
0
0
0
0
0
0
0
3.0
2.0
0
0
0
0
0
0
4.807354922057604
0
0
0
0
0.9004643264490856
0
0
0
0
0
0
0
0
1.6374299206152918
2.106915203916512
0
0
0
0
0
0
0
0.8531586116707288
0
0
0
0
0
0.28379296600059134
0
0
0
5.807354922057604
0
0
0
0
0
1.0
0
0
0
0
0
0
0
0.5219527031953558
0
0
0
0
0
0
0
0
0
0
0
0
0
0
0.9493739269300321
0
0
0
2.0
0
3.807354922057604
0
0
0
3.807354922057604
0
0
0
0
0
0
0
0
0
0
0
0
0
0
1.0437699102609204
0
0
0
0
2.106915203916512
2.347923303420307
0
0
0
0
0
0
0
0
0
1.5259216053983014
0
0
0.20986967957654193
5.807354922057604
2.5594758350121865
0
0
0
0
0
0
0
0
0
0
0
0
0
0
0
0
0
0
0
0
0
0.8531586116707288
0.2698591601722173
0
0
0
0
0
0
3.807354922057604
0
0
0
0
0
0
0
2.222392421336448
0
0
0
0
0
0
0
0
0
0
2.087810812781423
0
0
0
0
0
0
0
0
0
0
0
0
0
0
0
2.807354922057604
0
0
0
5.807354922057604
0
1.0110642815198667
0
0.6310036514558588
0
2.6374299206152916
0
0
0
0
0
0
0
0
0
0
0
0
0
0
0
0
0
0
0
0
1.0
0
0
0
0
0
0
0
0
0
0
3.807354922057604
0
0
0
0
0
0
2.0
0
0
0
0
0
0
0
0
0
0
2.444784842672896
0
0
0
0
5.807354922057604
0
0
2.989507782143272
0
0
0
0
0
0
0
0
0
0
0
0
0
0
0
0
0
0
0
0
0
0
0
0
0
0
0
0
0
0
0
0
0
0
0
0
0
0
5.807354922057604
0
0
0
0
0
0
0
0
0
1.5594274086140185
0
2.807354922057604
0
0
0
0
0
0
0
0
0
0
0
0
0
0
0
0
0
1.2451124978365313
0
0
0
0
0
0
0
0
0
0
0
0
0
0.5771416188354903
0
0
0
0
0
0
0
0
0
0
0
0
5.807354922057604
0
0
0
0
2.106915203916512
0
1.4150374992788437
0
1.8073549220576042
0
0
0
1.5658581095860673
0
0
0
0
0
0
0
0
1.9004643264490857
0
0
0
0
0
0
1.3494087523185616
0.3899281279941653
0
0
0
0
2.159676242421794
0
0
0
0
0
0
0
0
0
0.32074561174953564
1.0439054063907116
0
0
0
0
0
0
0
0
0
0
0
0
0
0
0
0
0
1.4397841616145293
0
0
0
0
0
5.807354922057604
0
0.5675859320011827
0
0
0
0
0
0
0
0
0
0
0
0
0
3.6147098441152083
0
0
0
0
0
0
0
0
0.8895696853457921
0
0
1.0691520391651188
0
0
0
0
0
0
0
0
0
0
0
0
0
0
0
0
0
0
0
0
0
0
0
0
0
0
0
0
0
3.222392421336448
0
0
0
0
0
0
0
0
0
0
0
0
0
0
0
0
4.245112497836531
0
0.0
0
1.1958031128573088
0
0
0
0
0
0
0
0
0.6746479004305432
0
0
0
0
0
4.807354922057604
0
0
0
0
0
0
0
0
0
0
0.5219527031953558
0
0.5979015564286544
1.8073549220576042
0
0
4.807354922057604
0
0
0
0
0
0
0
0
0
0
0
0
0
0
0
0
0
0
0
0
0
0
0
1.1634987322828796
0
0
0
0
1.5594274086140185
0
3.4854268271702415
0
1.118854817228037
0
0
0
0
0
0
0
0
0
0
3.807354922057604
0
0
0
0
0
0
0
0
0
0
0
1.1069152039165118
0
0
0
0
0
0
0
0
0.0
0
0
0
0
0
0
0
0
0
0.5560412724608343
0
0
2.347923303420307
1.2748598412305836
0
4.222392421336448
0
0
2.807354922057604
0
0
0
0
2.8481217807900965
1.0524674198941355
0
3.0
0
7.614709844115208
0
0
0
0
0
0
0
4.807354922057604
4.222392421336448
0
0
0.3971723374720246
0
0
1.7063172233414576
0
0
0.7629608026991507
0
0
0
0
0
0
0
0.13492958008610864
0
0
0
0
0
0.0
0
0
3.4854268271702415
0
0.20986967957654193
0
0
0
0
0
0
0
0
0
0
0
0
0
0
0
0
0
2.106915203916512
0
0
0
0
0
0
0.38529015588479165
0
0
0
0
0
0
0
0
0
0
0
0
0
0
0
0
0
0
0
0
0
0
0
0
0
0
0
0
0
0
0
0
0.8073549220576041
0
0
0
0
0
0
0
0
0
0
0
0
0
0
0
0
0
0
0
0
0
0
0
0
0
0
0
0
0
0
0
0
0
0
0
0
0
0
1.2837929660005913
0
0
0
0.38109016735550627
0
0
0
0
0
0
0
0
0
2.8300749985576874
0
0
0
3.222392421336448
3.807354922057604
0
0.7629608026991507
0
0
0
2.0
0
4.807354922057604
0
0
0
0
0
0
0
0
0
0
0
0
0
0
0
0
0
0
2.807354922057604
0
1.3479233034203069
0
0
0
0
0
0
0
0
0
0
0
0
1.8073549220576042
0
0
0
0.0
0
0
0
3.599460404036323
0
0
0
0
0
0
0
0
0
0
0
0
0
0
0
0
0
0
0
0
0
0
0
0
0
0
0
0
0
0
0
4.807354922057604
0
0
0
3.0
0
0
0
0
0
0
0
0
1.0
0
0
0
0
2.347923303420307
0
5.807354922057604
0
0
0
0
0
0
0
0
4.807354922057604
0
4.222392421336448
5.807354922057604
0
0
0
0
0
0
0
1.11196210668224
1.7198920808072646
0
0
0
0
2.347923303420307
0
0
0
0
0
0
0
0
0
0
0
0
0
2.222392421336448
0
0
0
0
0
0
0
0
0
0
0
0
0
0
0
0
0
6.11196210668224
0
0
1.3916932136812272
0
0
0
0.48542682717024166
0
0
0
1.2748598412305836
2.0
0
0
0
0
0
3.2748598412305836
0
0
0
3.4854268271702415
0
2.807354922057604
0
0
0
0
0
3.807354922057604
1.9004643264490857
0
2.807354922057604
0
0
0
0
0
3.6147098441152083
0
0
0
0
0
2.549719682461167
0
0
0
0
0
0
0
0
0
0
0
0
0
0
0
0
0
0
0
0
0
0
0
0
0
4.222392421336448
0
5.807354922057604
0
4.807354922057604
0
0
2.347923303420307
0
0
0
0
0
0
0
0
0
0
0
7.614709844115208
0
0
0
0
0
0
0.21383040783302376
0
0
0
0
0
5.807354922057604
0
0
0
0
0
0
0
0
0
0
0
0
0
0
0
0
0
0
0
0
0
0
0
0
0
2.347923303420307
0
0
0
0
3.2748598412305836
2.347923303420307
0
0.9493739269300321
3.222392421336448
0
0
0
0.9493739269300321
0
0
0
0
0
0
0
0
0
0
1.6374299206152918
0
0
0
1.4150374992788437
0
0
0
0
0
0
0
0
0
0
0
0
0
0
0
0
0
0
0
0
1.9004643264490857
0
0
0
5.422064766172813
2.6374299206152916
0
0
0
0
0
0
0
4.807354922057604
0
4.807354922057604
0
0
0
2.807354922057604
0
0
2.6374299206152916
3.807354922057604
0
0
2.347923303420307
0
0
0
0
0
0
0
2.6958466068406137
0
0
0
0
2.4854268271702415
0
0
0
0
0
0
0
0
3.807354922057604
0
0
0.8531586116707288
0
0
0
0
0
0
0
1.118854817228037
0
0
0
0
0
0
0
0
0
0
0
0
0
0
0
0
0
0
0
0
0
0
0
0
4.970853654340483
0
0
2.6374299206152916
0.31773786997761966
0
2.0
0
0
0
0
0
0
0
0
0
0
0
0
0
2.347923303420307
0
0
0
0
4.807354922057604
0
0
0
0
0
0
0
0
0
0
0.5594274086140185
0
0
0
0
0
0
0
0
3.4397841616145293
3.0
0
0
0
0
0
0
0
0
0
0
0
0
0
0
0
0
0
0
0
0
0
0
0
0
0
0
0
0
0
0
1.8073549220576042
0
0
0
0
0
0
0
0
0
0
0
4.222392421336448
0
0
3.118854817228037
0
0
0
0
0
0
0
0
0.4498029174395205
7.601857305796343
0
0
0
0
0
0
0
0
0
4.222392421336448
0
0
4.970853654340483
0
0
0
0
0
0
0
0
0
0
0
0
0
0
0
0
0
0
0
0
0
0
5.807354922057604
0
0
0
0
0
0
0
2.222392421336448
0
0
0
0
0
0
0
2.159676242421794
0
0
0
2.5594758350121865
0
0
0
0
0
0
0
0
0
0
3.4397841616145293
0
1.5594274086140185
0
0
0
0
0
0
0
0
0
1.0439054063907116
0
0
0
0
0
0
0
5.807354922057604
0
2.347923303420307
0
0
0
0
0
0
0
0
0
0
0
0
0
0
0
0
0
0
0
0
0
0
0
0
3.8009286528981714
5.807354922057604
0
0
0
0
0
0
0
0
0.05246741989413548
0
0
0
0
0
0
0
2.347923303420307
0
0
0
0
0
0
0
0
0
0
0
4.222392421336448
0
0
0
0
0
4.807354922057604
0
0
0
0
5.807354922057604
0
0
0.7629608026991507
0
0
0
0
0
0.6780719051126377
0
0
0
0
0
0
0
0
0
0
0
4.695846606840614
0
0
0
2.6374299206152916
0
0
0
1.4150374992788437
0
0
0
0
0
0
0
0
0
0
0
0
0
4.807354922057604
0
0
0
0
0
0
0
0
0
0
0
0
0
0
0
0
0
0
0
0
0
0
0
0
1.8073549220576042
0
1.9004643264490857
0
0
0
0
0
1.4854268271702418
0
0
0
0
0
0
0
0
0
0
0
0
0
0
0
0
0
0
0
0
0
0
0
0
0
0
0
0
0
0
0
9.614709844115207
0
0
0
0
0
0
3.0
0
0
0
0
5.807354922057604
0.8531586116707288
0
0
0
0
0
0
0
0
0
0
0
0.9493739269300321
0
1.3343545280186881
0
0
0
0
0
0
0
0
0
0
0
0
0
0
2.6958466068406137
0
0
4.0
0
4.807354922057604
0
0
0
0
0
0
0
0
0
0
0
0
0
0
0
0
0
0
0
0
0
0
0
0
0
0
0
0
0
3.807354922057604
0
0
0
0
0
0
0
3.320745611749535
0
0
2.326997464565759
0
0
0
3.222392421336448
0
0
0
1.4854268271702418
2.807354922057604
0
0
0
0
0
0
0
0
3.222392421336448
0
0
0
0
0
0
0.44478484267289603
0
0
0
1.6147098441152081
0
0
0
0
0
0
0
0
0
0
0
0
0
3.3979877901916917
0
0
0
0
0
0
0
0
0
0
0
0
0
0
0
0
0
0.5594274086140185
2.807354922057604
2.106915203916512
0
0.28379296600059134
0
0
0
0
0
0
0
0
0
0
0
0
0
3.807354922057604
0
0
0
0
2.2748946334197
0
0
0
0
0
0
0
0
0
0
0
0
0
0
0
0
0
0
0
0
0
0
0
3.807354922057604
0
0
0
0
0
1.0
0
0
0
0
0
0
0
0
0
0.6310036514558588
1.1069152039165118
0
0
0
1.4854268271702418
0
0
0
0
0
0
0
0
0
0
0
0
0
0
0
0
0
0
0
0
0
0
0
0
0
0
0
0
0
0
0
0
0
0
0
0
0
0
0
0
0
0
0
0
0
0
0
0
0
4.444784842672896
0
0
0
0
0
0
0
2.807354922057604
0
0
0
0
0
0
0
0
0
0
0
0
0
0
0
0
0
0
0
0
0
0
0
0.3148045193648129
0
0
0
0
1.1069152039165118
0
0
0
0
1.3479233034203069
0
0
0
0
0
0
0
0
2.106915203916512
0
1.3479233034203069
0
0
0
0
1.222392421336448
0
0
0
0
0
0
0
0
0
0
0
0
0
1.8073549220576042
0
0
0
0
0
0
0
0
0
0
0
0
0
0
0
0
0
0
0
0
0
0
0
2.2138304078330235
0
0
0
0
0
0
0
0.6671772640093441
0
0
0
0
0
0
0
0
0
0
0
0
0
0
0
3.222392421336448
0
0
0
0
0
0
0
4.807354922057604
0
0
0
0
0
0
0
0
0
0
0
0
0
0
0
0
0
0
0
0
0
0
0
0
2.422064766172812
5.807354922057604
0
0
0
0
0
0
0
0
0
0
0
0
0
0
0
0.2599520853294435
0
0
0
0
2.6374299206152916
0
0
0
0
0
0
0
0
0
0
0
0
0
1.7198920808072646
0
0
0
0
0
0
0
0
0
0
0
0
0
0
0
0
0
0
0
0
0
0
0
0
0
0
0
0
0
0
0
0
0
0
0
0
0.38109016735550627
0
0
0
0
0
0
0
0
3.8009286528981714
0
1.1634987322828796
0
0
0
0
2.6374299206152916
0
0
0
0
0
0
0
0
0
0
0
0
0
0
0
0
0
0
0
0
0
0
4.807354922057604
0
0
0
0
0
0
0
0
0
0
0
0
0
0
0
0
0
0
0
0
0
0
0
0
0
0
0
0
0
0
0
0.12997604266472176
0
0
0
0
0
0
0
0
0
0
0
0
0
0
0
0
0
0
5.807354922057604
0
0
0
0
0
0
2.347923303420307
0
0
0
0
4.807354922057604
0
0
0
0
3.807354922057604
0
0
0
0.6310036514558588
0
0
0
0
0
0
0
0
0
0
0
0
0
0
0
0
0
3.0518432107966027
0
0
0
0
0
0
0
0
0
3.0
0
0
0
0
0
0
0
0
0
0
0
0
0
0
0
0
0
0
0
0
0
0
0
0
0
0
0
0
0
1.222392421336448
0
5.807354922057604
0
0
0
0
0
0
0
0
0
0
0
0
1.8073549220576042
3.0
0
0
0
0
0
0
1.222392421336448
0
0
0
0
0
0
0
0
0
0
0
0
0
0
0
0
0
0
0
0
0.5779352338271875
0
0
0
0
0
0
0
0
0
0
0
0
0
0
2.6374299206152916
0
0
0
0
0
0
0
0
0
0
0
0
2.807354922057604
5.807354922057604
0
0
0
0
0
0
0
0
0
0
0
0
0
0
0
0
0
4.807354922057604
0
0
0
0
2.0
0
2.524014605823435
0
0
0
0
0
0
0
0
0
0.2698591601722173
0
0
0
0
0
0
0
1.1069152039165118
0
0
0
0
0
0
0
0
0
0
0
0
0
3.807354922057604
0
2.524014605823435
4.222392421336448
0
0
3.222392421336448
0
2.4854268271702415
0
0
0
0
0
0
0
0
0
0
0
0
0
0
0
0
0
0
0
2.6958466068406137
0
0
0
0
0
0
0
0
0
0
0
0
0
0
0
0
0
0
0
0
0
0
0
0
0
0
0
0.48542682717024166
0
0
0
0
0
5.807354922057604
0
0
0
0
0
0
0
0
0.21383040783302376
0
0
0
0
0.0
0
0
0
0
0
5.807354922057604
0
1.7198920808072646
0.2859472938623879
0
0
0.15740225968240645
0
0
0
0.9465054771837882
0
1.5411606235391666
0
0
0
0.16349873228287956
0
1.0691520391651188
0
0
0
4.912289761845876
0
0.5055321407599334
0
0
0
4.695846606840614
0
0
0
0
0
0
0
0.0
0
0
0
0
0
0.07943446749440491
0
0
0
0
1.1958031128573088
0
0
0
0
0
0
0.7198920808072646
0
0
0
0
0
0
0
0
0.22239242133644802
0
0
0
0
0
0
0
0
0
0
0
0.23395687679649918
0
0
0
0
0
0
6.0
0
0
1.2620073029117176
0.13492958008610864
0
0
0
4.213830407833024
0
0
0
0
0
0
0
0
2.347923303420307
0
0
0
1.4397841616145293
1.3479233034203069
0
0
0
0
0
0
0
0
0
0
0
0
0
0
0
0
0
0
0
0
0
0
0
0
0
0
0
0
3.0
0
0
0
0
0
0
1.1351718640023654
0
0
0
0
0
0
0
0
0
0
0
4.222392421336448
0
0
3.807354922057604
0
0
0
0
0
0
0
0
0
0
0
2.106915203916512
0
0
0
0
0
0
0
0
0
0
0
0
0
0
0
0
0
0
0
0
0
14.08753982052184
0
0
0
1.8987478538600642
0
0
0
0
0
0
0
0
0
0
0
0
0
0
0
0.5675859320011827
0
0
0
3.0
0
0
0
0
0
0
0
0
0
0
0
0
0.9004643264490856
0
0
0
0
0
0
0
0
0
0
0
0
0
2.104934839788271
0
5.807354922057604
0
0
0
0.18196645973061049
0
0
0
0
0
0
3.807354922057604
0
0
0
0
0
0
0
0
0
0
0
0
0
0
0.7705803117695833
0
0
0
0
0
0
0
0
0
0
0
0
0
0
0
0
0
0
0
0
0
5.807354922057604
0
0
0
0
0
0
0
0
0
0
0
0
0
0
0
0
0
0
0
0
0
0.2698591601722173
0
0
0
3.222392421336448
0
0
0
0
0
2.106915203916512
0
0
0
0
0
0
0
0
0
0
0
0
0
0
0
0
0
0
0
0
0
0
0
3.807354922057604
0
0
0
0
0
0
0
0
0
0
0
5.807354922057604
0
0
0
0
0
3.807354922057604
5.807354922057604
0
0
0
0
0.8531586116707288
0
0
0
0
0
0
0
0
0
0
0
0
0
0
0
0
0
0
0
0
0
0
0
0
0
0
0
0
0
0
0
0
0
0
0
0
0
0
0
0.41503749927884376
0
0
0
0
0
0
0
0
0
0
0
0
0
1.4854268271702418
0
0
0
0
0
0
0
0
0
0
0
2.807354922057604
0
4.222392421336448
0
0
0.8531586116707288
1.6374299206152918
0
0
0
0
2.807354922057604
0
1.7198920808072646
0
3.4854268271702415
0
0
0
0
5.274859841230583
0
0
4.807354922057604
0
0
0
0
0
0
0
1.2451124978365313
0
0.9004643264490856
0
0
0
0
0
0.10691520391651188
0
0
2.444784842672896
0
0
0
0
3.6147098441152083
0
0
0
0
1.4854268271702418
0
0
0
0.9708536543404833
0
0.41973935915308386
2.222392421336448
0
5.0
0
0
0
0
4.807354922057604
0
0
0
0
0
0
0
0
0
0
2.91256096302145
0
0
0
4.807354922057604
3.222392421336448
0
0
0
0
0
2.222392421336448
0
0
0
0
0
0
0
0
0
0
0
0
0
0
0
0
0
0
0
0
0
0
0
0
0
0
0
0
0
0
0
0
0
2.4854268271702415
0
0
0
0
0
0
0
0
0
0
0
0
0
0
0.15886893498880983
0
0
0
0
0.16349873228287956
0
0
0
0
0
1.5594274086140185
1.3494087523185616
0
0
0
0
0.0
0
0
0
0
0
0
0
0
5.614709844115208
0
0
0
0
0
0
0
0
0
0
0
0
0.0
0
0
0
0
0
0
0
0
0
0
0
0
0
0
0
0
0
0
0
0.0
0
0
0
0
2.9708536543404835
0
0
0
0
0
0
0
0
0
0
0
1.1634987322828796
0
0.3479233034203068
0.851378898001774
2.6374299206152916
1.799211669758082
0
0
0
0
0.6746479004305432
0
0
0
0
0
1.1634987322828796
0
0
0
0
0.8300749985576875
0
0
0
0
0
0
0
0
0
0
1.7198920808072646
0
0
0
0
0
0
0
0
0
0
0.5397183203444346
0
0
0
0
0
0
0
0
0
0
0
0
3.4397841616145293
0
2.0
0
0.18196645973061049
0
0
0
0
0
0.7198920808072646
0
0
0.8174936614143978
0
0
0
0
1.9004643264490857
0
0
0
0
0
0
0
