0
0
0
0
0
0
0
0
0
0
0
0
0
0
0
0
0
0
5.807354922057604
0
0
0
0
5.807354922057604
0
0
0
0
0
0
0
0
4.222392421336448
0
0
5.807354922057604
0
0
0
0
0
0
0
0
0
0
0
0
0
0
0
0
0
0
0
0
0
0
0
5.807354922057604
0
0
0
0
0
0
0
0
0
0
0
0
4.807354922057604
0
0
0
0
0
0
0
0
0
0
0
0
0
1.2837929660005913
0
4.444784842672896
0
4.222392421336448
0
0
0
0
0
0
0
0
0
0
0
0
0
0
0
0
0
0
0
0
0
0
0
0
0
0
0
0
0
0
0
0
0
0
0
0
0
0
0
0
0
0
0
0
0
2.6374299206152916
0
0
0
0
0
0
0
0
0
0
0
0
0
0
0
0
0
0
0
0
0
0
0
0
0
1.1634987322828796
0
0
3.4854268271702415
0
0
0
4.222392421336448
0
0
0
0
2.807354922057604
0
0
0
4.222392421336448
0
0
0
0
0
0
0
0
0
0
0
0
0
0
0
0
0
0
0
0
0
0
0
0
0
0
0
0
0
0
0
0
0
0
0
0
0
0
0
0
0
0
0
0
1.1069152039165118
0
1.6374299206152918
0
0
0
0
3.807354922057604
0
0
0
0
0
0
0
0.9493739269300321
0
0
0
0
0
0
0
0
0
0
0
0
0
0
0
0
0
0
0
0
3.807354922057604
0
0
0
0
0
0
0
0
0
0
0
0
0
0
0
0
0
0
0
0
0
0
0
0
0
0
0
0
0
0
0
0
0
0
0
0
0
1.8073549220576042
0
0
0
0
0
0
0
0
2.106915203916512
0
0
0
0
0
0
0
0
0
0
0
0
0
0
0
0
0
0
0
0
0
0
0
0
0
0
0
0
0
0
0
0
0
0
0
0
0
0
0
0
0
0
3.222392421336448
0
0
0
0
0
0
0
0
0
0
0
0
0
5.807354922057604
0
0
0
0
0
0
1.3479233034203069
3.807354922057604
0
0
0.7149102074496443
0
3.222392421336448
0
0
0
0
0
4.695846606840614
0
3.222392421336448
4.222392421336448
0
0
0
0
0
3.4854268271702415
0
1.0
0
0
0
0
0
0
1.9004643264490857
0
0
0
0
0
0
0
0
0
0
0
0
0
0
0
0
0
4.807354922057604
0
0
0
3.187149603076459
0
0
0
0
0
0
2.106915203916512
0
0
0
0
0
0
0
0
0
0
0
0
0
0
0
0
0
0
0
0.48542682717024166
0
0
0
0
0
0
0
0
6.444784842672896
0
0
0
3.807354922057604
0
0
0
0
0
0
0
0
0
0
0
0
0
0
0
0
0
0
0
0
0
0
0
0
0
0
0
0
2.222392421336448
0
0
1.6147098441152081
0
0.3269974645657591
0
0
0
0.953213609932859
0
2.989507782143272
0
0
0
1.7063172233414576
3.4854268271702415
0
0
0
0
1.222392421336448
0
0
2.222392421336448
0
0
0
0
0
0
0
0
0
0
0
0
0
0
0
0
3.2748598412305836
0
0
0
0
0
0
0
0
0
0
0
0
0
0
1.4150374992788437
0
0
0
0
1.7198920808072646
2.4854268271702415
1.8073549220576042
0
8.0
0.20796166826355483
0
0
0
0
0
1.1634987322828796
1.7063172233414576
0
6.444784842672896
0
0
0.9004643264490856
0.0
0
0.441918545060054
2.807354922057604
0
0
0
3.222392421336448
8.427660815666048
2.0
0
0
0.18196645973061049
0
0
0
0
0
0
0
0
0
0
0
0
4.807354922057604
0
0
0
0
0
0
8.444784842672895
0
0
0
0
0.6310036514558588
0
2.347923303420307
0
0
0
0
0
0
0
0
0
0
4.807354922057604
0
0
0
0
0
5.807354922057604
0
0.4498029174395205
0
0
0
2.0
0.7629608026991507
0
1.1634987322828796
0
0
0
0
0
0
0
0
0
0
0
0
0
0
0
0
0
0
0
0
0
0
0
0
0
0
0.6780719051126377
4.222392421336448
0
0
0
0
0
0
0
0
3.222392421336448
2.807354922057604
0
0
0
2.347923303420307
0
0
0
0
0
0
0
0
0
0
0
0
0
0
0
0
0
0
0
0
0
0
0
0
0
0
0
0
0
0
0
0
0
0
0
0
0.9493739269300321
4.970853654340483
2.222392421336448
0
0
0
0
0
0
0
0
0
0
0
0
0
0
0
0
0
0
0
0
0
0
0
0
0
0
0
0
0
0
0
4.245112497836531
0
0
0
0
0
0
0
0
0
0
0
0
0
0
0
0
0
0
0
0
0
0
0
0
0
0
0
0
0
0
0
0
0
0
0
0
0
0
0
0
0
0
0
0
0
0
0.9445070606027605
0
0
0
3.4854268271702415
0
0
0
0
1.222392421336448
0
0
0
0
0
0
0
0
0
2.222392421336448
0
0
0
0
0
0
3.118854817228037
0
0
0
0
0
4.807354922057604
0
0
0
0
0
0
0
0
0
0
0
0
0
0
0
0
0
0
0
0
0
0
0
0
0
0
0
0
0
0
3.222392421336448
2.91256096302145
2.444784842672896
0
0
4.807354922057604
0
0
0
0.41973935915308386
0.6539949291315182
0
0
0
0
0
2.4854268271702415
0
0
0
0
0
0
3.807354922057604
2.087810812781423
0
1.2837929660005913
0
2.2138304078330235
0
0
0
9.614709844115207
0
0
0
0
0
0
0
0
0
0
0
3.4854268271702415
0
0
0
0
0
0
0
0
6.444784842672896
0
0
0
2.104934839788271
0
0
0
0
6.0
1.660149997115375
0
1.3479233034203069
2.347923303420307
0
0
0
0
0
0
4.03677461028802
2.8300749985576874
1.7063172233414576
0
0
3.9159918602981296
2.034215715337913
0
0
0
0
0
0
0
3.0
0
0
0
4.807354922057604
0
0
0
0
0
0
0
0
0
0
0
0
0
0
0
0
0
0
0
0
0
0
0
0
0
0
0
4.807354922057604
5.807354922057604
0
0
0
0
0
0
0
3.222392421336448
0
0
4.807354922057604
0
0
0
0
0
2.0
0
0
0
0
0
0
0
0
0
10.549719682461166
0
0
0
0
0
0
1.2451124978365313
0
0
0
0
0
0
0
0
0
5.807354922057604
0
0
6.970853654340483
0
0
0
0
0
0
2.222392421336448
0
0
0
0
0
0
0
4.807354922057604
0
0
0
0
0
0
0
0
0
0
5.807354922057604
0
0
5.807354922057604
0
0
0
1.4150374992788437
0
0
0
0
0
0
0
0
0
0
0
1.2638303518998333
2.347923303420307
0
0
0
0
0
0
0
0
0
4.807354922057604
0
3.807354922057604
0
17.42206476617281
0
0
0
5.807354922057604
0
0
0
0
0
0
0
0
0
0
0
0.7198920808072646
0
2.222392421336448
0
6.667177264009345
0
0
0
0
0
0
0
3.222392421336448
0
0
0
0
0
0
1.702757796003548
0
0
0
0
0
0.0
0
0
0
0.0
0
0.7198920808072646
0
0
0
0
0
1.0524674198941355
0
0
0
0
0.7621803347110125
0
0
0
0
3.4854268271702415
0
0
0
0
2.0
0
0
2.8795683232290585
0
0
3.4854268271702415
0
0
0
0
0
0
0
0
0
0
0
0
0
0.7198920808072646
0
4.444784842672896
0
0
0
0
0
0
0
0
0
0
0
0
0
0
0
0
0
0
0
0
6.0
5.807354922057604
0
0
0
0
0
0
0
0
0
0
0
0
0
0
2.807354922057604
2.807354922057604
0
0
0
0
0
0
0
0
0
0
0
0
0
0
0.41503749927884376
0
0
0
5.807354922057604
0
0
0
0
0
0
0
0
0
0
0
0
0
5.0
1.3343545280186881
0
3.4854268271702415
0
0
0
0
0
0
0
0
0
0
0
0
0
0
0
0
0
0
0
0
0
2.807354922057604
0
0
0
0
0
0
0
0
0
0
0
0
0
0
0
0
0
0
0.9465054771837882
0
4.475419268912148
0
4.807354922057604
0
0.6310036514558588
3.807354922057604
0
0
0
0
0
4.807354922057604
0
0
0
0
0
0
0
0
0
0
0
0
0
0
0
0
0
0.3155018257279294
0
0
0
1.2638303518998333
0
1.9004643264490857
0
0
0
3.4854268271702415
0
0
0
0
0
0
0
3.1574022596824065
0
0
0
0
0
0
0
0
0
0
0
0
0
0
0
0
0
3.892288907225841
0
0
0
5.807354922057604
0
0
0
0
0
0
0
0
0
0
0
0
0
0
0
0
0
0
0
0
0
0
0
0
0
0
0
0
0
0
0
0
0
0
0
0
0
0
0
0
0
0
0
0
0
0
0
0
0
0
0
0
0
0
0
0
0.8174936614143978
0
0
0
0
1.2837929660005913
0
0
0
0
0
0
3.0
0
0
3.222392421336448
0
0
0
0.6780719051126377
0
0
0
0
0
4.807354922057604
0.44478484267289603
0
0
2.549719682461167
0
0
0
0
0
0
3.222392421336448
4.807354922057604
0
0
0
0
0
0
0
0
0
2.222392421336448
0
2.4854268271702415
0
0
0
0
0
0
0
0
0
0
0
0
0
0
0
0
0
0
6.0
0
0
0
0
0
0
0
0
0
0
0
0
0
0
0
0
0
0
0
0
0
0
0
0
0
0
0
0
0
0
0
4.807354922057604
0
0
1.1069152039165118
0
0
0
0
0
3.4854268271702415
0
0
0
0
0
0
0
0
0
0
0
0
0
0
0
0
0
0
0
0
0
0.8073549220576041
0
3.222392421336448
0
0
0
0
0
0
0
0
0
0
0
0
0
0
0
0
0
0
3.807354922057604
0
0
0
0
0
0
0
0
0
3.1574022596824065
0
0
0
0
0
0
0
0
3.0
0
0
0
0
0
5.807354922057604
0
0
0
0
0
0
0
0
0
2.0
0
0
0
0
1.7063172233414576
3.4854268271702415
0
0
0.8531586116707288
0
1.0437699102609204
1.6374299206152918
0
0
0
0
0
5.807354922057604
0
0.5718945877247757
0
0
0
0
0
0
0
0
1.0
0
2.222392421336448
0
0
0
3.8009286528981714
0
0
0
0
0
0
0
0
0
1.7063172233414576
1.6374299206152918
0
2.106915203916512
0
0
0
0
5.807354922057604
0
0
0
0.8300749985576875
0
0
0.8531586116707288
0
0
0
0
0
4.222392421336448
0
0
5.807354922057604
0
0
0
0
0
0
0
0
0
0
0
0
0
0
0
0
3.4854268271702415
0
0
0
0
0
0
0
0
0
0
2.222392421336448
0
0
0
0
0
0
0
0
0
0
0
0
0
0
0
0
0.8073549220576041
0
0
0
0
0
5.807354922057604
0
0
2.6374299206152916
1.4854268271702418
0
4.222392421336448
0
5.807354922057604
0
0
0
0
4.222392421336448
0
0
0
0
0
0
0.5397183203444346
0
0
5.807354922057604
0
0
0
0
0
0
3.4854268271702415
1.5165964222798
0
5.807354922057604
0
0
0
6.739616517101535
0
0
0
0
0
0
0
0
0
0
0
0
0
0
0
0
3.807354922057604
3.4854268271702415
0
0
0
0
3.2748598412305836
0
0
0
0
0
0
0
0
0
0
0
0
0
0
0
0
0
0
0
0
3.222392421336448
0
0
0
0
0
0
0
0
0
0
0
0
0
0
1.2837929660005913
0
0
0
0
0
0
0
0
0
0
0
0
0
0
0
0
0
0
4.245112497836531
0
0
4.807354922057604
0
0
0
0
0
0
0
0
0
0
0
0
0
0
1.1634987322828796
0
0
0
0
0
0
0
0
0
3.807354922057604
0
0
0
4.462009444307043
5.807354922057604
0
0
0
0
0
0
0
0
0
0
0
0
0
0
0
0
0
0
0
0
0
0
0
0
0
0
0
0
0
0
0
0
0
0
0
0
0
0
0
3.0
0
0
0
3.4854268271702415
0
0
1.2837929660005913
1.0524674198941355
0
0
0
1.4854268271702418
0
0
0
0
0
0
0
0
0
0
0
0
5.807354922057604
0
0
0
0
0
0
0
0
0
3.807354922057604
0
0
0
0
0
0
0
0
0
0
0.8531586116707288
0
5.274859841230583
0
0
1.2837929660005913
0
0
0
0
0
0
2.6374299206152916
0
3.807354922057604
0
0
0
0
0
0
0
0
0
0
0
0
0
0
0
0
0
0
0
0
0
0
0
0
0
1.1958031128573088
4.653994929131518
0
0
0
0
5.807354922057604
0
0
0
0
0
0
0
0
0
0
0
0
0
0
0
4.222392421336448
0
0
0
0
0
0
0
0
0
0
0
0
0
0
0
0
0
0
0
0
4.807354922057604
0
0
0
0
0
0
0
0
0
0
0
0
0
0
0
0
0
0
0
0
0
0
0
0
0
3.0
0
0
1.2837929660005913
2.444784842672896
0
2.444784842672896
0
0
1.0437699102609204
0
0
0
0
4.222392421336448
0
0
0
0
0
0
0
0
3.0
0
0
0
1.1958031128573088
1.3494087523185616
2.4854268271702415
0
0
0
0
0
0
0
0
0
0
0
0
0
0
0.44478484267289603
0
0
0
0
0
0
0
0
0
0
0
0
0
1.0524674198941355
0
0
3.222392421336448
0
0
0
0
2.6374299206152916
0
0
0
0
0
0
0
0
0
0
0
4.807354922057604
0
0
0
0
0
1.4854268271702418
0
0
0
0
0
0
0
0
0
1.3479233034203069
0
0
4.807354922057604
0
0
0
10.456280481510724
0
0
2.6374299206152916
0
3.0
5.807354922057604
0
0
0
0
0
0.9708536543404833
0
0
0
0
3.1574022596824065
0
0
0
0
0
0
0
0
3.807354922057604
0
0
0
0
4.970853654340483
5.807354922057604
0
0
0
0
0
0
0
0
0
0
0
0
0
0
3.2748598412305836
0
0
4.209869679576542
0
0
0
0
0
0
0
0
0
0
0
0
0
0
0
0
0
1.2837929660005913
0
0
0
2.0751874963942187
0
0
0
0
0
0
0
0
0
0
0
0
0
0
0
0
0
0
0
0
0
2.6374299206152916
0
0
0
0
0
0
0
0
0
0
0
0
0
0
0
5.807354922057604
0
0
0.6671772640093441
0
0
0
0
0
0
0
0
0
0
0
2.444784842672896
0.4498029174395205
0
0
0
1.5259216053983014
0
0
0
0
0
0
0
0
0
0
0
0
0
3.807354922057604
0
3.807354922057604
0
0
0
0
0
5.807354922057604
0
0
0
3.222392421336448
0
0
0
0
2.9708536543404835
0
2.347923303420307
0
0
2.807354922057604
0
0
0
0
0
0
0
0
0
0
0
0
0
0
2.4854268271702415
0
0
0
0
0
0
0
0
0
0
0
0
3.4854268271702415
0
0
0
0
0
0
0
0
0
0
0
0
0
3.4854268271702415
0
0
0
0
0
0
0
1.9865507620041394
0
0
0
0
0
1.5165964222798
0
0
0
0.10398083413177742
0
0
0
3.1574022596824065
0
0
0
0
0
0
3.0
0
0
0
0
0
0
0
0
0
0
0
0
0
4.222392421336448
0
3.0
0
0
0
0
0
0
0
0
0
0
0
0
0
0
0
0
0
0
0
0
0
0
0
0
0
0
0
0
0
1.9004643264490857
0
0
0
0
0
0
0
0
0
0
0
0
0
0
0
0
0
0
0
0
0
0
0
0
0
0
0
0
0
0
0
0
0
0
0
0
0
0
0
0
0
0
0
0
0
0
0
0
0
0
0
0
0
1.3479233034203069
4.807354922057604
0
0
0
2.5594758350121865
0
1.8987478538600642
0
0
0
0
0.48542682717024166
1.0524674198941355
0
0
0
0
0
0
0
0
0
0
0
0
0
0
0
0
0.7621803347110125
0
0
0
0
1.1069152039165118
0
0
0
0
0
0
0
2.807354922057604
0
0
0
4.222392421336448
2.6374299206152916
0
1.222392421336448
0
0
0
0
0
0
0
0
0
0
0
0
0
0
0
0
0
0
0
0
0
0
0
0
0
1.5594274086140185
0
0
0
0
0
0
0
0
0
0
0
0
0
0
0
0
0
0
4.222392421336448
0
0
0
3.4854268271702415
0
0
0
1.3479233034203069
0
1.4854268271702418
0
0
0
0
3.4854268271702415
0
0
3.4854268271702415
0
0
0
0
0
0
0
1.3898976509146546
0
0
0
0
0
0
0
0
0
0
0
0
0
2.104934839788271
2.222392421336448
1.5594274086140185
0
0
0
0
0
0
0
0
0
0
0
0
0
0
0
0
0
0
0
0
5.807354922057604
0
0
0
0
0
0
0
0
0
9.614709844115207
0
0
0
0
0
0
0
0
0
0
0
0
0
0
0
0
0
0
0
0
0.9004643264490856
0
0
0
0
0
2.22392421336448
0
0
0
2.106915203916512
0
0
0
0
0
0
0
0
0
0
0
0
0
0
0
0
0
4.970853654340483
0
0
0
0
0
0
0
2.444784842672896
0
0
4.807354922057604
1.8073549220576042
0
0
0
0
0
0
0
0
0
0
0
0
0
0
0
0
0
0
0
0
0
0
0
0
0
0
7.614709844115208
0
0
0.0
0
0
0
0
0
0
0
0
0
0
0
0
2.444784842672896
0
0
0
0
0
0
0
5.807354922057604
0
0
0
0.4498029174395205
0
0
0
4.807354922057604
0
0
0
0
2.6958466068406137
9.0
0
0
0
0
0
0
0
0
0
0
0
0
3.222392421336448
0
0
0
0.15886893498880983
0
4.807354922057604
0
0
0
3.0
0
2.422064766172812
1.2837929660005913
4.456280481510725
0
0
0
0
0
2.222392421336448
0
4.807354922057604
0
0
0
0
0
0.5594274086140185
0
0
0
1.032648077427264
0
0
0
0
0
0
0
0
2.237709634456074
0
0
3.222392421336448
0
0
0
0
3.0518432107966027
0
0
0
0
0
5.807354922057604
0.23395687679649918
0
0
0
0
0
0
0
0
0
0
0
0
0
0
0
0
0
0
0
0
2.807354922057604
0
0
0
4.222392421336448
0
0
0
0
0
0
0
0.5771416188354903
0
0.6374299206152918
0
0
0
0
0
0
0
0
0
0
0
0
0
0
0
0
0
0
0
0
0
0
0
0
0
0
0
0
0
0
0
0
0
0
0
0
0
0
0
0
0
0
0
0
0
0
0
0
0
0
0
0
0
0
0
0
0
0
0
3.4854268271702415
0
0
0
0
0
0
0
0
0
0
0
0
0
0
0
0
0
0
0
4.04376991026092
0
3.807354922057604
0
11.614709844115207
0
0
0
0
0
0.8073549220576041
0
0
0
0
0
0
0
0
0
0
0
0
0
0
0
0
0
0
0
0
0
0
0
0
3.222392421336448
0
0
0
0
0
0
0
2.6374299206152916
0
0
0
0
0
0
0
0
0
3.4126344466829153
0
0
0
0
0
0
0
0
0
0
0
0
0
0
0
0
0
0
0
0
0
0
2.0
0
0
0
0
0
0
0
2.106915203916512
0
4.807354922057604
0
0
0
0
0.855321631332095
0
0
0
0
0
0
0
0
0
0
0
0
0
0
0
0
0
0
1.7198920808072646
0
0
0
0
0
0
0
0
0
0
0
0
0
0
5.025014584076058
2.347923303420307
6.0
0
0
0
0
0
0
3.2748598412305836
0
0
0
0
0.6374299206152918
0
0
4.222392421336448
0
0
0
0
0
0
0
0
0
0
0
0
0
0
0
0
2.4854268271702415
0
0
0
0
0
1.4150374992788437
0
0
0
2.4854268271702415
6.970853654340483
0
0
0
0
0
0
0
0
0
0
0
0
0
0
0
0
0
0
0
0
0.6958466068406136
0
0
0
0
0
0
0
0
0
0
0
0
0
0
0
0
6.418964830002957
0
0
0
0
0
2.222392421336448
0
0
0
0
0
0.0
0
0
2.106915203916512
2.106915203916512
0
0
0
0
0
0
0
0.21383040783302376
0
0
0
0
0
0
0
0
0.6374299206152918
3.4854268271702415
0
0
0
1.1958031128573088
0
0
0
0
0
0
0
0
0
3.490496196848639
0
0
0
0
0
2.4902249956730627
0
0
0
0
0
0
0
0
0
0
0
0
0
0
0
0
0
4.0
0
2.807354922057604
0
0
0
0
0
0
0
0
0
0
0
5.807354922057604
0
0
0
0
0
0
0
0
0
0
0
0
0
0
0.7198920808072646
0.8300749985576875
0
0
0
0
0
0
0
0
0
0
1.4397841616145293
0
0
0
0
0
0
0
5.614709844115208
0
0
0
0
0
0
0
0
0
0
0
0
0
0
0
0
0
0
0
0
0
0
0
0
0
0
0
1.3479233034203069
0
0
0
0
0
0
0
0
2.034215715337913
0
0
0
0
0
0
0
0
0
1.9004643264490857
1.7198920808072646
0
0
0
0
0
0
0
0
0
0
2.4854268271702415
0
0
0
0
0
0
0
0
0
2.6374299206152916
3.807354922057604
0
0
0
0
0
0
0
0
1.4189648300029567
0
0
0
0
0
0
0
2.0
0
0
0
0
0
0
0
0
0
0
0
1.3079898582630365
0
0
0
0
0
0
0
0
0
3.807354922057604
0
0
0
0
0
0
0
0
0
0
2.6374299206152916
0
0
0
0
0
0
0
0
0
0
0
0
3.6671772640093443
0
0
4.427660815666047
0
0
0
0
0
0
0
6.303250285143599
5.274859841230583
0
0.6374299206152918
0
0
0
0
0
0
3.0
0
1.222392421336448
0
0.0
0
0
0
0
2.347923303420307
0
0
0
0
0
0
0
0
0
0
0
0
0
0
0
0
0
0
0
0
0
0
0
0
0
5.807354922057604
0
0
0
1.889014121205521
0
0
0
1.3479233034203069
0
0
0
0
0
5.807354922057604
5.807354922057604
0
0
0
2.0
0
0
0
0
0
0
0
0
0
0
0
0
0
0
6.0
2.6374299206152916
6.444784842672896
0
0
0
0
0
0
0
0
5.807354922057604
0.15597125119766614
0
0.48542682717024166
0
0
0
0
0
0
0
0
0
0
0
0
0.9465054771837882
3.222392421336448
0
0
0
0
0
0
0
0
0
0
3.2748598412305836
0
0
1.5594274086140185
2.4854268271702415
0
0
0
0
0
0
0
0
0
0
0
0
0
4.498029174395205
0
0
0
0
0
0
0
0
0
5.807354922057604
0
0
0
0
0
0
4.970853654340483
0
0
0
0
0
0
0
0
0
5.807354922057604
0
0
0
0
0
0
2.2138304078330235
0
0
0.38529015588479165
0
0
3.4854268271702415
0
4.222392421336448
0
0
0
0
0
0
0
0
0
0
5.807354922057604
0
0
0
0.5055321407599334
0
0
0
0
0
0
0
0
0
0
0
0
2.5675859320011827
1.5594274086140185
0
1.3479233034203069
0
0
0
0
0
0
3.2748598412305836
0
0
1.8073549220576042
1.6374299206152918
0
0
0
0
1.793704669285963
0
0
0
0
0
0
0
0
0
0
0
0
0
0
0
0
0
0.6671772640093441
2.6374299206152916
5.807354922057604
0
1.2837929660005913
0
0
0
4.807354922057604
0
0
3.807354922057604
0
0
0
0
0
0
6.418964830002957
0
0
1.4397841616145293
2.9708536543404835
0.7705803117695833
0
0
0
0
0
1.1069152039165118
0
0
0
0.20986967957654193
0
0
0
0
0
0
0
0
0
0
0
3.0
2.0
0
0
0
0
0
0
0
0
0
0
0
0
0
0
0
3.0
0
0
0
0
1.6374299206152918
0
0
0
0
0
0
0
0
0.8531586116707288
0
0
0
0
0
0.5675859320011827
0
0
0
0
0
0
0
0
0
1.0
0
0
0
0
0
0
0
2.087810812781423
0
0
0
0
2.422064766172812
0
0
0
0
0
0
0
0
0
0
0
0
0
0
0
3.807354922057604
0
0
0
0
0
0
0
0
0
0
0
0
0
0
0
0
0
0
1.3916932136812272
0
0
0
0
0
0
0
0
0
0
0
0
0
0
0
0.7629608026991507
0
0
0.36727193925894835
0
3.4126344466829153
0
0
0
0
0
5.807354922057604
0
0
0
0
0
0
0
0
0
0
0
0
0
0
0
2.5594758350121865
0.6746479004305432
5.807354922057604
0
4.807354922057604
0
0
0
0
0
0
0
0
0
0
0
0
0
0
0
0
0
0
4.807354922057604
0
0
3.222392421336448
1.5658581095860673
0
0
0
0
0
0
0
0
0
0
0
0
0
6.0
2.807354922057604
0
0
0
0
0
0
1.7693624926597669
0
0.3155018257279294
0
0
0
0
0
0
0
0
0
0
0
0
0
0
0
0
0
0
0
0
0
0
0
0
0
0
0
12.667177264009343
5.807354922057604
0
0
0
0
0
0
0
0
0
0
0
6.0
0
0
0
0
0
0
0
0
0
0
1.222392421336448
0
0
0
0
0
0
0
3.587409338571926
0
0
0
0
0
0
0
0
0
0
0
0.9708536543404833
0
0
0
0
1.484225380947195
0
0
0
0
0
0
0
0
0
0
0
0
0
0
0
0
0
0
0
0
0
0
0
0
0
0
0
0
0
0
2.0
0
0
0
0
0
0
0
0
0
0
0
0
0
0
0
0
0
0
0
0
2.0751874963942187
0
0
0
2.6374299206152916
0
0
0
0
0
0
0
0
0
0.41973935915308386
0
2.4854268271702415
0
0
0
0
2.208512780095506
0
0
2.0
0
5.807354922057604
0
0
0
0
0
2.106915203916512
0
1.4150374992788437
0
1.8073549220576042
0
2.807354922057604
0
0.5219527031953558
0
0
0
0
0
0
0
0
0
0
0
0
0
0
9.0
0
0.20796166826355483
0
0
0
0
1.4397841616145293
0
0
0
0
0
0
0
0
0
0.10691520391651188
1.5658581095860673
0
0
0
0
0
0
0
0
0
0
0
0
0
0
0
0
0
0.7198920808072646
0
0
0
0
0
0
0
1.4189648300029567
0
0
0
0
0
0
0
0
0
3.222392421336448
0
0
0
0
0
4.807354922057604
0
0
0
0
0
0
0.6671772640093441
0
0
0.855321631332095
0
0
0
0
0
0
0
0
0
0
0
0
0
0
0
0
0
0
0
0
0
0
2.4854268271702415
0
0
0
0
0
0
0
0
0
0
0
0
0
0
0
0
0
0
0
0
0
0
0
0
0
0.0
0
0.5979015564286544
0
0
0
0
0
0
1.3494087523185616
0
0.5397183203444346
0
0
0
0
2.0
0
2.2138304078330235
0
0
0
0
0
0
0
0
0
0.5219527031953558
0
0.5979015564286544
0
1.9004643264490857
0
0
0
0
0
0
0
0
0
0
0
0
0
0
0
0
0
0
0
0
0
0
4.807354922057604
0
0
3.490496196848639
0
0
0
0
0
0
0
0
1.118854817228037
0
0
5.807354922057604
4.807354922057604
0
0
0
0
0
0
3.807354922057604
0
2.0
0
0
0
0
0
0
0
0
0
1.1069152039165118
0
0
0
0
0
5.807354922057604
0
0
0.0
0
0
0
0
2.4854268271702415
0
0
0
0
0.31773786997761966
0
0
0
2.549719682461167
3.4854268271702415
0
0
0
0
0
0
0
0
0
1.0524674198941355
0
0
0
0
0
0
0
0
0
0
10.456280481510724
0
0
0
0
0.953213609932859
0
0
0
0
0
0.7629608026991507
0
0
0
0
2.222392421336448
0
0
1.0794366406888691
1.4854268271702418
0
0
0
0
0.0
0
0
0
0
0.41973935915308386
0
0
0
0
0
0
0
0
0
0
0
0
0
0
0
0
0
2.106915203916512
0
0
0
0
0
2.347923303420307
1.155870467654375
0
0
0
0
0
0
0
0
0
0
0
0
0
0
0
0
0
2.6958466068406137
5.807354922057604
0
0
0
0
0
0
0
0
0
0
0
0
0
2.422064766172812
0
0
0
0
0
0
0
0
0
5.807354922057604
0
0
2.0
0
0
0
0
0
0
0
0
0
0
0
0
3.807354922057604
0
0
5.807354922057604
0
0
0
0
0
0
0
0
0
2.5675859320011827
0
0
0
0.38109016735550627
0
0
0
0
0
0
0
5.159676242421794
0
1.4150374992788437
2.4854268271702415
0
0
0
0
0
0
0
0
0
0
5.807354922057604
0
0
0
0
0
0
0
0
0
0
0
0
0
0
0
2.326997464565759
0
0
0
0
0
2.6958466068406137
4.970853654340483
0
0
0
0
0
0
0
0
0
0
0
0
0
0
0
0.0
0
0
0
0
0
0
0
4.807354922057604
0
0
3.4854268271702415
0
4.213830407833024
0
0
0
0
0
0
0
0
0
0
0
0
0
2.104934839788271
4.213830407833024
0
0
0
0
0
0
0
0
0
5.807354922057604
0
0
0
0
0
0
0
0
0
0
1.0
4.807354922057604
0
0
0
0
0
0
0
0
0
0
0
0
0
0
0
0
0
0
0
2.701392979347257
0
0
0
0
0
0.22239242133644802
0
5.807354922057604
0
0
0
0
0
3.4854268271702415
0
0
0
0
0
0
0
0
0
0
0
0
3.222392421336448
0
0
0
0
0
0
0
3.222392421336448
0
0
0
4.222392421336448
0
0
0
0
2.444784842672896
0
0
4.1750796410436815
0
0
0
0.48542682717024166
0
0
0
2.549719682461167
2.0
0
0
0
0
0
4.912289761845876
0
0
0
0
0
0
0
5.807354922057604
0
0
0
7.614709844115208
1.9004643264490857
0
0
0
0
4.807354922057604
0
0
0
0
0
0
0
0
0
2.989507782143272
0
0
0
0
0
0
0
0
0
0
0
0
0
0
0
0
0
0
0
0
0
0
0
0
0
0
0
0
0
0
0
0
0
0
0
0
0
0
0
0
0
0
0
0
0
0
0
0
0
8.427660815666048
1.1760672430816306
0
0
0
0
0
0
0
0
0
0
0
0
5.807354922057604
0
0
0
0
0
0
0
0
0
0
0
0
0
0
0
0
0
0
0
0
0
0
0
0
2.347923303420307
0
0.9493739269300321
0
0
0
6.444784842672896
1.8987478538600642
0
0
0
0
0
0
0
0
0
2.106915203916512
1.6374299206152918
0
0
0
2.8300749985576874
0
5.807354922057604
0
0
0
0
0
0
0
3.0
0
0
0
0
0
0
0
0
0
0
0
0
0
0
1.8073549220576042
0
0
0
0
0
5.807354922057604
0
0
0
0
0
0
0
0
2.807354922057604
0
0
0
0
0
0
0
0
0
0
0
0
0
0
1.3479233034203069
0
0
0
0
2.4854268271702415
5.807354922057604
0
0
0
0
0
0
0
0
0
0
0
0
0
0
2.6374299206152916
0
0
0
0.5594274086140185
0
0
0
0
0
0
0
0
0
0
0
0
5.807354922057604
4.807354922057604
0
0
4.807354922057604
0
0
0
0
0
2.6374299206152916
0
0
0
3.807354922057604
0
0.4766068049664295
0
4.0
0
0
4.807354922057604
0
0
0
0
0
0
0
0
0
0
2.347923303420307
0
0
0
0
0
0
2.4854268271702415
0
0
0
1.8073549220576042
0
0
0
0
3.9159918602981296
0
0
0
0
0
0
0
4.222392421336448
1.7198920808072646
3.0
0
0
0
0
0
0
0
0
0
3.4854268271702415
0
0
5.807354922057604
0
0
0
0
0
0
0
0
0
0
0
0
0
0
3.222392421336448
0
0
0
0
0
0
0
0
0
0
0.7629608026991507
0
3.807354922057604
0
0
0
0
0
0
0
0
0
0
0
0
0
0.899605834879041
0
3.4854268271702415
0
0
0
0
1.7198920808072646
0
1.6374299206152918
0
0
0
0
0
0
0
0
0
0
0
0
0
0
0
3.118854817228037
0
0
0
0
0
0
0
0
0
0
0
0
0
0
0
0
0
0
0
2.222392421336448
0
0
0
0
0
0
0
2.159676242421794
0
0
0
3.4126344466829153
0
0
0
2.222392421336448
2.222392421336448
0
0
0
0
0
10.319352484843588
0
0
0
0
0
0
0
0
0
0
0
1.0439054063907116
0
0
0
0
0
0
0
0
0
0
0
0
0
0
0
0
3.807354922057604
0
0
0
0
0
0
0
0
0
0
0
0
5.807354922057604
0
0
0
0
0
0
0
0
0
3.807354922057604
0
0
0
0
0.05246741989413548
0
0
0
0
0
0
0
0
0
0
0
0
0
0
0
0
0
0
0
0
0
0
0
0
0
0
0
0
0
0
0
0
0
0
0
0
0
0
0
1.3561438102252754
0
0
0
0
0
0
0
0
0
0
0
0
0
0
0
0
4.807354922057604
0
0
1.4150374992788437
0
3.807354922057604
0
0
0
0
0
0
0
0
0
0
0
0
5.807354922057604
0
0
0
0
0
0
0
0
0
0
0
0
0
0
0
0
0
0
0
4.222392421336448
0
0
0
0
0
1.9004643264490857
0
0
0
0
0
1.4854268271702418
0
0
0
0
0
0
5.807354922057604
0
0
0
0
0
0
0
0
1.1634987322828796
0
0
0
4.222392421336448
0
0
0
0
0
0
0
0
0
0
0
0
0
0
0
0
0
0
0
3.4854268271702415
0
0
0
0
2.5594758350121865
0
0
0
5.807354922057604
0
0
0
0
0
0
0
6.645617488510225
0
0.22239242133644802
0
0
0
0
0
0
0
0
0
0
0
0
0
0
0
0
2.106915203916512
0
0
0
4.04376991026092
0
0
0
4.807354922057604
0
0
0
0
0
0
0
0
0
0
0
0
0
0
0
0
0
0
0
0
0
0
0
0
0
0
0
0
0
0
3.222392421336448
0
5.534576019582559
4.222392421336448
0
0
0
3.4126344466829153
0
0
7.614709844115208
0
0
1.4854268271702418
0
0
0
0
2.104934839788271
0
0
0
0
3.222392421336448
0
0
0
0
4.222392421336448
0
0.22239242133644802
0
0
0
0.8073549220576041
0
1.1958031128573088
0
0
0
0
0
0
0
0
0
0
0
0.9708536543404833
0
0
7.456280481510724
0
0
6.970853654340483
0
0
0
0
0
5.807354922057604
0
0
2.347923303420307
0
0
0
0
0
0
0
5.807354922057604
1.2837929660005913
5.807354922057604
0
0
0
0
0
0
0
0
0
0
0
0
0
0
0
0.2527660703799667
0
0
5.807354922057604
0
0
0
0
0
5.807354922057604
0
0
0
4.807354922057604
0
0
0
0
2.347923303420307
0
0
0
0
0
0
0
0
0
0
0
4.0
0
2.0751874963942187
0
0
0
0
0
0
0
2.208512780095506
2.2138304078330235
0
0
3.4854268271702415
1.4854268271702418
0
0
0
0
0
1.1958031128573088
0
0
0
0
0
0
0
0
0
5.807354922057604
2.4854268271702415
0
0
0
0
0.9004643264490856
0
0
0
1.6374299206152918
0
0
2.106915203916512
0
0
0
0
0
0
0
0
4.807354922057604
0
0
0
0
0
1.1069152039165118
0
4.245112497836531
1.6147098441152081
0
0
2.222392421336448
0
0
0
0
0
0
0
0
0
0
0
0
0
0
0
0
0
0
0
0
0
0
0
0
4.456280481510725
0
3.807354922057604
0
0
0
0
2.4135013151302322
0
0
0
0
0
0
0
0
0
1.3479233034203069
0
0
0
0
0
0
0
2.807354922057604
0
0
1.3479233034203069
0
3.222392421336448
0
0
0
1.118854817228037
0
0
0
0
0
0
0
0
0
0
0
0
0
0
0
0
0
0
0
5.807354922057604
0
0
0
0
0
0
0
0
3.2748598412305836
0
0
0
0
0
0
0
0
0
0
0
0
2.106915203916512
0
0
0.44478484267289603
0
1.3561438102252754
4.807354922057604
0
0
0
0
0
0
0
0
0
0
0
0
0
0
0
0
0
0
0
0
0
0
0
0
0
0
0
0
0
0
0
0
5.807354922057604
5.807354922057604
0
0
0
0
0
0
5.807354922057604
0
0
0
0
1.6147098441152081
0
0
0
0
0
0
0
0
0
0
0
0
0
0
0
0
0.2599520853294435
0
4.807354922057604
0
0
0
0
0
0
0
5.807354922057604
0
0
4.807354922057604
4.970853654340483
0
0
0
0
0
3.222392421336448
0
0
0.28379296600059134
0
0
0
4.970853654340483
0
1.5594274086140185
0
0
2.6374299206152916
0
0
0
0
0
0
0
0
3.0
0
5.807354922057604
0
0
0
0
0
0
0
0
0
0
0
0
1.9054508367775314
0
0
0
0
7.427134135851209
0
0
4.0
0
0
1.1634987322828796
0
0
0
0
0
0
0
0
0
0
0
0
0
0
0
0
0
0
0
0
1.9004643264490857
0
0
0
0
0
0
0
0
0
0
0
0
0
2.4854268271702415
0
3.222392421336448
0
0
0
7.912289761845875
0
0
0
0
0
0
2.5675859320011827
0
0
0
0
0
4.844129532345624
4.03677461028802
0
0
0
5.807354922057604
0.46791375359299836
0
2.6374299206152916
0
0
0
0
0
0
0
0
0
0
0
0
0
0
0
0
0
4.222392421336448
0
0
0
0
0
0
0
0
0
11.614709844115207
0
0
0
0
0
0
0
5.807354922057604
0
0
5.614709844115208
0
0
0
0
0
0
0
0
0
0
2.807354922057604
0
0
0
0
0
1.5259216053983014
0
0
0
0
0
0
0
0
0
0
0
0
0
4.0
0
0
0
0
0
0
0
0
0
0
0
0
0
0
0
0
0
0
0
5.807354922057604
0
0
0
0
0
0
0
0
0
0
0
0
0
0
0
0
0
3.222392421336448
0
0
0
0
1.222392421336448
0
0
0
0
3.0
0
0
0
0
5.807354922057604
0
0
0
0
0
0
0
0
0
0
0
0
0
0
0
0
0.5779352338271875
3.851378898001774
4.444784842672896
5.274859841230583
0
0
0
0
0
1.0524674198941355
0
0
0
0
0
0
0
0
0
0
0
0
4.807354922057604
0
0
0
0
0
0
0
0
0
0
0
0
0
0
0
0
0
0
0
5.807354922057604
5.807354922057604
0
0
0
0
0
0
0
0
2.0
1.5594274086140185
1.577509128639647
0
0
0
0
0
0
0
0
0
0
0
0
2.444784842672896
0
5.614709844115208
0
3.0
0
0
0
0
4.807354922057604
0
0
0
0
0
0
0
0
0
0
0
0.3155018257279294
4.222392421336448
0
0
0
0
0
0
0
0
0
0
0
0
0
0
0
5.614709844115208
0
0
0
8.444784842672895
0
0
0
0
0
0
11.422064766172813
0
0
0
0
0
0
0
0
0
0
0
0
0
0
0
0
0
0
0
5.807354922057604
0
0
5.807354922057604
0
0
0.9708536543404833
0
0
1.6147098441152081
0
0
0
0
0
0
0
0
0
0
0
0.6414912234990713
0
0
0
2.807354922057604
0.0
0
0
0
0
3.3979877901916917
0
0
1.7198920808072646
0.3119425023953323
0
0
0.20986967957654193
4.222392421336448
0
1.7198920808072646
2.208512780095506
0
0.9632253897119791
0
0
0
0.9809923936972773
0
0.9622368352486069
0
0
0
0
0
0.7582982111399
0
0
2.0
2.347923303420307
0
0
0
0
0
0
0
0.0
0
0
0
0
0
0.15886893498880983
0
4.970853654340483
0
2.347923303420307
1.793704669285963
0
1.8073549220576042
0
0
0
5.614709844115208
0
0
0
0
0
0
0
0
0
0
0
0
0
4.807354922057604
0
3.4854268271702415
5.807354922057604
0
0
0
0
0.07798562559883307
0
0
0
0
0
0
2.0
0
0
0.6310036514558588
0.5397183203444346
0
0
0
0
0
0
0
0
0
0
0
0
2.347923303420307
0
0
0
0.7198920808072646
2.6958466068406137
0
4.245112497836531
0
0
0
0
0
0
0
0
0
0
0
3.6671772640093443
0
0
2.9708536543404835
0
3.807354922057604
2.106915203916512
0
0
0
0
0
2.6374299206152916
0
0
3.0
0
0
0
0
2.807354922057604
0
1.9865507620041394
0
0
0
0
0
0
0
0
0
0
0
0
0
0
0
0
0
5.807354922057604
0
0
0
0
6.667177264009345
0
0
0
0
5.807354922057604
0
0
0
0
0
0
0
0
0
0
0
0
0
4.222392421336448
0
0
0
5.807354922057604
0
0
2.347923303420307
0
0
0
0.9493739269300321
0
0
0
0
0
0
0
0
0
0
0
0
0
5.807354922057604
0
0.5675859320011827
0
0
0
0
0
5.807354922057604
0
0
0
0
0
0
0
0
0
0
0.9004643264490856
0
1.7198920808072646
0
0
0
0
0
0
0
0
0
0
0
1.0524674198941355
0
0
0
0
0
0.15597125119766614
0
0
0
0
0
0
0
0
0
0
0
0
0
0
0
0
0
0
0
0
0
0.5779352338271875
0
0
0
0
0
0
0
0
0
0
3.0
0
0
0
0
5.807354922057604
0
0
0
9.614709844115207
0
0
0
0
4.222392421336448
0
0
0
0
0
0
0
0
0
0
0
0
0
0
0
0
0
0
0.9445070606027605
0
0
0
0
0
0
0
0
0
2.106915203916512
0
0
0
0
0
0
0
0
0
0
0
0
0
0
0
0
0
0
0
0
0
0
0
0
0
0
0
0
0
0
0
0
1.1069152039165118
0
0
0
0
0
0
0
2.6374299206152916
0
0
0
0
5.807354922057604
0
0.8531586116707288
0
0
0
0
0
0
0
0
0
0
0
0
0
0
0
0
0
0
0
0
1.4150374992788437
0
0
0
0
0
0
0
0
0
0
0
0
0
0
4.0
0
0
0
0.8300749985576875
0
0
0
0
0
0
0
0
0
0
0
0
0
4.456280481510725
0
4.807354922057604
0
0
3.4854268271702415
0
0
0
0
0
0
0
0
0
0
0
0.8531586116707288
1.6374299206152918
0
0
0
0
5.614709844115208
0
0
0
3.4854268271702415
0
3.4854268271702415
0
0
0
0
0
0
0
0
0
0
0
5.807354922057604
0
0.41503749927884376
0
1.8009286528981712
5.807354922057604
0
0
0
0
2.1383040783302376
0
0
4.889569685345792
0
0
3.222392421336448
0
0
0
0
0
0
0
0
0
0
0.9708536543404833
0
0.8394787183061677
0
0
6.0
0
0
0
0
0
0
0
3.807354922057604
0
0
0
0
0
0
0
0.9708536543404833
2.6374299206152916
0
0
0
0
0
0
0
0
0
0
0
0
0
4.222392421336448
0
0
1.1351718640023654
0
0
0
0
0
0
0
0
0
1.1634987322828796
0
1.7198920808072646
0
0
0
0
0
0
0
0
0
0
0
0
0
0
0
0
0
0
0
0
0
0
0.5397183203444346
4.0
0
0
0
0.9004643264490856
0
0.873779142438454
0
0
2.106915203916512
0
1.471488590545916
0
0.9708536543404833
0
0
0
1.5594274086140185
3.1486204220766436
3.599460404036323
0
0
0
0.0
0
0
1.8009286528981712
0
0
0
0
1.6374299206152918
0
2.609763515976779
0
0
0
0
0
0
0
0
0
0
0
0.0
0
0
5.807354922057604
0
2.807354922057604
0
0
0
0
0
0
0
0
4.807354922057604
0
0
0
0
0
0.0
0
0
0
0
0
0
0
0
0
0
0.899605834879041
0
0
0
0
0
0
0
0.6958466068406136
0.851378898001774
0
5.397635009274246
0
0
0.8300749985576875
0
0.8095774805166518
0
0
0
0
0
1.1634987322828796
0
0
3.4854268271702415
0
2.0751874963942187
0
0
0
0
0
0
0
0
0
0
1.7198920808072646
0
0
2.6374299206152916
0
0
0
0
0
0
0
0.5397183203444346
0
0
0
0
0
0
0
0
0
0
1.5594274086140185
0
1.7198920808072646
0
0
2.0
0.23395687679649918
0
0
0
0
0
0.7198920808072646
0
0
0
0
0
0
0
0
0
0
0
0
0
56.02800258378573
0
