1.9027340240980908
0
0
0
0
0
1.4471580313422192
0
0
0
0
1.4471580313422192
0
0
0
0
0
0
0
0
0.7481880270062005
1.271066772286538
0
0
0
0
0
0
0.6690067809585756
0
0
0
0
0
0
0
0
0
0
0
0
0
0
0
0
0
0.9030899869919435
0
0
0
0
0
0
0
0
0
0
0
0
0
0
0
0
0
0
0
0
0
0
0
0
0
0
0
0
0
0
0
0
0
0
0
0
0.6664293580707649
0
0
0
0
0.6690067809585756
0
0
0
0
0
0
0
2.292256071356476
0
0
0
0
0
0
1.271066772286538
0
0
0
0
0
0
0
0
0
0.46943442605337143
0
0
0
0
0
0
0
0
0
0
0
1.271066772286538
0
0
0
0
0
0
0
0
0
0
0
0
0
0
0
0
0
0
0
0
0
0
0
0
0
0
0
1.7481880270062005
0
0
0
0
0
0
0
0
0
0
0
0
1.146128035678238
0
0
0
0
0
0
0
0
0
0
0
0
0
0
0
0.9030899869919435
0
0
0
0
0
0
0
0
0
0
0
0
0
0
0
0
0
0
0
0
0
0
0
0
0
0
0
0
0
0
1.146128035678238
0
0
0
0
0
0
0
0
0
0
0
0
0
0
1.7481880270062005
0
0
0
0
0
0
0
0
0
0.2857900291072444
0
0
0
0
0
0
0
0
0
0
0
0
0
0
0
0
0
0.33321467903538243
0
0
0
1.4471580313422192
0
0
0
0
0
0
0
0
0
0
0
0
0
0
0
0
0
0
0
0
0
0
0
6.690067809585756
0
0
0
0
0
0
0
0
0
0
0
1.4471580313422192
0
0
0
0
0
0
1.4471580313422192
0
0
0
1.4135906836959506
0
0
0
0
0
0
0
0
0
0
0
0
0
0
0
0
2.992752108024802
0
2.7092699609758304
0
0
0
0
0
0
0
0
0
0
0
0
0
0
0
0
0
0
0
0
0
1.215190243431472
0
0
1.0492180226701815
0
0
1.4471580313422192
0
0
0
0
0
0
0
0.7067953418479753
0
0
0
0
0
0
0
0.8115306923679884
0
0
0
0.5499796203244613
0
0
0
0
0
0
0.9030899869919435
2.8271813673919013
0
0
0
0
0
0
0
0
0
0
0
0
0.21670910996394527
0
0
0.8450980400142568
0
2.2883870718020765
0
0
0
0
0
0
0
0
0
0
0
0
0
0.6020599913279624
0
0
0
0
0
0
0
0.5756565787167394
0
0
0.7004960366683257
0
0
0
0
1.0492180226701815
0
4.004677375653634
0
0
0
0
0.9030899869919435
0
0
0
0
0.7067953418479753
0
0
0
0
0
0
0.43838410703471403
0
0
0
0
0
0
0
0
0
0
0
0
0
0
0
0
0
0
0
0.9030899869919435
1.271066772286538
0
0
0
0
0
0
0
0
0
0
0
0
0
0
0
0
1.4471580313422192
0
0
0
0
0
1.0492180226701815
1.4582282921177665
0
0.0984360453403633
1.7481880270062005
0
0
0.21520941664870227
0
0.17998630293920545
0
0
0
0.7704789995157831
0
0
0
0
0
2.9438142823567555
0
1.0492180226701815
0
0
0
0
0.8450980400142568
1.7481880270062005
0
0
0
1.7481880270062005
0
0
0
0
0
0
0
0
0
0
0
0
0
0
0
0
0
0
0
0
0
1.4083032781601144
1.2779061968168433
0
0
1.4471580313422192
0.5440680443502757
1.035478211255853
0
0
0
1.2041199826559248
0.05477736258369568
0
0
1.271066772286538
0
0
0.7004960366683257
1.2841316658596384
0
0
0
1.7481880270062005
1.8974674060057657
0.0
0
0.13303073770326093
0
0
0
0
0
0
0
0
0
0.05477736258369568
0
0
0
0
0
0
0
0
0
0
0
0
0
0
0
0
0.5440680443502757
0
0
0
0.6020599913279624
0
0
0
0.6648285926159972
0
2.120386025543926
1.4471580313422192
0
0
0
0
0
0
0
0
0
0
0
1.7481880270062005
0
0
0
0
1.4471580313422192
0.9478291920052546
2.992752108024802
0
0
0
0.22967408712831291
0
1.0507440550024887
0
0
1.271066772286538
0
0
0
0
0
0
0
0
0
0
0
0
0
0
0
78.5729789064271
0
0
0
0
0
0.9030899869919435
0
0.20411998265592482
0
0
0
0
0
0
0
0
0
0
0
0
0
0
0
0
0
0
0
0
0
0
0
0
0
0
0
0
0.21670910996394527
0
0
0
0
0
0
0
0
0
0
0
0
0
0
0
0
0
0
0
0
0
0
0.2857900291072444
0
0
0
0
0
0
0
0
0
0
0
0
0
0
0
0
0
0
0
0
0
0
0
0
0
0
0
0
0
0
0
0
0
0
0
0
0
0
0
0
0
0
0.7481880270062005
0
0
0
0
0
4.850183883112784
0
0
0
0
0
0
0
0
0
0
0
0
0
0
0
0.8450980400142568
1.0492180226701815
0
0
0
0
0
0
0
0.5421335445730759
0
0
0
0
0
1.271066772286538
0.40617850908264086
0
0
0
0
0
0
0
0
3.31179106765135
0
0
0
3.496376054012401
0
0
0
1.7481880270062005
0
0
0
0.4471580313422192
0
0
0
0
0.46943442605337143
0
0
0
0
0
0
0
0
0
0
0
0
0
0
0
0
0
0
2.542133544573076
0
0
0
0
0
0
0
0
0
0
0
0
0
0
0
0
0
0.9700367766225568
2.630304642208284
0.36797678529459443
1.146128035678238
0
0
0
1.4471580313422192
0
0.1737369390155507
0.0984360453403633
0
0
0.24303804868629442
0
0
0
0
0
0
0
0
0.46943442605337143
0
0.1571234199797012
0
0
0
4.3317908274599715
0
0
0
0
0
0
0
0
0
0
0
0
0
0
0
0
0
0
0
0
0
0
0
0
0
0
0
0
0.6336485256944262
0
0
0
0
0
0.9995098928663994
0
0
0
0
0
1.7481880270062005
0
0
0
1.9443043894903553
0
0.7704789995157831
0
0
0
1.6329598612473986
0
0
0
1.146128035678238
0
0
1.271066772286538
0
0.49291552190289434
0
0
0
0
0
0
1.271066772286538
0
0
0
0
2.098436045340363
0
0
0
0
0
0
0.7939455175668755
0
0
0
0
0
0
0
0
0.9700367766225568
1.271066772286538
0
0
0
0
0
0
0
0
0
0
0
0
0
0
0
0
0
0
0
0
0
0
0
0
0
0
0
0
0
0
0
5.244564081018601
0
0
10.489128162037202
0
0
0
0
0
0
0
0
0
0
0
0
0
0
0
0
0
0
0
0
0
0
1.0492180226701815
0
0
0
0
0
0
0
0
0.7939455175668755
0
0
0
0.7729203819772151
0
0
0
0
0
0
0
0
0
0
0
0
0
0
0
0
0
0
0
0
0
0
0
0.3804508453524147
1.4135906836959506
0
0
0
0
0
0
0
0
0
0
1.6901960800285136
0
1.806179973983887
0
0
0
0
0
0
0
0
0
0
0.49291552190289434
0
0
0
0
0
0.21670910996394527
0
2.0070203428757267
0
0.6690067809585756
0
0
1.7481880270062005
0
0
0
0
0
0
0
0
0
0
0
0.08543019532462637
0
0
0
0
0
0.0
0
0
0
0.0
0
0.21670910996394527
0
0
0
0
0.2857900291072444
0
0
0.5440680443502757
0
0
0.11471957142661392
0
0
0
0
0
0
0
0
0
0
0
1.5532173168837793
2.167091099639453
0
0
0
0
0
0
0
0
0
0
0
0
0
0
0
0
1.0835455498197264
0
0.6690067809585756
0
0
0
0
0
0
0
0
0
0
0
0
0
1.7481880270062005
0
0
1.7481880270062005
0
2.6760271238343023
0
4.816479930623699
0
0
0
0
0
0
1.6901960800285136
0
0
0
0
0
0
0
0
0
0
0
0
0
0
0
0
1.7481880270062005
0
0
5.244564081018601
0
0
0
0
0.24987747321659984
0
0
0.6342446746993636
0
1.6901960800285136
0
0
0
0
0
0
0
0
0
0
0.6020599913279624
0
0.6020599913279624
0.20084036889183965
0
0
0
0
0
0
0
0.9700367766225568
0
0
0
0
1.4471580313422192
1.271066772286538
0
0
0
0.7481880270062005
0
0
0
0
0
0
0
0
1.7481880270062005
108.38765767438443
0
1.146128035678238
0
0
0
0
1.7481880270062005
0
0
0
0
0
1.6901960800285136
0
0.759804105846854
0
0.5052132911681707
0
0
0
1.139706158770281
0
1.7481880270062005
1.3380135619171512
0
0
0
0
7.760294212980455
3.496376054012401
0
0
0
0
0
0
4.850183883112784
0
0
0
0
0
0
0
0
0.1899510264617135
0
0
0
0.30436067628193175
0
1.1441935359010382
0
0
0
0
0
0
0
0
0
0
0
0
0
0
0
0
0
0
0
0
0
0
0
0
0
0
0
0
0
0.3825945184865818
0
0
0
0
0
0.9858310438057887
0
0
0
0
0
0
0
0
0
0
0
0
0
0
0
0
0
0
0
0
0
0.9030899869919435
0
0
0
0
0
0
0
0
0
0
0
0
0
0
0
0
0
0
0
0
0
0
0
0
0
0
0
0
0
0
0
0
0.1968720906807266
0
0
0
0
0.7729203819772151
0
0
2.8943160626844384
0
0
0
0
0
0
0
0
0
1.7481880270062005
0.40823996531184964
0
0
0
0
0
0
0.4016807377836793
0
0
0.19188552623891314
0
0
0
0
0
0
0.9700367766225568
0
0
0
1.0492180226701815
0
0
0
0
0
0
1.3380135619171512
0
1.496376054012401
0.9700367766225568
0
0
0
0
0
0
0
0
0
0
0
0
0
0
0
0
0
1.806179973983887
0
0
0
0
0
0
0
0
0
0
0
0.6342446746993636
0
0
0
0
0
0
0
0
0
0
0
0
0
0
0
0
0
0
0
0
0
0
0
0
0
0
1.271066772286538
1.4471580313422192
0
0
0
0
0
0
0
0
0
0
0
0
0
0
0
0
0
0
0
0
0
0
0.48607609737258883
0.8450980400142568
0
0
0
0
0
0
0
0
0
0
0
0
0
0
0
0
1.496376054012401
0
0
0
0
0
0
0
0
0
0
0
0
0.3168242628472131
0.7939455175668755
0
0
0
0
0
0
0
0
0
0
0
0
0
0
0
0
0
0
0.3168242628472131
0
0
0
0
0
0
0
0
0
0
0
0
0
0
0
1.0473535052001297
0.49291552190289434
0
0
0
0
0
0
0
0.17998276277500008
0
0
0
0
1.0492180226701815
0
0
1.2684893493987273
0.6020599913279624
0
0
0
0
0
0
0
0
0
0
0
0
0
0
0
0.2568263331719277
0.49291552190289434
1.271066772286538
0
0
0
1.7481880270062005
0
0
0
0.6342446746993636
0
0.24987747321659984
0
0
0
0
0
0
0.4259687322722811
0
0
0
0
0
0
0
0
0
1.271066772286538
0
0
0
0
0
0
1.0492180226701815
0
0
0
0
0
0
0
0
0
0
0
0
0
0.7481880270062005
0
0
0
0
0
0
0.20411998265592482
0
0
0.9030899869919435
0
0
0
0
0
0
0
0
0.24303804868629442
0
0
0
0
0
0
0
0
0
0
0
0
0
0
0
0
0
0
0
0
0
0
0
0
0
0.040617850908264086
0
0
0
1.271066772286538
0
0
0
0
0
0
0.07609016907048294
0
0
0
0
0
0.4057653461839942
0
1.9027340240980908
0
0
0
0
0
0
0
0
0
0
0
0
0.9700367766225568
0
0
0
0
0
0
0
0
0
0
0
0
0
0
0
0
0
0
0
0
0
0
1.271066772286538
0
0
0
0
0
0
0
1.3380135619171512
0
0.7481880270062005
0
1.271066772286538
0
0
0
0.5720967679505191
0
0
0
0
0
0
0
1.7481880270062005
0
0
0
0
0
0
0
0
0
0
0
0
0
0
0
0
1.4471580313422192
0
0
0
0
0
0
0
0
0
0
0
0
0
1.4471580313422192
0
0
0.35024801833416286
0.46943442605337143
0
0
0
0
0
0
0
0
0
0
0
0
0
0
0
0
0
0.36797678529459443
0
0
0
0
0
0
0
0
0
0
1.4471580313422192
0
0
0
0
0
0
0
0
0
0
0
0
0.7939455175668755
0
0
0
0
0
0
0
0
0
0
0
0
0
0
0
0
0
0
0
1.2672970513888524
0
0
0
0.4471580313422192
0
0
0
0
0
0
0
0
1.146128035678238
0.9030899869919435
0
0
0
0
0.7067953418479753
0
0
0
0
0
0
0
0
0
0
0
0
0
1.7481880270062005
0
0
0
0
3.33874233123506
3.9433241752231547
0.7939455175668755
0
0.6690067809585756
1.9323009549430379
1.7481880270062005
0.8450980400142568
0
0
0
0
0
0
0
0
0
0
0
0
0
0
0
0
0
0
0
0
0
0
0
1.2684893493987273
0
0
0
0
0
0
0
0
1.2599041205744381
0.35024801833416286
0
0
0
0
0
0
0
0
0
0
0
0
0.7481880270062005
0
0
0
0
0
0
0
0
0
1.271066772286538
0
0
0
0
0
0
0
0
0
0
0
0
0
0
0
0
0
0
0
0
0
0
0
0
0
0
0
0
0
0
0
0
0
0
0
0
0
2.098436045340363
0
0
0
0
0
1.2684893493987273
0
0
0
0.38646019098860757
0.36797678529459443
0
1.1039303558837834
0
0
0.6284121031200778
0
0
0
0
0
0
0
0
0
0.6664293580707649
0
0
0
0
0.2857900291072444
0
0
0
2.978891746302229
0
0
0
0
0
0
0
0
0
0
0
0
0
1.4471580313422192
0
0.2677871585224529
0
0
0
0
0
0
0
0
0
0
0
0
0
0.6336485256944262
0
0
0.9700367766225568
0
0
0
0
0
0
0
0
0
0
0
0
0
0
0
0
0
0
0
0
0
0
0.8943160626844384
0
0
0
0
0
0.9030899869919435
0
0
0
1.2172960385519827
0
0.9030899869919435
0
0
0
0
0
0
0
0
0
0.3010299956639812
0
0
0
2.120386025543926
0
0
0
0
0
0
0
0.9504727885416393
0
0
0
0
2.1873424381766498
0
0
0
0
0
0
0
0
0
0
0
0
0
0
0
0
0
0
0
0
0
0
0
0
0.49291552190289434
0
0
0.3168242628472131
0
0
0
0
0
0
0
0
0
0
0
0
1.271066772286538
0
0
0
0
0
0
0
0
0.7496324196497995
0
0
0
0
0
0
0
0
0
0
0
0
0
0.4471580313422192
0
0
0
0
1.271066772286538
0
0
0
0
0
0
0
0
0
0
0
0
0
0
0
0
0
0
0
0
0
0.2677871585224529
0
0
0
0
0
2.9101103298676705
0
0
0
0
0
1.839883926472972
0.13540417028646495
0
0
0
0
0
0
0
0
0
0
0
0
0
0
0
0
0
0
0.36797678529459443
0
0
0
0
0
0
0
0
0
0
0
0
0
0
0
0
0
0
0
0
0
0
0
0
1.146128035678238
0
0
0
0
0
0
0.8450980400142568
0
0
0
0.7481880270062005
0
0
0
0
0
0
0
0
0
0
0
0
0
0
0
0
0
0
0.9700367766225568
0.8450980400142568
0
0
0
0
0
0
0
0
0
0
0
1.271066772286538
3.8132003168596142
0
0.93973214857089
0
0
0.7067953418479753
0
0
0.45654101442289763
0
0
0
0.08607871263152178
2.120386025543926
0
0.6690067809585756
0.3168242628472131
0
0.7729203819772151
0
0
0
0
0
0
1.0492180226701815
0
0
0
0
0.9388688521067429
0
0
0
0
0
0
0
0
0
0
0
0
0
0
0
0
0
0
0
0
0
0
0
0
0
0
0
0
0
0
0
0
0
0
0
0
0
0
0
0
0
1.4135906836959506
0
0
0
0
0
0
0
0
0
0
0
0
0
0
0
0
0
0
0
0
0
0
0
0
0
3.8801471064902273
0
0
0
0
0
0
0
1.146128035678238
1.4471580313422192
0
0
0
0
0
0
0
0
0
0
0
1.271066772286538
0
0
0
0
0
0
0
0
0.5136526663438554
0
0
0
0
0
0.8450980400142568
0.584512142712952
0.6336485256944262
0
0.6020599913279624
0
0
0
0
0
5.237316189043403
0
0
1.271066772286538
0
0
0
0
0
1.0324761428395253
0
0
0
0
1.3328587161415297
0
0
0
0
0
0
0
0.8450980400142568
0
0
0
0
0
0
0
0
0
0.24303804868629442
0
0
0
0
0
0
0.2708083405729299
1.7481880270062005
0
0
0
0
4.341474094026657
0
0
0.7067953418479753
0
0
0
0
0
0
0.46943442605337143
0
0
0
0
0
0
0
0
0
0.6690067809585756
0
0
0
0.584512142712952
0
0
0.9700367766225568
0
0
0
0
0
1.0492180226701815
0.8450980400142568
1.7481880270062005
0
0.4057653461839942
0
0.4471580313422192
0
0
0
0.9700367766225568
0
0
0
0
0
0
0
0
0
0
0
0.16092341685700617
0
0
0
0
0
0
0
0
0
0.9858310438057887
0
0
0
0.9504727885416393
0
0
0.5136526663438554
0
0
0
0
0
0
0
0
0
0
1.146128035678238
0
0
0
0
0
0
0
0
0
0
0
0
0
0
0
2.542133544573076
0
0
0
0
0.9700367766225568
0
0.4259687322722811
0
0
0
0
0
0
0
0
0
0
0
0
0
0
0
0
0.27106677228653797
0
0
0
0
0
0
0
0
0
1.2684893493987273
0
0
0
0
0
0.6342446746993636
0
0
0
0
0
0
0
0
0
0
1.7481880270062005
0.7481880270062005
0
0
0
0
0
0.9030899869919435
0
0
0
0
0
3.8084763104519297
1.7481880270062005
0
0
1.0492180226701815
0
0
0
0
0
0
0
0
1.7481880270062005
2.098436045340363
0
0
0
0.4259687322722811
0
1.3380135619171512
0
1.4471580313422192
0
0
0
0.7291141460588833
0
0
0
0.0
0
1.4135906836959506
0
0
0
0
0
0
0
0
0.7067953418479753
0
0.7359535705891889
0
0
0
0
0
0
1.7481880270062005
0
0
0
0
0.8124250217187897
0.9030899869919435
0
0
0
0
0
0
0
0.4057653461839942
0
0
0
0
1.5841213142360655
0.6020599913279624
1.4471580313422192
0
0
0
1.146128035678238
0.8450980400142568
0
0.9700367766225568
0
0
0
0.6217160925406955
0.5136526663438554
0
0
0
0
0
0
0.9721521947451777
0.38646019098860757
1.7886321253688768
0
0
0
0
0
0
0
0
0
0
0
0
0
0.16840443038939024
1.5532173168837793
0
1.0104265823363414
1.7934118054058523
0
0
0
0
0
0
1.4787465657086831
0
1.1788310127257318
1.7481880270062005
0
0
0
0
0
0
1.1483704356415645
0
0
0.9700367766225568
0
0
0
0.05477736258369568
0
1.271066772286538
0
0
0
0
0
0
0
0
0
0
0
0
0
1.7481880270062005
0
0
0
0
0.8450980400142568
0
0
0
0
0
0
0
0
0
0
0
0.5212108170466521
0
0.3837710524778263
0
0
0
0
0
0
0
0
0
0
0
0
0
0
0
0
2.6760271238343023
0
1.839883926472972
0
0
0
0
0
0
0
0
0
0
0
0
0
0
0
0
0
1.0492180226701815
0
0
3.496376054012401
0
0
0
0
0
0
0
0
0
0
0
0
0
0
1.9027340240980908
0
0
0
0
1.0492180226701815
0
0
0
0
0
0
0
0
0
0
0
0
1.271066772286538
0
0
1.4719071411783777
0
0
0
0.4057653461839942
0
0
0
0
0
0
0
0
0
1.701266340804061
0
0.5720967679505191
0
1.806179973983887
0
0
0
0
0
0
0
0
0
0
1.9716620876115774
0
0.7939455175668755
0
0
0
0
0
0
0
0
0
0
0
0
0
0
0
0
0
0.9700367766225568
0
0
0
0
0
1.9400735532451137
3.175782070267502
4.366047663922771
0
0
0
0
1.146128035678238
2.9101103298676705
0
0
1.4083032781601144
0.6020599913279624
0
0
2.120386025543926
0
0
0
0
1.4471580313422192
0
0
0
0
0
0
0
0
0
1.0492180226701815
0
0.3142468399594024
0
0.9700367766225568
0
0
0
0
0
0.1931081002284074
0
0
0
0
1.0492180226701815
0
0
0
0
0
0
0
0
2.542133544573076
0
0
0
0
1.035478211255853
0
0.5720967679505191
0
0
0.9700367766225568
0
0
0
0
0
1.1441935359010382
0
0
0
0.4827702505710185
0
0.6020599913279624
0
0
0
0
0
0
1.9716620876115774
0
0
0
0
0.19188552623891314
2.3818365527006264
0
0
0
0
0
0
0
0
0
1.7481880270062005
0
0
0
0
0.5720967679505191
4.584512142712952
0
0
0
0
0
0
0
0
2.1298436613614053
0
0
1.7481880270062005
0.7481880270062005
1.0492180226701815
0
0
0
0
1.4471580313422192
0
0
1.7481880270062005
1.9400735532451137
0
0
0
0
1.0492180226701815
0
1.632204133050827
0
0
0
1.4471580313422192
0.7331474536400908
0
0
2.098436045340363
0
0
0
0.8450980400142568
0
0
0
0
0
0
0
0
0
1.5458407639544303
0
0
0
1.4471580313422192
0
0
0
0
0
0
0
0.0
0.6342446746993636
0
0.6342446746993636
0.6342446746993636
0
0
0
1.4471580313422192
0
1.0492180226701815
0
0.7402477175422284
0
0
0
0
0
0
0
1.496376054012401
0
0
0
0
0
1.7998630293920546
0
0
1.8370798439033234
0
0
0
0
0
0
0
0
0
0
0
0
0
0
0
1.0492180226701815
0
0
0
1.7481880270062005
0
0
0
0
0
0
0
1.271066772286538
1.5169637697476168
0
1.2041199826559248
0
0.8450980400142568
0
0
0.9030899869919435
0
0
0
0
0
0
0
0
0
0
0
0
0
0
0
0
0
0
0
0
0
0
0
1.0835455498197264
0.12493873660829992
0
0
0
0
0
0
0
0
0
0
0
0
0
0
0
2.534594102777705
0
0
0
0
0
0
0
0
0
0
0
0
0
0
0
0
0
0
0
0
0
0
0
0
0
0
0
0
0
0
0
0
0
0
0
0
0
0
0
0.8164799306236993
2.8943160626844384
0
0
0
0
0
0
0
0
0
0
0
0
0
0
1.146128035678238
0
0
0
0
0
0
0
0
0
0
0
0
0
0
0
0.7939455175668755
0
0
0
0
0
0
0
0
0
0.08543019532462637
0
0
0
0
0
0
0
1.2041199826559248
0
0
0
1.271066772286538
0
0
0
0
0
0
0
0.34452615869127157
0
0
0
0
0
0
1.0492180226701815
0
0
0
0
0
0
0
0
0
0
0
0
0
0
0
0
0
0
0
0
0
0
0
0
0
0
0.7359535705891889
0
0
0.33321467903538243
0
0
0
0
0
0
0
2.71066772286538
0
0
0.5756565787167394
0
0
0
0.7481880270062005
0
0
0
0
2.9438142823567555
0
0.0
0
0
0
1.0492180226701815
0
0
0
0
0
0.9594276311945658
0
0
0
0
0
0
0
0
0
0
0
3.496376054012401
0
0
0
0
0
0
0
0
0
0
0
0
1.015446272706602
0
0
0
0.4057653461839942
0
0.7481880270062005
0
0
0
0
0
0
0.8450980400142568
4.584512142712952
0.6020599913279624
0
0
0
3.8132003168596142
0
0
0
0
0
0
0
0.9700367766225568
0
0
7.224719895935548
0.7939455175668755
0
0
1.4471580313422192
0
0
0
0
0
0
0
0.17215742526304356
0
0.146128035678238
0
0
0
0
0
0
0
0
0
0
0
0
0.09497551323085675
0
0
0
0
0
1.806179973983887
0
0
0
0
0
0
0
0
0
0
0
0
0
0
0
1.7481880270062005
0
0.9030899869919435
0
0
0
0.9030899869919435
1.4471580313422192
3.520508427448089
0
0
0
0
0
0.5440680443502757
0
0
0
0
0
0
0
0
0
0
0
0
0
0
0
0
0
0
0.6020599913279624
0
0
0
0
0
0
0
0
0.6664293580707649
0
0
0.2899597348884337
0
0
0
0
0
0
0
2.8943160626844384
0
0
0
0
25.181232544084356
0
0
0
0
0
0
0.30436067628193175
0
0
0
0
0
0
0
0
0
0
0
0
0
0.9388688521067429
0.4259687322722811
0.8115306923679884
1.587891035133751
0
2.542133544573076
0
0
0
0
0
0
0
0
0
0
0
0
0.3599726058784109
0
0
0
0
0
0
0
0
0
0
0
0
0
0
0
0
0
0.602521106675519
0
0
0
0.7729203819772151
0
0
0
0
0
0
0
0
0
0
0
0
3.175782070267502
0.38646019098860757
0
0
1.7336728797115621
0
0.23196778791074693
0
0
0
0
0
0.33321467903538243
0
0.9030899869919435
0
0.268502542114942
0
0
0
0
1.7481880270062005
0
0
0
0
0
1.271066772286538
0
0
0
0
0
4.225490200071284
0
0
0
0
0
0
0
0.27106677228653797
0
0.3168242628472131
0
0
0
0
0
0
0
0.6342446746993636
0
0
0
0
0
0
0
1.2841316658596384
0
0.5177391056279265
0
0
0.7481880270062005
0.42715097662313184
0
0.8450980400142568
1.6901960800285136
0
0
0
0
0
0
1.505149978319906
0
0
0
0
0
0.7939455175668755
0
0.9427405198782072
5.984748487853032
0
1.7481880270062005
3.612359947967774
1.4582282921177665
0.9700367766225568
3.496376054012401
0
0
0
0
0
0
0
0.2857900291072444
0
0
0
0
0
0
0
0
0
0
0
0
0
0
0
0
0
1.271066772286538
0
0
0
2.542133544573076
0
0
0.4189414020800519
0
0
0
0
0.6342446746993636
1.4135906836959506
0
0
0
0
0
0
0
0
0
0
1.146128035678238
0
0.1737369390155507
0
0
0
0
0
0.7729203819772151
0
0
0
0
0
0
0
0
1.271066772286538
0
0
0
0
0
0
0
0
0
0.48741421089916903
0
0
0
0
0
0
0
0
0
0
0
0
0
0
0
0
0
0
0
0
0
0
0
0
0
0.7856170998985059
0
0
0
0
0
0
0
0
0
2.8943160626844384
0
0.5720967679505191
0
0
4.225490200071284
0
0
0
0
0
0
1.3696230432686929
0
0.9497551323085675
0
0
0
0
0
0
0
0
0
0
0
0
0
0
0
0
0
0.9030899869919435
0
0.6020599913279624
0
0
1.806179973983887
0
0
0
0.3599726058784109
0
0
0
0.9700367766225568
0
0
0
0
0
0
0
0
0
0.6020599913279624
0
0
0
0
0
0
0
0
0
0
0.7359535705891889
0
0
0
0
0
0
0
0.17998630293920545
0
0
0
0
0
0
0
1.271066772286538
0
0
0
0.43838410703471403
0
0
0
0
0.24370710544958452
1.7481880270062005
0
0
0.9030899869919435
0
0.8450980400142568
0
0
0
0
0
0
2.8943160626844384
1.271066772286538
0
0
0
0
0
0
0
0
0
0
0
0
0
0
0
0
0
0
0
0.8450980400142568
0
1.4471580313422192
0
0
0
0
0
0
0
0
0
0
0
0
0
0
0
0.37481620982489977
0
0
0
0.7939455175668755
0
1.2041199826559248
0
0
0
0
0
0
0
0.2527082749317101
0
0
0
0
0
0
0.5698530793851405
0
0
0
0
0
0
0
0
0
0
0.6342446746993636
0
0
2.8943160626844384
0
0
2.5352941200427703
0
1.2569873598376096
0
0
0
0
0
0
0
0
0
0
0
0
0
0
0
0.8124250217187897
0.08607871263152178
0
0.9700367766225568
0
0
0.43341821992789054
0
0
0
0
0
0
0
0
0
0.22529278359980864
0.1571234199797012
0
0
0
0
0
0
0
0
0
0
0
0
0
0
0
0
0
0
0
0
2.8943160626844384
0
0
0
0
0.5125811719477582
0
0.7481880270062005
0
0
0
0
0
0
0
0
0
0
0
0
0
0
0
0
0
0
0
0
0.7364146859367454
0
0
0.22529278359980864
0
0
0
0
0
0
0
0
0
0.35024801833416286
0
0
0
1.1441935359010382
0
0
0
0
0
0
0
0
2.244564081018601
0
0
0
0
0
0
0
0
0
0
2.098436045340363
0
0
0
0
0
0
0
0
0
0
0
0
0.4259687322722811
0
0.0
0
0.7199452117568218
0
0
1.7481880270062005
0
0
0
0.6770208514323248
0
0.40617850908264086
0
0
0
0
1.2041199826559248
0
0.33321467903538243
0
0
0
0
0
0
0
0
0
0.7856170998985059
0
0.3599726058784109
0
0
0
0
0
0
0
0
0
0
0
0
0
0
0
0
0
0
0
0
0
0
0
0
0
0
0
0
0
0
0
0
0
0
0
0
0
0
0
0
0
0
0
0
0
0
0
0
0
1.2041199826559248
0
4.515449934959718
0
0
2.7092699609758304
0
0
0
0
0.33321467903538243
0
0
1.4471580313422192
0
0
0
1.4471580313422192
0
0.0
0
0
0
0
0
0
1.271066772286538
0
0
0.16738510183787955
0
0
1.4135906836959506
0.19188552623891314
0
0
0.9700367766225568
0
0
0
0
0
0
0
0.3168242628472131
0
0
1.4471580313422192
0
0
0
0
0
0
0
0
0
0
0
0
0.23912157405411363
0
0
0.2568263331719277
0
0
0
0
0
0
0
0
0
0
0.3655606581743768
1.7886321253688768
0
0
0
0
0.0
0
0
0
0
0.22111974056524636
0
0
0
0
0
0
0.7939455175668755
0
0
0
0
0
0
0
0
0
0
0
0
0
0
0
0
0
0.5799194697768674
0
1.7481880270062005
0
0
0
0
0
0
0
1.7481880270062005
0
0
0
0
0
0
0
0
0
0
0
0
0
0
0
0
0
0
0
1.7481880270062005
0
0
0.9721521947451777
0
0
0
0
0
0
0
0
0
0
0
0
0.6020599913279624
0
0
0
0
0
0
0
0
0
0
0
0
0
0
0
0
0
0
0
1.4471580313422192
0
0
0
0
0
1.5458407639544303
0
0
0
0
0
0
0
2.098436045340363
0
0
1.496376054012401
0
0
0.4259687322722811
0
0
0
0
0
0
0.22967408712831291
8.682948188053315
0
0
0.6020599913279624
0
0
0
0
0
0
0
0
0
0
1.271066772286538
0
0
0
0
0
0
0
0
0
0.8450980400142568
0
0
0
0
0
0
0
0
0
3.4383841070347136
0
0
0
0
0
0
0
0
0.0
0
0
0.7939455175668755
1.7336728797115621
0
0
0
0
0
0
0
1.146128035678238
0
0
2.9101103298676705
0
1.7481880270062005
0
0
0
0
0
0
0
0
0
0.9504727885416393
0
0
0
0
0
0
0
0
0
0
0
0
0
0
0
0
0
0
0
0
0
0.3010299956639812
0
0
12.237316189043403
0
3.5339767092398766
0
0
0
0
0
0
0
1.271066772286538
0
0
0
0
0
0
0
0.8132003168596139
0
0
0
0
0
0.20084036889183965
1.035478211255853
0
0
0
0
0
0
0
0
0
0.9700367766225568
0
0
0
0
0
0
0
0
0
0.9700367766225568
1.4471580313422192
0
0
0
0
0
0
0
0
0
0
0
0
0
0
0
0
0
0
0.5236767526000649
0
0
0
0.146128035678238
0
0
0
0.3837710524778263
1.806179973983887
1.806179973983887
0
0
0
0
0.49291552190289434
0
2.292256071356476
1.146128035678238
0
0
0
0
0
0
0
0
0
0.5720967679505191
0.9700367766225568
0
0
0
0
0
0
0.5440680443502757
1.271066772286538
0
0
0.9700367766225568
0
0.7675421049556526
1.4398904235136436
0
1.632204133050827
0
0
0
0
0.7481880270062005
0
0
0
0
1.146128035678238
0
1.4471580313422192
0
0
0
0
0
0
0
0
0
0
0
0
0
0
0
0
0
0.7067953418479753
0
0
0
0
0
0
0
0
0
0
0
0
0
0
0
0
0
0
0.32184683371401235
0
0
0
0
0
0
0
0
0
0
0
0
0
0
0
0
0
0
0
0
0
0
0
0
0.6342446746993636
0
0
1.271066772286538
2.098436045340363
0
0
0
0
1.7481880270062005
0
0
0
1.4135906836959506
0
0.5715800582144888
0.9700367766225568
0
0
5.820220659735341
1.1431601164289775
0
0
0
0.7939455175668755
0
0
0
0
0
1.2684893493987273
0.9858310438057887
0
0
0
0
0
0
0
0
0
0
0
0
0
0
0
0
0
0
0
1.2172960385519827
0
0
0
0
0
0
0
0
1.632204133050827
0
0
0
0
0
0
0
0
0
0
0
0
0
0
0
0
0
0.7939455175668755
0
0
0
0
0
0
0
0
0
0
0
0
0.4471580313422192
0.3142468399594024
0.5720967679505191
0
0
0
0
0
0
0
0
0.9858310438057887
0
0
0
0
1.0273053326877108
0
0
0
0
0
0
0
0.5052132911681707
0
0
0
0
0
0
0
0
0
1.146128035678238
0
0
0
0
0
0
1.4471580313422192
0
1.271066772286538
0
0
0
0.7939455175668755
0
1.496376054012401
0.6020599913279624
0
0
0.09564862962164546
0
0
0
0
0
0
0
0
0
0
0
2.4082399653118496
0
1.4471580313422192
1.271066772286538
0.7067953418479753
0
0
0
3.496376054012401
0
0
0
0
0
1.7481880270062005
1.0881360887005513
1.4471580313422192
0
0
0
0.3368088607787805
0
0
0
0
0
0
0
0
0.5177391056279265
0
0
0
0
0
0
0
0
0
0
0
0
0
0
0
0
0
0
0.9030899869919435
0
0
0
0
0
1.4471580313422192
0
0.5177391056279265
0
0
0
0
0
0
0
0
0.5177391056279265
1.271066772286538
0
0
0.22967408712831291
0
0
1.7481880270062005
0
0
1.7481880270062005
4.694344260533715
0
0
0
1.6660733951769122
0
0
0
0
0.2708083405729299
0
0
0
0
0
0
0
1.0492180226701815
0
0.7481880270062005
0
0
0
0
0
0
0
0.8450980400142568
0
0
0
1.4471580313422192
0
0
0
0
0
1.7481880270062005
0
1.7481880270062005
0
0
0
0
0
0
0
0
0
0
0
0
0
0
0
0
0
0
0
0
0
0
0.21670910996394527
0
0
0
0.2568263331719277
0
0
0
0
0.6690067809585756
0
0
0
0
0
0.5177391056279265
0
0.46943442605337143
0
0
0
0
0
0
0
0
0
0.1571234199797012
0
0
0
0
0
0
0
0
0
0.7067953418479753
2.542133544573076
0
0
0
0
0
0
0
0
0
0
0
0.4057653461839942
0
0
0
0
0
0
0
0
0
0
0.9700367766225568
4.004677375653634
0
0
0
1.271066772286538
0
0
1.4135906836959506
0
0
0.031588534366463764
0
2.449439791871098
0
0
0
0
0
0
0
0
0
0
0.8519374645445622
0
0
0
0
0
0
0
0
0
0
0
0
0
0
0
0
0
0
0
0
0.45934817425662583
0
1.271066772286538
0
0
0
0.40823996531184964
0
0
0
0
0
0
0
0
0
0
0
0
0
0
0
0
0
0
0.9030899869919435
0
0
0
0
0
0
0
0
0
0
0
0
0
0
0
0
0
0
0
0
0
0
0
0
0
0
0
0
1.4787465657086831
0
0
0
0
0
0
0
0
0
0
0
0
0.5720967679505191
0
0
0
0
0
0.4471580313422192
0
0
0
0
0
0
0
0
0
0
0
0
0
0
0
0
0
0
0
0
0
0
0
0
0
0
0
0
0.6342446746993636
0
0
0
0
0
0
0
0
0
0
0
0
1.7481880270062005
0
0
0
0
0
0
0
0
4.004677375653634
0
0
0
0
0
0.2857900291072444
0
1.2719890029816512
0
0
1.7481880270062005
0
0
0
1.7481880270062005
0
0
0
0
0
0
0
0
0
0.6342446746993636
0.6020599913279624
0
0
0
0
0
0
0
0
0
0
0
2.8943160626844384
0
0
0
0
0
0.9700367766225568
0
0
0
0
0
0
0
0
0
1.5532173168837793
0
0
0
0
0
0
0
0
0
0
0
0
0
0
0.7004960366683257
0
0.2568263331719277
0
0
0
0
0
0.4471580313422192
0
0
0
0
0
0
0
0
0
0
1.0492180226701815
0
0
0
0
0
0.20084036889183965
0
0
0
0.24303804868629442
0
4.679643876419342
0
0
0
0
0
0
0
0
0
0
0.2857900291072444
0.8767682140694281
0
0
0.7481880270062005
0
0
0
0
0
0
0
1.7481880270062005
0
0
0
0
0
0
0
0
0
3.612359947967774
1.7940341018171537
0
2.705221336920253
0
0
2.542133544573076
0
0
0
0
0
0
0
1.7481880270062005
0
0
0
1.7481880270062005
0
1.5978935504801417
0
0
0
0
0
0
0
0
0
0
0
0
0
0
0
0
0
0
0
0
0
0
0
2.292256071356476
2.070956422511706
0
0
0
0
0
0
0.24987747321659984
0
0
0
0.3168242628472131
0
0
0
0.09497551323085675
3.665361469389207
0
0
0
0
0
0
0
0
1.146128035678238
0.8999315146960273
0
0
1.4471580313422192
0
0
0
0
1.271066772286538
0
0
0
0
0
0.8450980400142568
0
0.27106677228653797
1.0492180226701815
0
0
0.49291552190289434
0
0
0
0
0
0
0
0
0
0
0
0
0
0
1.496376054012401
0
0
0
0
0
0.24303804868629442
0
0
0
0
0
0
0
0
0
0
0
0
0
0
0
0
0
0
0
0
0
0
0
0
0
0
0
0
0
0
0
0
0
0
0.5685936185963477
0
0
0.8450980400142568
0
1.9992880742122945
0
0
0
0
0.8115306923679884
0
0
0
0
0
0
0
0
0
0
0
1.7481880270062005
0.9700367766225568
0
0
0
0.3368088607787805
2.098436045340363
0
0
0
0
0
0
0
0
0
0
0
0
0
0
0
0
0
0
0
0
4.341474094026657
1.7481880270062005
0
0
0
0
0
0
0
0
0
1.0492180226701815
0
0
0
0.33321467903538243
0
0
0
0
0.6342446746993636
0
0
0.06694678963061322
0
0.6123599479677745
1.4471580313422192
0
1.271066772286538
0
0
0
2.098436045340363
0
0
0.9030899869919435
0
0
0
0
0
0
0
0
0
0
0
0
0
0
0
0
0
0
0
0
0
0
0
0
0
0
0
0
0
0
0
0
0
0
0
0
0
0
0
0.9030899869919435
0
0
0
0
0
0
0
0
0
0
0
0
0
0.35214018803804364
0
0
0
0
0
0
0.5177391056279265
0
1.271066772286538
0
0
0
0
0
0
0
0
0
0
0
0
0
0.8543019532462637
0
0
0
0
1.4471580313422192
1.4083032781601144
0
0
0
0
0
1.146128035678238
0
0
0
2.098436045340363
0
0
0
0
0
0
0
0
0
0
0
0
0
0.5720967679505191
0.8943160626844384
0
0.11471957142661392
0
0
0
0
0
0
0
0
0.5720967679505191
0
0.7004960366683257
0
0
0
0
0.7939455175668755
0
0
0
0
0
0
1.146128035678238
0
0
0
0
0
0
0
0
0
0
0
1.7481880270062005
0
0
0
0
1.4471580313422192
0
0
0
0
0
0
0
0
0
0
0
0
0
0
0
0
0
0
0.7729203819772151
0
0
1.4471580313422192
0
0
0.48607609737258883
0.48607609737258883
1.3414740940266576
0
0
0
0.0939040501434783
0
0.7939455175668755
0
0
0
0
0
0
0
1.4471580313422192
1.9027340240980908
0
0
0
0
0
0
0
0
0
0
0
0
0
0
0
0
0
0
0
0
0
0
0
0
0
0
0
1.4471580313422192
0.28492653969257026
1.6901960800285136
0
0
0
0
0
0
0
0
0
0
2.5352941200427703
0
0
0
0
0
0
0
0
0
0
0
0
0
0
0
0
0
0
0.146128035678238
0
0
0
0
0
0
0
0
1.271066772286538
2.4082399653118496
0
0
0
0
0
0
0
2.292256071356476
0
0
0
0
0
0
0
0
0.36797678529459443
0
0
0
0
0
0
0
0
0
0
0
0
0
0
0
0
2.207860711767567
0
0
0
0
0
0.36797678529459443
0
0
0
0
0
0
0
0
1.271066772286538
0
1.4471580313422192
0
0
0
0
0
0
0
0
0
0.5219275227991806
0
0
0
0
0
0
0
0
0.6336485256944262
0
0
0
0
0
0
0
0
2.542133544573076
0
0
0
0
0
0
0
0
0
0
0
0
0
0
0
0
0
0
0
0
0
0
1.4471580313422192
0
0
0
0
0
0
0
0
0
0
0.6020599913279624
0.46943442605337143
0.09497551323085675
0
0
0
1.7481880270062005
0
0
0
0
0
0.44679635999090495
1.5532173168837793
0
1.1039303558837834
0
0
0
0
3.3321467903538244
0.5720967679505191
0
5.237316189043403
0
0
0
0
0
0
0
0
0
0
0
0
0.09497551323085675
0
0
3.4383841070347136
0
0
0
0
0
0
1.146128035678238
0
0
0
0
0
0
0
0
0
0
0
0
0
0
0
3.2461227694719534
1.9400735532451137
0
0
0
0
0.4259687322722811
0
0
0
0
0
0
0
0.9700367766225568
0
0
0
0
1.271066772286538
0
1.0507440550024887
0
0
0
0
0
2.8271813673919013
0.43838410703471403
0
0
0.24303804868629442
0
0
0
0
0.9030899869919435
0
0
0
0
0
0
0.41840088382821605
0.8703082651979719
0
0
0
0.0
0
0
0
0
2.4841766065300463
0
0
0
0.15650675023913052
0
0
0.36326814521433326
0
0
0
0.379902052923427
0
0.9858630986206744
0
0
0
0.3937441813614532
0
1.641418851941463
1.271066772286538
0
4.251062100874683
2.9574931314173662
1.7481880270062005
0.9130820288457953
0
0
2.4082399653118496
1.4135906836959506
0
0
0
0
0
0
0
0.0
0
0
0
0
0
0.11956078702705682
0
0
0
4.947567392935827
0.17998630293920545
0
0.5440680443502757
0
0
0
0
0.8668364398557811
0
0
0
0
0
0
0
0
0.13389357926122644
0
0
0
0
0
0
0
0.8450980400142568
0
0
0
0.148681412727174
0
0
0
0
0
0
0
0
0
0.9497551323085675
0.20308925454132043
0
0
0
0
0
0
0
0
0
0
0
0
1.4135906836959506
0
0
5.244564081018601
0.6501273298918357
0
0
0
0
0
0
0
0
0
0
0
0
0
0
1.1039303558837834
0
0
1.3414740940266576
0
0
2.5369786987974545
0
0
0
0
0
0
0
0
0
0
0
0
0
0
0
0
0
0
0
0
0
0
0
0
0
0
0
1.271066772286538
0
0
0
0
0
0
0
0
0
0
0
0
0
0
1.2684893493987273
0
0
0
0
0
0
0
0
0
0
0.9700367766225568
0
0
0
0
1.3414740940266576
0
0
0
0
0
0
0
0
2.098436045340363
0
0
0
1.146128035678238
0
0
0
1.4471580313422192
0.8450980400142568
0
0.9700367766225568
0
0
4.463418808023936
0
2.120386025543926
0.7688717579216373
0
0
0
0
0.3168242628472131
0
0
0
0
0
0
0
0
0
0
0
1.0842670891461519
0
1.035478211255853
0
0
0
0
0
0
1.7481880270062005
0
0
0
0
2.217769839930492
0
0
1.4471580313422192
0
0
0.1252054001913044
0
0
0
0.9030899869919435
0
1.271066772286538
0
0
0
0
0.8450980400142568
0
0
1.4471580313422192
0
0
0
0
0
0
0
0.1739758409330602
0
0
0
0
0
0
0
2.3471721302668573
0
0
2.7092699609758304
0
0
0
0
0
0
0
0
0
0.7939455175668755
0
0
0
0
1.3380135619171512
0
1.146128035678238
0
0
0
1.7481880270062005
1.4471580313422192
0
0.9030899869919435
0
0
0
0
0
0
0
1.0492180226701815
0.3655606581743768
1.496376054012401
0
0
0
0
0
0
0
0
0.6342446746993636
0
0.7939455175668755
0
0
0
0
0
0
0
0
0
0
0
0
0
0
0
0
0
0
0
0
0
0
0
0
0
0
0
0
0
0
0.33321467903538243
0
0
0
0
0
1.6901960800285136
0
0
0
0
0
0
0
3.3321467903538244
0.2568263331719277
0
0
0
0.6342446746993636
0
0
0
0
0
0
0
0
0
0
1.0492180226701815
0
0
0
0
0
1.7038749290891244
0
0
0
0
0
0
0
1.7481880270062005
0
0
0
0
0
0
0
1.7481880270062005
0
0
3.6232233616406977
0
0.5177391056279265
0
0
0
0
0
0
0
0
0
0
0
0
0
0
0
0
0
0
0.7067953418479753
0
0
0
0
0
0
0
1.146128035678238
0
0
0
0
0
0
0
0
0
0
0
0
0.8450980400142568
0
0
0
0
0
0
0
0.9858310438057887
0
0
0
0
0
1.7481880270062005
0.8745711562580994
0
0.27106677228653797
0
0
0
0
0
1.223017968113247
0
0
0
0
0
0
1.4471580313422192
1.0881360887005513
0
0
0
0
0.4471580313422192
0
0
2.542133544573076
0
0
0.3158853436646376
2.0070203428757267
0
0.6020599913279624
0
3.8801471064902273
0
0
0
0
0
0
0
0
0
0
0
0
0
0.292256071356476
1.587891035133751
0
0
0
0
0
0
0.6342446746993636
0
0.9030899869919435
0
0
0
0
0
0
0
1.1105925392201428
0
0
0
0
0
0
0
0
0
0
0
0.5177391056279265
0
0
0
0
0
0
1.9009455770832786
0
1.4471580313422192
0
0
0
0
0
0
2.0546106653754217
0
0
0
0
0
0.46943442605337143
1.9496568435966761
0
0
0
0
0.5421335445730759
0
0.5738917777298728
0
0
5.708202072294273
0
0.49218022670181655
0
0.292256071356476
0
0
0
0.46943442605337143
1.2186375325781846
0
0
0
0
0.0
0
0
0.27106677228653797
0
0
0
0
0
0
0.4713702599391036
0
0
0
0
0
0
0
0
0
0
0
0.0
0
0
0
0
1.6901960800285136
0
0.7856170998985059
0
0
0
0
0
1.0492180226701815
0
0
0
0
0
0
0.0
0
0
0
0.9858310438057887
0.4471580313422192
0
1.271066772286538
0
0
0
0.5416166811458598
2.3818365527006264
1.146128035678238
0
0
0
1.4009920733366514
0
0.3142060515600389
0.08543019532462637
0
0.13540417028646495
0
0
0.24987747321659984
0
0.08123570181652817
0
2.8943160626844384
0
0
0
2.45173612833914
0
0.7359535705891889
0
0
1.749142312516199
0
1.2684893493987273
0
0
0
0
2.292256071356476
0
0
1.271066772286538
1.035478211255853
0
0
0
0
0
0
3.496376054012401
0
0
1.271066772286538
0.48741421089916903
0
0
0
0
0
0
0
0
0
0
0
0
0
0
0.6020599913279624
0.9030899869919435
0.8294857762673917
0
0
0
0
1.7481880270062005
0
0
0
0.8935927199818099
4.141912845023412
0
0
0
0
0
0.7729203819772151
0
0
1.0492180226701815
5.512418539060345
0
0
0
0
0
0
0
0
0
