0.6342446746993636
0
0.7939455175668755
0
0
0
0
0
0
0
0
0
0
0
0
0
0
0
0
0
0
0
0
0
0
0
0
0.7939455175668755
0.6690067809585756
0
0
0
0
0
0
0
0
1.4471580313422192
1.4471580313422192
0
0
1.7481880270062005
0
0
0
0
0
0
0
2.292256071356476
1.4471580313422192
0
0
0
0
0
0
0
0
0
1.2684893493987273
0
0
0
0
0
0
0
0
0
0
0
0
0
0
0
0
1.7481880270062005
0
0
0
0
0
0
0
0
1.1593805729658226
0
0
0
0
0
0
0
0
0
0
0
0
0
0
0
0
0
0
0
0
0
0
0
0
0
0
0
0
0
0
0
0
0
0
0
0
0
0
0
0
0
0
0
0
0
0
0
0
1.4471580313422192
0
0
0
0
0
0
0
0
0
0
0
0
0
0
0
0
0
0
0
0
0
0
0
0
0
0
0
0
0
0
0
0
0
0
0
0
0
0
0
0
0
1.146128035678238
0
0
0
0
0
0
0
0
0
0
0
0
0
0
0
0.7939455175668755
0
0
0
0
0
0
0
0
0
0.6342446746993636
0
0
0
0
0
0
0
0
0
0
0
0
0
0
0
0
0
0
0
0
0
1.4787465657086831
0
0
0
0.7067953418479753
0
0
0
0
0
0
0
0
0
0
0
0
0
0.6690067809585756
0
0
0
0
0
0
0
0
0
0
0
0
0.33321467903538243
0.9700367766225568
0.6690067809585756
0
0
0
1.7481880270062005
0
0
0
0
0
0
0.5440680443502757
0
0
0
0
0
0
0
0
0
0
0
0
0.38646019098860757
0
0
0.7481880270062005
0
0
0
0
1.4471580313422192
0
0
0
0
0
0
0
0
0
0
0
0
0
0
0
0
0
1.2684893493987273
0
0
0
0
0
0
0
0
0
0
0
0
0
0
0
1.496376054012401
0
0
0
0
0
0
0
0
0
0
1.4471580313422192
0
0
0.6690067809585756
0
0
0
0
1.4471580313422192
0
0
0
0
0.24303804868629442
0
0
0
1.7481880270062005
0
0
0
0
0
0
0
0
0
0.7067953418479753
0
0
0
0
0
0
0
0.4057653461839942
0
0
0
0.023912157405411364
0
0
0
0
0
0
0
0
0
0
0
0
0
0
0
0
1.0492180226701815
0
0.6020599913279624
0
0.21670910996394527
0
0
0
1.1441935359010382
0.5720967679505191
0
0
0
0
0
0
0
0
0
0
0
0
0
0.6020599913279624
0
1.0492180226701815
0
0
0
0
1.7481880270062005
0
0
0
1.0507440550024887
0
0
0
0.6342446746993636
0
0
0
0
0
0
0
0
0
0
0
0
2.120386025543926
0
0
1.2684893493987273
1.0492180226701815
0
0
0.584512142712952
0
0
0
0
0
0
0
0
0
0
0
0
0
0
0
0
0
0
0
0.9030899869919435
0
0
0
0
0
0
0
0
0
0
0
0
0
0
0
0
0
0
0
0
0
0
0
0
0.9721521947451777
0
0
0
0
0
0.11956078702705682
0
0.17998630293920545
0.49291552190289434
0
0
1.0273053326877108
0
0
0.9700367766225568
0
0
0
0
0
0
0
0
0
0
0
0
0
0
0
0
0
0.6020599913279624
0
0
0
0
0
0
0
0
0
0
0
0
0
0
0
0
0
0
0.46943442605337143
0
0
0
0
0
1.035478211255853
0.7481880270062005
0
0
0
0.0626027000956522
0
0
0
0
0
0.35024801833416286
0
0
0
0
0
0
0.0
1.271066772286538
0.15650675023913052
0
0
0
0
0
0.6342446746993636
0
0
0
0.03912668755978263
0
0
0
0
0
0
0
0
0
0
0
0
0
0
0
0
0
0
0
0
0.6020599913279624
0
1.4471580313422192
1.4471580313422192
0
0
0
0
0
0
0
0
0
1.7481880270062005
1.7481880270062005
0
0
0
0
0
0
0
0
0
0
0.5416166811458598
0
0
0
0
0
0
0
0
0
0
0.7939455175668755
0
0
0
0
0
0
0
0
0
0
0
0
0
0
0
0
0
0
0
0
0
0
0.20411998265592482
0
0
0
0
0
0
0
0
0
0
0
1.271066772286538
0
0
0
0
0
0
1.0881360887005513
0
0
0
0
0
0
0
0
0
0
0
0
0
0
0
0
0
0
0
0
0
0
0
0
0
0
0
0
0
0
0
0
0
0
0
0
0
0
0
0
0
0
1.7481880270062005
0
0
0
0
0
0
0
2.292256071356476
0
0
1.4471580313422192
0
0
0
0
0
0
0
0
0
0
0
0
0.8519374645445622
0
0
0
0
0
0
0
0
0
0
0
0
0
0
0
0
0
0
0
0
0
0
0
0
0
0
0
0
0
0
0
0
0.6020599913279624
0
0
0
0
0
0
0
0
0
0
0
0
0
0.040617850908264086
0
0
0
0
0.8115306923679884
0
0
0
0.36797678529459443
0
0
0
0
0
0
0
0
0
0
0
0.4471580313422192
2.098436045340363
0
0
0
0
0
0
0
0
0
0
0
0
0
0
0
0
0
0
0.7481880270062005
0
0
0
0
0
0
0
0
0
0
0
0
0
0
0
0
0
0
0.5177391056279265
0
0
0
0
0.36797678529459443
0
0
0
0
0
0
0.047382801549695645
0.04921802267018165
0
0
0.24303804868629442
0.36797678529459443
1.271066772286538
0
0
0
0
0
0
0
0
0.1571234199797012
0
0
0
0.6664293580707649
0
0
0
0
0
0
0
0
0
0
0
0
0
0
0
0
0.36797678529459443
0
0
0
0
0
0
0
0
0
0
0
0.9504727885416393
0
0
0
0
0
0
0
0
0
0
0
0
0
0
0
0
0
0
0
0
0.16840443038939024
1.6329598612473986
0
0
0
0
0
0
0
0
0
0
0
0
0
0
0
0
0
0
0
0
0
0
0
0
0
0
0
0
0
0
0
0
0
0
0
0
0
1.271066772286538
1.4471580313422192
0
0
0
0
0
1.146128035678238
0
0
0
0
0
0
0
0
0
0
0
0
0
0
0
0
0
0
0
0
0
0
0
0
0
0
0
0
0
0.12493873660829992
0
0
0
0
0
0
0
0
0
0
0
0.9388688521067429
0
0
0
0
0
0
0
0
0
1.4471580313422192
0
0
0
0
0
0
0
0
0
0
0
0
0
0
0
0
0
0
0
0
0
0
0
0
0
0
0
0
0
0
0
0
0
0
0
0.15218033814096588
0.7067953418479753
1.271066772286538
0
0
0
0
0
0
0
0
0
0
0
1.2041199826559248
0
0
0
0
0
0
0
0
0
0
0.49291552190289434
0
0
0
0
0
0
0
0
0
0
0
0
0
0
0
0
0
0
0
0
0
0
0
0
0.2562905859738791
0
0
0
0
0
0.0
0
0
0
0.0
0
0.21670910996394527
0
0
0
0
0.5715800582144888
0
0
0
0
0
0
0
0
0
0
0
0
0
0
0
0
0
0
0.21670910996394527
0
0
0
0
0
0
0
0
0
0
0
0
0
0
1.7481880270062005
0
0
0
0
0
0
0
0
0
0
0
0.6342446746993636
0
0
0
0
0
0
0
0.4471580313422192
0
0
0
0
0
0
0
0
0
0
0
0
0
0
0
0
0
0
0
0
0
0
0
0
0
0
0
0
0
0
0
0
0
0
0
0
0.12493873660829992
0.9700367766225568
0
0
0
0
0
0
0
0
0
0
0
0
0
0
0
0
0
0.13389357926122644
0
0
0
0
0
1.4135906836959506
0
0
0
0
0
0
0
0
0
1.271066772286538
0
0
0
0
0
0
0
0
0
0
0
0
0
0
0
1.7481880270062005
0
0
0
0
0
0
0
0.4057653461839942
0
0
0
0.9858310438057887
0
0
0
0
0.09497551323085675
0
0
0
0
0
0
0
0
0
0
1.7481880270062005
0
0
0
0
0
0
0
0
0
0
0
0
0
0.1899510264617135
0
0
0
0.30436067628193175
0
0
0
1.0492180226701815
0
0
0
0
0
0
0
0
0
0.3168242628472131
0
0
0
2.244564081018601
0
0
0
0
0
0
0
0
0
2.8943160626844384
0
0
0
0.09564862962164546
0
0
0
0
0
0
0
0
0
0
0
0
0
0
0
0
0
0
6.3216299089436045
1.4471580313422192
0
0
0
0
0
0
0
0
0
0
0
0
0
0
0
0
0
0
0
0
0
0
0
0
0
0
0
0
0
0
1.0492180226701815
0
0
0
0
0
0
0
0
0
0.04921802267018165
0
0
0
2.292256071356476
0
0
0
0
0
0
0
0
0
0
0
0
0
0
0.20411998265592482
0
0
0
0
0
0
0.46862752741429253
0
0
0
1.7481880270062005
0
1.0492180226701815
0
1.4471580313422192
0
0
0
0
0
0
0
0
0
0
0
0
0.6690067809585756
0
0
0
0
0
0
0
0
0
0
0
0
0
0
0
0
0
0
0
0
0
0
0
0
0
0
0
0
0.9030899869919435
0
0
1.6901960800285136
0
1.7481880270062005
0
0
0
0
0
0
0
0
0
0
0
0
0
0
0
0
0
0
0
0
0.16840443038939024
0
0
0
0
0
0
0
5.244564081018601
0
0
1.7481880270062005
0
0
0
0
0
0
0
0
0
0
0
0
0
0
0
0
0
0
0
0
0
0
0
1.146128035678238
0
0
0
0
0
0
0
0
0
0
0
0
1.0492180226701815
0
0
0
0
0
0
0
0
0.6020599913279624
0
0
0.6336485256944262
0
0
0
0
0.6690067809585756
0
0
0
0
0
0
0
0
0
0
0
0
0
0
0.3168242628472131
0
0
0
0
0
0
0
0
0
0
0
0
0
0.2568263331719277
1.271066772286538
0
0
0
0
0
0
0
0
0.6690067809585756
0.1252054001913044
0
0
0
0
0
0
0
0
0
0
0
0
0
0
0
0
0
0
0
0
0
0
0
0
0.2568263331719277
0
0
0.6342446746993636
0
0
0
0
0
0
0
0
0.4997549464331997
0
0
0.2568263331719277
0
0
0
0.8519374645445622
0
1.271066772286538
0
0
0
0
0
0
0
0
0
0
0
0
0
0
0
0
0
0
0
0
0
0
0
0
0
0
0
0
0
0
0
0.8450980400142568
0
0
0
0.20411998265592482
0
0
0
0
0
0
0
0
0
0
0
0.24303804868629442
0.7067953418479753
0
0
0
1.146128035678238
0
0
0
0
0
0
0
0
0
0
0
0
0
0
0
0
0
1.146128035678238
0
0
0.08123570181652817
0
0
0
0
0
0
0
0
0
0
0.07609016907048294
0
0
0
0
0
0
0
0
0
0
0
0
0
1.4471580313422192
0
0
0
0
0
0
0
0
0
0
0
0
0
0
0
0
0
0
0
1.0492180226701815
0
0
0
0
0
0
0
0
0
0
1.146128035678238
0
0
0
0
0
0
0
0
0
0
0
0
0
0
0.5720967679505191
0
0
0
0
0
0
0
0
0
0
0
0
0
0
0
0
0
0
0
0
0
0
0
0
0
0
0
0
0
0
0
0
0
0
0.9030899869919435
0
0
0
0
0
0
0
0
0
0
1.7481880270062005
0
0
0
0
0
0
0
0
0
0.19188552623891314
0
0
0
0
0
0
0
0
0
0
0
0
0
0
0
0
0
0
0
0
0
0
0
0
0
0
0
0
0
0
0
0
0
0
0
0
0
0
0
0
0.9030899869919435
0
0
0
0
0
0
0
0
0
0
0
0
0
0
0
0
0
0
0
0
0
0
0
0
0
0
0
0
0
0
0
0
0
0
1.146128035678238
0
1.271066772286538
0
2.8943160626844384
0
0
0
0
0
0
0
0
0
0
0
0.38646019098860757
0
0
0
0
0
0
0
0
0
0
0
0
0
0
0
0
0
0
0
0
0
0
0
0
0
0
0
0
0
0
0
0
0
0
0
0
0
0
0
0
0
0
0
0
0
0
0
0
0
0
0
0
0
0
0
0
0
0
0
0
0
0
0
0.9700367766225568
0
0
0
0
0
0
0
0
0
0
0
0
0
0
0
0
0
0
0
0
0
1.4471580313422192
1.271066772286538
0
0
0
0
0
0
0
0
0
0
0
0
0
0
0
0
0
0
0
0
0
0
0
0
0
0.7331474536400908
0
0
1.0492180226701815
0
0
0
0
0
0
0
0
0
0
0
0
0
0
0.17998630293920545
0
0
0
0
0
0
0
0
1.271066772286538
0
0
0
0
0
0
0
0.20084036889183965
0
0
0.9700367766225568
0
0
0
0
0
0
0
0
0
0
0
0
0
0
0
0
0
1.4471580313422192
0
0
0
0
0
0
0
0
0
0.27106677228653797
0
0
0
0
0
0
0
0
0
0
0.6020599913279624
0
0
0
0
0
0
0
0
0
0.9030899869919435
0
0
0
0
1.0492180226701815
0
0
0
0
0
0
0
0
0
0
0
1.169024285425904
0
0
0
0
0.9504727885416393
0
0
0
0
0.24303804868629442
0
0
0.9700367766225568
0
0
0
0
0
0
0
0
0
0
0
0
0
0
0
1.2684893493987273
1.271066772286538
0
0
0
0
0
0
0
0
0
0
1.0492180226701815
0
0
0
0
0
0.33321467903538243
0
0
0
1.271066772286538
0
0
0
0
0
0
0
0
0
0
0
0
0
0
0
0
0
0
0
0
0
0
0
0
0
0
0
0
0
0
0
0
0
0
0
0
0
0
0
0
0
0
0
0
0
0
0
0
0
0.13389357926122644
0
0
0
0
0
0
0
0
0
0
0
0
4.468337619453344
0
0
0
0.9186963485132517
0
1.4471580313422192
0
1.4471580313422192
0
0
0
0
0
0
0
0
0
0
0
0
0
0
0
0
0
0
0.4259687322722811
0
1.4471580313422192
0
0
0
0
0
0.4471580313422192
0
0.7067953418479753
0
0
0
0
1.4471580313422192
0
0
2.542133544573076
0
0
1.146128035678238
0
0
0
0
0
0
0
0
0
0
0
0
0
0
0
0
0
0
0
0
0
0.6336485256944262
0
0
0
0
0
0
1.271066772286538
0
0
0
0
0
0
0
0
0
0
0
0
0.08543019532462637
0
0
0
0
0
0
0
0
0
0.05477736258369568
0
0
0
0
0
0.38646019098860757
0
0
0
0
0
0
0
0
0
0
0
0.9388688521067429
0
0
0
0
0
0
0
1.271066772286538
0
0
0
0
0
0
0
0
0
0
0
1.4471580313422192
0
0
0
0
0
0
0
0
0
0
0
0
0
0
0
0
0
0
0
0
0
0
0
0
0
0
0
0
0
0
0
0
0
0
0
0
1.7481880270062005
0
0
0
2.542133544573076
0
0
0
0
0
0
0
0
0
0
0
0
0
1.7481880270062005
0
0
0
0
0
0
0
0
1.4471580313422192
0
0
0
0
0
1.0492180226701815
0
0
0
0
0
1.6901960800285136
0
0
0
0
0
0
0
0
0
0
0
0
0
0
0
0
0
0
0
0
0
0
0
0
0
0
0.22943914285322783
0
0
0
0
0.33321467903538243
0
0
0
0
0
0
0
0
0
0
0
0
0
0
0
0
0
0
0
0
0
0
0
0
0.6770208514323248
0
1.7481880270062005
0
0
0
0
0
0
0
0
0
0
0
0
0
0
0
0
0
0
0
0
0
0
1.271066772286538
0
0.7481880270062005
0
0
0
0
0
0
0
0
0
0
0
0
0
0
0
0.4057653461839942
0
0
0
0
0
0
0
0
0
0
0
0
0
0
0
0
1.4471580313422192
0.032184683371401235
0
0
1.0492180226701815
0
0
0
0
0
0
0
0
0
0
0
0
0.46943442605337143
0
0
0
0
0
0
0
0
0
0
0
0
0
0
0
0
0.7481880270062005
0
0
0
0
2.542133544573076
0
0
0
0
0
0
0
0
0
0
0
0
0
0
0.7067953418479753
0
1.7481880270062005
0
0
0
0
0
0
0
0
0
0
0
0
0
0
0
0
0
0
0.20084036889183965
0
0
0
0
0
0
0
0
0
0
0
0
0
0
0
0
0
0
0
0
0
0
0
1.7481880270062005
0
0
0
0
0
0.36797678529459443
0
0
0
0
0
0
0
0
0
0
0
1.7481880270062005
0
0
0
0
0
0
0
0
0
0
0
0
0
0
0
0
0
0.24303804868629442
1.146128035678238
0
0
0.0
0
0.7067953418479753
1.271066772286538
0
0
0
0.6690067809585756
0
0
0
0
0
0
0
0
1.7481880270062005
0
0
0
0
0
0
0.7067953418479753
0
0.40621251085939486
0
0
0
0
0.5440680443502757
9.030899869919436
0
0
0
0
0
0.9030899869919435
0
0.3168242628472131
0
0
0
0
0
0
0
0
0
0
0
0
0.04782431481082273
0
0
0
0
0
0
1.146128035678238
0
0
0
0
0
0
0
0.6020599913279624
0
0
0
0
0
0
0
0
0.16840443038939024
0
0
0
0.09564862962164546
0
0
0
0
0
0
0
0
0.3368088607787805
0
0
0.9700367766225568
0
0
0
0
0.22967408712831291
0
0
0
0
0
0
0.007825337511956526
0
0
0
0
0.7939455175668755
0
0
0
0
0
0
0
0
0
0
0
0
0
0
0
0
0
0
0
0
0
0.9700367766225568
0
0
0
0
0
0.06317706873292753
0
0.19188552623891314
0
0
0
0
0
0
0
0
0
0
0
0
0
0
0
0
0
0
0
0
0
0
0
1.2041199826559248
0
0
0
0
0
0
0
0
0
0
0
0
0
0
0
0
1.271066772286538
0
0
0
0
0
0
0
0
0
0
0
0
0
0
0
0
1.7481880270062005
0
0
0
0
0
0
0
0
0
0
0
0
0
0
0
0
1.7481880270062005
0
0
0
0
0
0
0
0
0
0
0
0
0
0
0
0
0
0
0
0
0
0
0
0
0
0
0
0
0
0
0
0
0
0
0
0
0
0.5440680443502757
0
0
0
0
0
1.7481880270062005
0
1.6901960800285136
0
0
0
0
0
0
0
0
0
0
0
0.2568263331719277
0
0
0
0
0
0
0
0
0
0
0
0
0
1.0492180226701815
0
0
0
0
0
0
0
0
0
0
0
0
0.7481880270062005
0
0
0.1571234199797012
0
0
0
0
0
0
0
0.12873873348560494
0
0
0
0
0
0
1.7481880270062005
0
0
0
0
0
0
0
0
0
0
0
1.035478211255853
0
1.1441935359010382
0
0
0
1.7481880270062005
0
0
0
0
0
0
1.271066772286538
0
0.12873873348560494
0
0
0
0
0
0
0
0
0
0
0
0
0
0.19188552623891314
0
0
0
0
0
0
0
0
0
0
0
0
0
0
0.5440680443502757
0
0
0
0.35024801833416286
0
0
0
0
0
0
0
0
0
0
0
0
0
0
0
0
0
0
0
0
0
0
0
0
0
0
0
0
0
0
1.0492180226701815
0
0.20947070104002594
0
0
0
0
0
0
0
0
0
0
0
0
0
0
0
0
0.38646019098860757
0
1.4471580313422192
0
0
0
0.6690067809585756
0
0
0
0
1.7481880270062005
0.0
0
0
0
0
0
0
0
0
0
0
0
0
0
0
0
0
0
0
0
0
0
0
0
0
0
0
0
1.4471580313422192
0
0
0
0
0
0
1.0492180226701815
0
0
0
0
0
0
0
0
0
0
0
0
1.4471580313422192
0
0
0
0
0
0
0
0
0
0
0
0
0
0
0
1.4471580313422192
0
0
0
0
0
0
0
1.271066772286538
0
0
0
0
0
0
0
0
0
0
0
0
0
0
0.6020599913279624
0
0.6501273298918357
0.6246936830414996
0
0.6664293580707649
0
0
0
0
0
0
0
0
0.43341821992789054
0
0
0
0
0
0
0
0
0
0
0
0
0
0
0
0
0.7939455175668755
0
0
0
0
0
0
0
0
0
0
0
0
0
0
0
0
0
0
1.2172960385519827
0
0
0
0
0
0
0
0
0
0
0.6690067809585756
0
1.4471580313422192
1.146128035678238
0
0
0
0
0.5720967679505191
0
1.7481880270062005
0
0
0
0
0
0
0.5715800582144888
0
1.0492180226701815
0
0
0
0
0
0
0
0
0
0
0
0
0
0
0
0
0
0
0
0
0.08543019532462637
0
0
0
0
0
1.4471580313422192
0
0.6020599913279624
0
0
0
0
0
0
0
0
0
0
0
0.24609011335090827
0
0
0
1.4471580313422192
0
0
0
0
0
0
0
0
0
0
0
0
0
0
1.146128035678238
0.7481880270062005
0
0
0
0
1.4471580313422192
0
0
0
0
0
0
0
0
0
0
0
0
0
0
0
0
0
0
0
0
0
0
0
0
0
0
0.7481880270062005
0
0
0
0
0
0.7067953418479753
0.0
0
0
0
0
0
0
0
0
0
0
0
0
0
0
0
0
0
0
0
0
0
0
0
0
0
0
0.9030899869919435
0
0
0
0
0
0
0
0.7717391672570176
0
0
0
0
0
0
0
0
0
0
0
0
0
0
0.6020599913279624
0
0
0
0
0
0
0
0
1.146128035678238
0
0
0
0
0
0
0
0
0
0
0
0
0
0
0
0
0
0.0313013500478261
0
0
0
0
0
0
0
0
0
0
0
0
0
0
0
0
0
0
0
0
0
0
0
0
0
0
0.9858310438057887
0
0
0
0
0
0.7067953418479753
0
0
0
0
0
0
0
0
0
0
0
0
0
0
0
0
0
0
0
0
0
0
1.271066772286538
0
0
0
0
0
0.7481880270062005
0
0.7939455175668755
0
0
0
0
0
1.806179973983887
0
0
0
1.271066772286538
0
0
0
0
0.33321467903538243
1.271066772286538
0.4259687322722811
0.11598389395537347
0
0
0
0
0
0
0
0
0
0
0
0
0
0
0
0
0
0
0
0.22827050721144881
1.0492180226701815
0
0
0
1.271066772286538
0
1.7481880270062005
0
0
0
0
0
0.38646019098860757
0.9388688521067429
0.4259687322722811
0
0
0
0
0
0
0
0
1.7481880270062005
1.7481880270062005
0.5440680443502757
0
0
0
0
0
0
0
0
0
0
0
0
0
0
0
0
0
0
0
0
0
0
0
0.06694678963061322
0
0
0
0
0
0
0
0
0
0
0
0
0
0
0
0
0
0
0
0
0
0
0.3479516818661204
0
0
0
0
0
0.33321467903538243
0.8450980400142568
0.9030899869919435
0
0.031588534366463764
0
0
0
0
0
0
1.7481880270062005
0
0
0
0
0
1.2041199826559248
0
0
3.496376054012401
0
0
0
0
0
0
0
0
0.5421335445730759
0
0
0
0
0
0
0
0
0
1.9027340240980908
0
0
0
0
0
0
0
0
0
0
0
0
0.7481880270062005
0.17086039064925274
0
0
0
0
0
0
0
0
0
0
0
0
0
0
0
0
0
0.1571234199797012
0
0
0
0
0
0
0
0
0
0
0
0
0
1.7481880270062005
0.2857900291072444
0
0
0
0
0
0
0
0
0
0
0
0
0
0
0
0
0
0
0
0
0
0
0
0
0.10473535052001297
0
0
0
0
0.6342446746993636
0
0
0
0
0
0
0
0
0
0
0.45934817425662583
0
0
0.12635413746585505
0
0.2568263331719277
0
0
0
0
1.4471580313422192
0
0
0
0
0
0
0
0
0
0
0
0
0
0
0
0
0
0.12185355272479226
0
0
0
0
0
3.496376054012401
0
0
0
0
0
0
0
0
0.6690067809585756
1.7481880270062005
0
0
0
0
0
0
0
0
0
0.4713702599391036
0
0
0
0
0
0
0
0
0
0
0
0
0
0
0
1.6901960800285136
0
0
0
0
0
0.15218033814096588
0
0.4748775661542837
0
0
0
0
0
1.7481880270062005
0
0
0
0
0
0
0
0
0
0
0
0
0
0
0
0
0.3010299956639812
0
0
0
0.17998630293920545
0
0
0
0
0
0
0
0
0
0
0
0
0
0
0
0
0
0
0
0
0
0
0
0
0
0
0
0
0
0
0
0
0.17998630293920545
0
0
0
0
0
0
0
0
0
1.146128035678238
0
0
0
0
0
0
0.16247140363305634
0
0
0
0
0
0
0
1.496376054012401
1.7481880270062005
0
0
1.4471580313422192
0
0
0
0.7067953418479753
0
0
0
0
0
0
0
0
0
0
0
0
0
0
0
0.46943442605337143
0
0
0
0
0
0
0
0
0
0
0
0
0
0
0
0.5720967679505191
0.6020599913279624
0
0
0
0
0
0
0
0
0
1.4471580313422192
0
0
0
0
0
2.8943160626844384
0.30009107648140576
0
0.7481880270062005
0
0
0
0
0.379902052923427
0
0
0
0
0
0
0
0
0
0
0.6342446746993636
0
0
0
0
0
0
0
0
0
0
0
0
0
0
0
0
1.1441935359010382
0
0
0
0
0
0
0.6770208514323248
0.07825337511956526
0
0
0
0
0
0
0
0
0
0
0
0
0
0
0.16092341685700617
0.3142468399594024
0
0
0
0.7067953418479753
0
0
6.351564140535004
0
0
0
0
0
0
0
0
0
0
0.21670910996394527
0
0
0
0
0
0
0
0.5980113672723846
0.8450980400142568
0
0
0
0
0
0
0
0
0
0
0
0
0
0
0
0
0
0
0
0
0
0.13389357926122644
0
0
0.4505855671996173
0
0
0
0
0
0
0
0
0
1.4009920733366514
0
0
0
0.5720967679505191
0
0
0
0
0
0
0
0
0
0
0
0
0
0
0
0
0
0
0
0
0
0
0
0
0
0
0
0
0
0
0
0
0.4259687322722811
1.7481880270062005
0.0
0
0
0
0
0
0
0
0
0.13540417028646495
0
0.040617850908264086
0
0
0
0
0
0
0
0
0
0
0
0
0
0
0
0
0.3142468399594024
0
0
1.0881360887005513
0
0
0
0
0
0
0
0
0
0
0
0
0
0
0
0
0
0
0
0
0
0
0
0
0
0
0
1.7481880270062005
0
0
0
0
0
0
0
0
1.2672970513888524
0
0
0
0.49291552190289434
0
1.7481880270062005
0
0
4.196872090680726
1.146128035678238
0
1.2041199826559248
0
0
1.2684893493987273
4.947567392935827
0
0
0
0
0
0
0
0
0
0
0
0
0
0
0.0
0
0
0
0
0
0
0
0
0
0.09564862962164546
1.7481880270062005
0
0
0
0
2.542133544573076
0
0
0
0
0
0
0
0.2857900291072444
0.3168242628472131
0
0
0
0
0
0
0
0
0
0
0
0
0
0
0
0.11956078702705682
0
0
0
0
0
0.22967408712831291
0
0
0
0
0
0
0
0
0.8943160626844384
0
0
0
0
0.0
0
0
0
0
0.047382801549695645
0
0
0
0
0
0
0
0
0
0
0
0
0
0
0
0
0
0
0
0
0
0
0
0
0.2899597348884337
2.542133544573076
0
0
0
0
0
0
0
0
0
0
0
0
1.4471580313422192
0
0
0
0
0
0
0
0
0
0
0
0
0
0
0
0
0
0
0.48607609737258883
0
0
0
0
0
0
0
0
0
0
0
0
0
0
0
0
0
0
0
0
0
0
0
0
0
0
0
0
0
0
0
0
0
0
0
0
0
0
0.38646019098860757
0
0
0
0.34415871427984174
0
0
0
0
0
0
0
0
0
0.4259687322722811
0
0
0
0
0
0
0.22967408712831291
0
0
0
0
0
0
0
0
0
0
0
0
0
0
0
0
0
0
0
0
0
0
0
0
0
0
0.8115306923679884
0
1.4471580313422192
0
0
0
0
0
0
0
0
0
0
2.1762721774011027
0
0
0
0.0
0
0
0
1.5169637697476168
0
0
0
0
0
0
0
0
0.6342446746993636
0
0
0
0
0
0
0
1.4471580313422192
0
0
0
0
0
0
0
0
0
0
0
0
0
0
0
0
0
0
0
0
0
0
0
0
0
0
0
0
0
0
0
0
0
0
0
0
0
0
0
0
0
0
0
1.4471580313422192
0
2.542133544573076
0
0
0.5421335445730759
0
0
0
0
0
0.9372550548285851
0
0
0
0
0
0
0
1.0492180226701815
0
0
0
0
0
0
0
0
0
0
0
0
0
0
0
0
0
0
0
0
0
0
0
0
0
0
0
0
0
1.4719071411783777
0
1.146128035678238
0.4189414020800519
0
0
0
0.146128035678238
0
0
1.7481880270062005
0
0
0
0
0
0
0
0.49291552190289434
0.7939455175668755
0
0
0
0
0
0
0
0
0
0
0
0.5720967679505191
0
0
0
0
0
0
0
0
0
0
0
0.9700367766225568
0
0
0.17998630293920545
0
0
0
0
0
0
0
0
0
0
0
0
0
0
0
0
0
0
0
0
0
0
0
0
0
0
0
0
0
0
0
0
0
0
0
0
0
0
0
0
0
0
0
0
0
0
0
0
0
0
0.06436936674280247
0
0
0
0
0
0
0
0
0
0
0
0
0
0
0
0
0
0
0
0
0
0
0
0
1.2684893493987273
0
0
0
0
0
0
0.7067953418479753
0
0
0
0
0.49291552190289434
0
0
0.2857900291072444
0
0
0
0
0
0
0
0
1.587891035133751
0
0
0
0
0
1.2684893493987273
0.9858310438057887
0
0
0.9030899869919435
0
7.359074590544331
0
0
0
0
0
0
0
0
0
0
0
0
0
0
0
0
0
1.0492180226701815
0
2.860483839752596
0
0
0
0
0
0
0
0
0
0
0
0
0
0
0
0
0
0.8450980400142568
0
0
0
0
0
0
0
0
0
0
0
0
0.7481880270062005
0
0
0.8115306923679884
0
0.4713702599391036
0
0.7481880270062005
0
0
0
1.4471580313422192
1.4471580313422192
0
0
0
0
0
0
0
0.2568263331719277
0
0
0
0.7939455175668755
0
0
0
0.8420221519469512
0
0
0
0
0
0
0
0
0
0
0
0
0
0
0
0
0
0
0
0
0
0
0
0
0.7481880270062005
0
0
0
0.04782431481082273
0
0
0
0
0
0
0
0
0
0
0
0
0
0
1.271066772286538
0
0
0
0
0
0
0
0
0
0
0
0
0
0
0
0
0.16840443038939024
0
0
0
0
0
0
0
0
1.035478211255853
0
0
0
0
0
0
0
0
0
0
0
0
0
0
0
0
0
0
0
0
0
0
0
0
0
0
1.035478211255853
0
0
0
0
0.5440680443502757
0
0
0
0
0
0
0
0
0
0
0
0
0
0
0
0
0
0
0.33321467903538243
0
0
0
0
0.13540417028646495
0
0
0
0
0
0
0
0
0
0.7481880270062005
0
0
0
0
0
0
0
3.3803921600570273
0
0
0
0
0
0
0
0
0
0
0
0
0
0
0
0
0
0
0
0
0
0
0
0
0
0
0.6690067809585756
0
0
0
0
0
0
1.7481880270062005
0.8668364398557811
0
0
0
0
0
0
0
0
0
0
0
0
0
0
0
0
0.46943442605337143
0
0
0
0
0
0
0
0
0
0.6284936799188048
1.7481880270062005
1.496376054012401
0
0
0
0
0
0
0
0
1.271066772286538
0
0
0
0
0
0
0
0
0
0
0
0
0
0
0
0
0
0
0
0
0
0
0
0
0
0
0
0
0
0
0.7067953418479753
0
0
0.015794267183231882
0
0.40823996531184964
0
0
0
0
0
0
0
0
0
0
0
0
0
1.7481880270062005
0
1.4471580313422192
0
0
0
0
0
0
0
0
0
0
0
0
0
0
0
0
0
0
0
0
0
0
0
0
0
0
0
0
0
0
0
0
0
0.7067953418479753
0
0
0
0
0
0
0
0
0
0
0
0
0
0
0
0
1.7481880270062005
0
1.146128035678238
3.1476540680105445
0
0
0
0
0
0.9700367766225568
0
0
0
0
0
0
0
1.9027340240980908
0
0.49291552190289434
0
0
0
0
0
0
0
0.9030899869919435
0.5440680443502757
0
0
0
0
0
0
0
0
1.7481880270062005
2.6829481880533153
0
0.5440680443502757
0
0
0
0
0
0
0
0
0
0
0
0
0
0.35024801833416286
0
0
0
0
0
0
0
0
2.292256071356476
0
0
0
0.6342446746993636
0
0
0
0
0
0
0
0
1.7481880270062005
1.806179973983887
0
0
0
0
0
0
0
0
0
0
0
0
0
0
0
0
0
0.2857900291072444
0
0.2677871585224529
0
0
0
0
0
0
0
0
1.0492180226701815
0
0
0
0
0
0.4057653461839942
0
0.6342446746993636
1.2041199826559248
0
0
0
0
0
0
0
0
0
0
0
0
0
0
0
0
0
0
0
0
0
0
0
0
0
0
0
0
0
0
0
0
0
0
0
0
1.146128035678238
0
0
0.9996440371061472
0
0
0
0
0
0
0
0
0
0
0
0
0
0
0
0
0
0
0
0
0
0
0
0
0
0
0
0.4016807377836793
0
1.271066772286538
0
1.215190243431472
0
0
0
0
0
0
0
0
0
0
0
0
0
0.292256071356476
0
0
0
0
0
0
0
0
0
0
0
0
0
0
0
0
0
0.3368088607787805
0.8450980400142568
0.6342446746993636
1.2041199826559248
0
0
0
0
0
0
0
0
0
0
0
0
0
0
0
0
0
0
0
0.22827050721144881
0
0
0
0
0
0
0
0
0
0
0
0
1.4471580313422192
0
0
0
0
0.7067953418479753
0
0
0
0
0
0
0
0
0
0
0
0
0
0
0
0
0
0.3168242628472131
0
0
0
0
0.6664293580707649
0
0
0
0
0
0
0
0
0
0
0
0
0
0
0
0
0
0
0
0
0
0
0
0
0
0
1.0492180226701815
0
0
0
0
0
0
0
0
0
1.271066772286538
0
0
0
0
0
0
0
0
0
0
0
0
0
0
0
0
0
0
0
0
0
0
0
0
0
0
0
0
0
0
0
0
0
0
0
0
0
0
9.93398985691138
0
0
0
0.9030899869919435
0
0
0
0
0
0.047382801549695645
0
0
0
0
0
0
0
0
0
0
0
0
0
0
0
0
1.271066772286538
0
0
0
0
0
0
0
0
0.36797678529459443
0.16840443038939024
0
0
0
0
0
0
0
0
0
0
0
0
0
0
0
0
0
0
0
0
0
0
0
0
0
0
0
0
0
0
0
0
0
0
0
0
0
0
1.4471580313422192
0
0
0
0
0
0.06694678963061322
0
0.20411998265592482
0
0
0
0
0
0
0
0
0
0.9030899869919435
0
0
0
0
0
0
0
0
0
0
0
0
0
0
0
0
0
0
0
0
0
0
1.146128035678238
0
0
0
0
0
0
0
0
0
0
0
0
0
0.48607609737258883
0
0
0
0
0
0
0
0
0
0
0
0
0
0
0
0
0.007825337511956526
0
0
0
0
0
0
0
0
0
0
0
0
0
0
0
0
0
0
0.5177391056279265
0
0
0
0.17086039064925274
0
0
0
0.7481880270062005
0
0
0
0
0
0
0
0
0
0
0
0
0
0
0
0
1.0881360887005513
0
0
0
0
0
0
0
0
0
0
0
0.11471957142661392
1.7481880270062005
0
1.4471580313422192
0
0
0
0
0
0
0
0
0
0
0
0
1.587891035133751
0
0
0
0
0
0
0
0
0
0
0
0
0
0
0
0
0
0
0
0
0
0
0
0
0
0
0
0
0
0
0
0
0
0
0
0
0
0
0
0
0
0
0
0.7067953418479753
0
0
0
0
0
0
0
0
0
0
0.03912668755978263
0
0
0
0
0
0
0
0
0
0
0
0
0
0
0
0
0
0
0
0
0
1.7162903038515573
0
0
0
0
0
0
0
0
0
0.5440680443502757
0
0
0
0
0
0
0
0.09497551323085675
0
0
0
0
0
0
0
0
1.4471580313422192
0
0
0
0
0
1.7481880270062005
1.4471580313422192
0
0.22967408712831291
0
0
0
0
0
0
0
0
0
0
0
0
0.146128035678238
0
0
0
0
0
0
0
0
0
0
0
0
0
0
0
0
0
0
0
0
0
0
0
1.0492180226701815
0
0
0
0
0
0
0
0
0
0
0
0
0
0
0
0
0
1.0881360887005513
0
0
0
0
0
1.496376054012401
0
0
0
0
0
0
0
0
0
0
0
0
0
0
0
0
0
0
0
0
0
0
0.2899597348884337
0
0
0
0
1.0492180226701815
0
0
0
0
0
0
0
1.4471580313422192
0
0
0
0
0
0
0
0
0
0
0
0
0
0
0
0
0
0
0
0
0
0
0
0
0
0
0
0
0
0
0
0
0
0
0
0
0
1.146128035678238
0
0
0.09497551323085675
0
0
0
0
0
0
0
0
0
0
0
0
0
0
0
0
0
0
0
0
0
0
0
0
0
0
0
0
0
0
0
0
0
1.0447306455394243
0
0
0
0.9700367766225568
0
0
0
0
0
0
0
0
0
0
0
0
2.5352941200427703
0
0
0
0
0
0
0
0
0
0
0
0
0
1.271066772286538
0.4259687322722811
0
0
0
0
0
0
0
0
0
0
0
0
0
0
0
0
0
0
0
0
0.7067953418479753
0
0
0
0.24303804868629442
0
0
0
0
0
0
0
0
0
0
0
0.22529278359980864
0.13389357926122644
0
1.271066772286538
0.8450980400142568
0.0
0
0
0
0
0.146128035678238
0
0
0
0.07042803760760873
0
0
0.015794267183231882
0
0
0
0.09497551323085675
0
0.1739758409330602
0
0
0
0.1968720906807266
0
0.12873873348560494
0
0
0
0
0
0.07609016907048294
0
0
0.3010299956639812
0
0
0
0
0
0
0
0
0.0
0
0
0
0
0
0.04782431481082273
0
0
0
0
0.3599726058784109
0
0
1.4471580313422192
0
0
0
0
0
0
0
0
0
0
0
0
0.13389357926122644
0
0
0
0
0
0
0
0
1.0492180226701815
0
0
0.01565067502391305
0
0
0
0
0
0
0
0
1.7481880270062005
0.379902052923427
0.08123570181652817
1.4471580313422192
0
0
0
0
0
0
0
1.4471580313422192
0
0
0
0.7067953418479753
0
0
0
0
0
0
0.4259687322722811
1.7481880270062005
0
0
0
0
0
0
0
0
0
0
0.7359535705891889
0
0
0
0
0
0
0
1.146128035678238
0
0
0
0
0
0
0
0
0
0
0
0
0
0.2562905859738791
0
0
0
0
1.146128035678238
0
0
0
0
0
0
0
0
1.0492180226701815
0
0
0
0
0
0
0
0
0
0
1.4471580313422192
0
0
0
0
0
0
0
0
0
0
1.146128035678238
0
0
0
0
0
0
0
0
0
0
0
0
0
0
0
0
2.286320232857955
0
0
0
0
0
0
0
0
0
0
1.4471580313422192
0
0.4057653461839942
0
0
0.17086039064925274
0
0
0
0
0.3168242628472131
0
0
0
0
0
0
0
0
0
0
1.146128035678238
0
0
0
0.9030899869919435
0
0
1.271066772286538
0
0
0
0
0
0
0
0
0
0
0
0
0
0.03912668755978263
0
0
0
0
1.0492180226701815
0
0
0
0
0
0
0
0
0
0
0
0
0
0
0
0
0.11598389395537347
0
0
0
0
0
0
0
0
0
0
0
0
0
0
0
0
0
0
0
0
0
0
0
0
0
0
2.8943160626844384
0
0
0
0
0
0
0
0
0
1.7481880270062005
0
0
0
0
0
0
0.12185355272479226
0.7481880270062005
0
0
0
0
0
0
0
0.46943442605337143
0
0
0
0
0
0
0
1.7481880270062005
0
0
0.7004960366683257
0
0
0
0
0
0
1.0492180226701815
0
0
0
0
0
0
1.146128035678238
0
0.5440680443502757
0
0
0
0
0
0
0
0
0
0
0
1.7481880270062005
0
0
0
0
0
0
0
0
0.33321467903538243
0
0
0
0
0
0
0
0
0
1.7481880270062005
0
0
0
0
0
0
0
0
0
0
0
0.4259687322722811
0
0
0
0
0
1.146128035678238
0
0
0
0
0
0
0
0
0
0
0
0
0.12493873660829992
0
0
0
0
0
0
0
0
0
0
0
0
0
0.4471580313422192
0
0
0
0.38646019098860757
0
0
0
0
0
1.4471580313422192
0
0
0
0
0
0
0.7704789995157831
1.9716620876115774
0
0
2.9101103298676705
0
0
0
0
0
0
0
0
0
0
0
0
0
0
0
0
0
0
0
0
0
0
0
0
0
0
0
0
0
0
0
0
1.1039303558837834
0
0
0
0
0
0
0
0
0
0.8943160626844384
0
0
0
0.146128035678238
0
0.06317706873292753
0
0
1.2041199826559248
0
0
0
0
0
0
0
0
0
0
0
0
0
0
0
0.292256071356476
0
0
0
0
0
0
0
0
0
0.9030899869919435
1.3380135619171512
0
0
0
0
0
0
0
0
0
0
0
0
0
0
0
0
1.4009920733366514
1.1039303558837834
0
0
0
0
0
0
0
0
0
0
0
0
0
0
0
0
0
0
1.271066772286538
0
0
0
0
0
1.2041199826559248
0
0
0
0
0
0.023912157405411364
0
0
0
0
0.14765406801054495
0
0.146128035678238
0
0
0
0
0.40621251085939486
0
0
0
0
0.0
0
0
0
0
0
0
0
0
0
0.1571234199797012
0
0
0
0
0
0
0
0
0
0
0
0.0
0
0
0
0
0
0
0
0
0
0
0
0
0
0
0
0
0
0
0
0.0
0
0
1.7481880270062005
0
0.4471580313422192
0
0
1.4471580313422192
0
0
0.13540417028646495
0
0
0
0.49291552190289434
0
0
0
0
0.34172078129850547
0
0.2708083405729299
0
0
0.12493873660829992
0
0.040617850908264086
0
0
0
0
0
0
0
0.36797678529459443
1.0492180226701815
0
0.12493873660829992
0
0
0
0
0.8450980400142568
0
0
0
0
0
0
1.146128035678238
0
0
0
0
0
0
0
0
0
0.3655606581743768
0
0
0
0
0
0
1.4471580313422192
0
0
0
0
0
0
0
0
0.6020599913279624
0.023476012535869575
0
0
0
0
0
0
0
0
0.040617850908264086
0
0
0
0
0
0
0
0
0
0
0.9351424307334514
0
0
0
0
0
0
0
0
0
