2.106915203916512
0
0
0
0
0
0
5.807354922057604
0
0
0
0
0
0
0
0
0
0
0
0
0
0
0
0
0
0
0
0
2.222392421336448
0
0
0
0
0
0
0
3.807354922057604
0
0
0
0
0
0
0
0
0
0
0
0
0
0
0
3.807354922057604
0
0
0
0
0
0
0
2.106915203916512
0
0
0
0
0
0
0
0
0
0
0
0
0
1.7198920808072646
0
0
0
5.807354922057604
0
0
0
4.222392421336448
2.2138304078330235
0
0
0
0
0
0
0
0
2.4854268271702415
0
0
0
0
0
0
0
0
0
0
0
0
0
0
0
0
0
0
5.807354922057604
0
0
0
0
0
0
0
0
0
0
0
1.7198920808072646
0
0
0
0
0
0
0
0
0
0
3.222392421336448
0
0
0
0
0
0
0
0
0
0
0
0
0
0
0
0
0
0
0
0
0
0
0
0
0
0
0
1.1634987322828796
0
0
0
0
0
4.222392421336448
0
0
0
0
0
0
0
3.4854268271702415
0
0
3.0
0
0
3.0
0
0
0
2.6374299206152916
0
0
0
3.4854268271702415
0
4.222392421336448
0
0
0
0
0
0
0
0
0
0
2.106915203916512
0
5.807354922057604
0
0
0
0
0
0
0
0
0
0
0
0
0
0
0
0
0
1.1069152039165118
0
0
1.2837929660005913
0
0
2.347923303420307
0
0
0
0
0
0
0
0
1.8987478538600642
0
0
0
0
2.222392421336448
0
0
0
0
0
0
0
0
0
0
0
0
1.1069152039165118
3.222392421336448
2.222392421336448
0
0
0
0
0
0
0
0
0
0
1.8073549220576042
0
0
0
0
0
0
0
0
5.807354922057604
0
0
0
1.2837929660005913
0
2.222392421336448
2.4854268271702415
0
0
0
0
0
0
0
0
0
0
0
1.8073549220576042
0
0
0
2.347923303420307
0
0
0
0
0
2.347923303420307
2.106915203916512
0
0
0
0
0
0
0
0
0
0
5.807354922057604
0
0
0
0
0
0
0
0
0
2.4854268271702415
0
0
0
0
0
0
0
0
0
0
0
0
0
0
0
0
0
0
0.8073549220576041
0
2.807354922057604
3.4854268271702415
0
0
0
0
0
0
0
0
0
0
0
0
0
0
0
0
0
0
0
0
0
0
0.23830340248321474
0
0
0
0
0
0
3.0
2.347923303420307
0
0
4.222392421336448
0
0
0
0
0
0
0
0
0
0.7198920808072646
0
0
2.807354922057604
0
0
3.0
0
0
0
0
0
0
0
0
0
0
0
0
0
0
0
0
0
0
0
0
0
0
0
1.1634987322828796
0
0
0
0
0
0
0
0
0
0
0
3.0
0
0
0
0
0
0
0
0
0
0
0
0.9708536543404833
0
0
0
0
0
0
0
0
0
0
8.422064766172813
0
0
0
0
0
0
0
0
0
0
0
0
0
0
0
0
0
0
0
0
0
0
0
0
0
0
0
0
1.7198920808072646
0
2.222392421336448
0
0
2.422064766172812
3.118854817228037
0.6539949291315182
0
0
0
0.7149102074496443
0
0
3.2748598412305836
0
0
0.8531586116707288
0
0
0
0
0
0
3.807354922057604
0
0
0
0
0
0
0
3.222392421336448
3.4854268271702415
0
0
0
0
2.0
0
0
0
0
0
0
0
0
0
2.222392421336448
4.222392421336448
0
0
0
0
0
0
0
0
0
0
0
0
1.8073549220576042
1.7198920808072646
0
0
0
0
0.23395687679649918
0
0
0
0
0
0
1.7063172233414576
0
0
0
0
1.8009286528981712
0.0
0
0.2599520853294435
0
0
0
0
0
2.106915203916512
0
0
0
0.15597125119766614
0
0
0
0
0
0
0
0
0
0
0
0
0
0
0
0
1.8073549220576042
0
0
0
2.0
0
0
0
1.2620073029117176
0
0
0
0
0
0
0
0
0
0
0
0
0
0
0
0
0
0
0
0
1.3494087523185616
0
0
0
2.0
1.5259216053983014
0
1.1634987322828796
0
0
0
0
0
0
0
0
0
0
0
0
0
0
0
0
0
0
0
4.222392421336448
0
0
0
0
3.0
0
0.6780719051126377
0
0
0
0
0
0
0
0
0
0
0
0
0
0
2.347923303420307
0
4.222392421336448
0
0
0
0
3.222392421336448
0
12.889569685345792
0
0
0
0
1.4397841616145293
0
5.807354922057604
3.0
0
0
4.807354922057604
0
0
0
0
0
0
0
0
0
0
0
0
0
0
0
0
0.9493739269300321
0
0
0
0
0
0
0
0
4.807354922057604
0
0
0
0
0
0
0
0
0
0
0
0
0
0
0
0
3.222392421336448
0
0
0
0
5.807354922057604
0
0
0
0
0
0
0
0
0
0
0
0
0
0
0
0
0
0
0
0
0
0
0
0
0
0
0
0
0
0
0
0
0
0
0
2.0
0
0
0
0
0
0
0
0
0
0
0
0
0
0.6746479004305432
0
0
0
0
0
0
0
0
0
0
0
0
0
0
0
0
0
0
6.667177264009345
0
1.4854268271702418
0
4.222392421336448
4.807354922057604
0
0
0
0
0
0
0
0
0
0
0
0
0
0
0
0
2.4854268271702415
0
0
3.4854268271702415
0
0
0
0
0
0
4.807354922057604
0
0
0
0
0
0
6.444784842672896
0
0
0
0
0
0.9708536543404833
1.222392421336448
0
0
0
0
0
0
0.3148045193648129
0.3269974645657591
0
0
0.8073549220576041
2.444784842672896
0
0
0
0
0
0
0
0
0
2.087810812781423
0
0
0
1.1069152039165118
0
0
0
0
0
0
0
0
0
0
0
0
0
0
0
0
1.222392421336448
0
0
0
0
0
0
2.106915203916512
0
0
0
0
1.0524674198941355
0
0
0
0
0
0.8300749985576875
0
1.3479233034203069
0
0
0
0
0
0
0
0.8073549220576041
0
0.8531586116707288
0
0
3.9159918602981296
2.712287620450551
0
0
0
0
0
0
0
3.0
0
0
0
0
0
0
0
0
0
0
0
0
0
0
1.6374299206152918
0
0
4.807354922057604
0
0
0
0
0
0
0
0
0
0
0
0
0
0
0
0
0
0
0
0
0
0
0
0
0
0
0
0
0
0
0
4.0
3.0
3.0
0
0
0
0
0
0
0
0
0
0
0
0
0
0
3.735337493509594
0
0
0
0
0
0
0
0
0
0
2.4854268271702415
0
0
0
0
0
0
0
0
0
0
0
0
0
0
0
0
0
0
0
0
0
0
0
0
0
0
0
0
0
0
0
0
0
0
0
0
0
0
0
0
0
0
0
0
0
0
0.2527660703799667
0
0
0
0
0
0
0
0
0
0
0
0
0
0
0
0
0
0
0
0
3.4854268271702415
0
0
0
1.6374299206152918
0
0
0
5.807354922057604
0
0.7198920808072646
0
0
0
0
0
0
0
0
0
0
0
0
0
4.222392421336448
0
0
0
0
0.851378898001774
0
4.807354922057604
0
4.222392421336448
0
0.0
0
0
0
0.0
0
0.7198920808072646
0
0
0
8.444784842672895
0
2.104934839788271
0
0
0
0
0.7621803347110125
0
0
0
0
0
0
0
0
0
0
0
0
2.159676242421794
0
0
0
0
0
0
0
0
0
0
0
0
0
1.6374299206152918
0
0
1.4397841616145293
0
0
0
0
0
0
0
0
0
0
0
0
3.222392421336448
5.614709844115208
0
0
0
1.4854268271702418
0
0
4.444784842672896
0
0
0
0
0
0
2.106915203916512
0
0
0
0
0
0
0
0
0
0
0
0
0
0
0
0
0
0
0
0
0
0
0
0
0
0
0.41503749927884376
0
0
0
0
0
2.807354922057604
0
0
0
0
0
0
0
0
0
0
0
1.0
0.8895696853457921
0
3.4854268271702415
0
0
0
4.695846606840614
0
0
0
2.106915203916512
2.347923303420307
0
0
0
0
0
0
0
0
0
0
0
0
2.807354922057604
0
0
0
0
0
0
0
0
0
0
0
0
0
0
0
1.3479233034203069
0
0
0.6310036514558588
1.6374299206152918
1.118854817228037
0
0
0
0.3155018257279294
0
0
0
0
0
0
0
0
0
0
0
0
0
4.222392421336448
0
0
0
0
0
0
0
0
5.807354922057604
0
1.577509128639647
0
0
0
1.0110642815198667
0
0
0
0
0
0
0
0
0
0
0
0
0
1.0524674198941355
0
0
0
2.4854268271702415
0
0
0
0
0
4.807354922057604
0
0
0
0
0
0
0
1.3503859474048836
0
0
0
0
0
1.6374299206152918
0
0
0
0
2.807354922057604
0
0
0
0
0
0
0
3.0
0
0
0
0
3.0
0
0
0
0
0
0
0
0
0
0
0
0
0
0
0
0
4.444784842672896
0
0
0
0
0
0
0
0
0
3.4854268271702415
0
0
0
0
0
0
0
0
0
0.6539949291315182
3.4854268271702415
0
0
0
0
0
0
0
0
0
0
0
0
0
0
0
0
0
0.6780719051126377
0
5.807354922057604
0
0
0
0
0.8895696853457921
0
0
1.2748598412305836
0
0
0
0
0
0
0
0
0
0
0
0
0
0
0
5.807354922057604
0
0
0
0
0
0
0
0
0
0
0
0
0
0
0
0
3.4854268271702415
0
0
0
0
0
0
0
0
0
0
0
0
0
0
0
0
0
0
0
0
0
0
0
0
0
0
0
0
0
0
0
0
0
0
0
0
0
0
0
1.118854817228037
2.2138304078330235
0
0
0
0
0
0
0
0
0
0
0
0
0
0
0
0
0
0
0
0
0
0
0
0
0
0
0
0.8073549220576041
0
0
0
0
0
0
0
0
0
0
0
0
0
0
0
0
0
0
0
0
0
0
0
0
3.4854268271702415
0
0
0
0
3.807354922057604
1.0524674198941355
0
0
0
3.807354922057604
0
0
0
0
3.0
0
0
0
0
0
0
0
0
0
0
1.0524674198941355
0
0
0
0
0
0
0
0
0
0.8531586116707288
3.4854268271702415
1.0
4.222392421336448
1.7063172233414576
0
1.3916932136812272
1.6374299206152918
0
0
0
0
0
0
2.222392421336448
0.7538610474553863
0
0
0
2.6374299206152916
0
0
0
0
1.0
0
0
6.0
0
0
0
0
0
0
0
0
0
0
3.4854268271702415
4.222392421336448
3.4126344466829153
0
0
0
0
0
0
0
0
0
0
0
1.660149997115375
0
0
3.4126344466829153
0
0
0
0
0
0
0
0
0
0
0
0
0
0
0
0
0
0
0
0
0
0
0
0
0
0
0
0
0
0
0
0
0
0
0
4.444784842672896
0
0
0
8.444784842672895
0
2.034215715337913
0
0
0
0
0
0
0
0
0
0
0
0.8073549220576041
0
0
0
0
0
0
0
0
0
0
0
0
0
0
0
0
0
0
0
0
0
0
0
0
0
0.8095774805166518
0
0
0
0
0
0
0
0
0
0
2.7804267741796336
0
0
0
0
0
4.04376991026092
0
4.213830407833024
0
0
2.5675859320011827
0
0
0
0
0
0
0
0
0
0
0
0
0
0
0
0
0
0
0
0
0
0
6.970853654340483
0
4.222392421336448
0
0
0
0
0
0
0
0
0
0
0
0
0
0
0
0
0
0
0.8073549220576041
0
0
0
0
0
0
0
0
0
1.2837929660005913
0
0
0
0
0
0
0
0
0
0
0
0
0
0
0
0
0
0
1.4150374992788437
0
0
0
0
0
0
0
0
0
0
0
0
0
0
0
0
0
1.1634987322828796
1.5594274086140185
0
0
0
0
0
0
0
0
0
0
0
0
0.6374299206152918
0
0
0
0
1.222392421336448
0
0
0
0
0
0
0
6.667177264009345
0
0
0
2.347923303420307
0
0
0
0
0
0
0
0
0
0
0
0
0
0
0
0
0
0
0
0
0
0
0
0
0
0
2.6374299206152916
0
0
0
1.2837929660005913
1.0524674198941355
0
0
0
1.4854268271702418
0
0
0
0
0
0
0
0
0
0
0
0
0
0
0
3.807354922057604
0
0
0
0
0
0
0
0
0
0
0
0
0
0
0
0
0
3.4126344466829153
1.6374299206152918
2.6374299206152916
2.807354922057604
0
1.2837929660005913
0
0
0
0
0
0
0
0
0
0
0
0
0
0
0
0
0
0
0
0
0
0
0
0
0
0
0
0
0
0
0
0
0
0
1.1958031128573088
1.1634987322828796
0
0
0
0
0
0
0
4.222392421336448
0
0
0
0
0
0
0
0
0
0
0
0
0
0
0
0
0
0
0
0
0
0
0
0
0
0
0
0
0
0
0
0
0
0
0
0
0
0
0
0
0
0
0
0
0
0
0
0
0
0
0
0
3.4854268271702415
0
0
0
0
0
4.213830407833024
0
0
0
0
6.11196210668224
0
0
0
0
0.3479233034203068
0
0
0
0
0
0
0
0
0
1.1069152039165118
0
0
0
0
0
0
0
0.5979015564286544
1.3494087523185616
0
0
0
0
6.320745611749536
0
0
0
0
0
0
0
0
0
0
0.6671772640093441
0
0
0
0
0
0
0
0
0
0
0
0
0
1.0524674198941355
0
0
0
0
0
0
0
0
0
0
0
0
0
0
0
0
0.9004643264490856
0
0
0
0
0
0
0
0
0
0
0
0
0
0
0
0
0
0
0
4.222392421336448
0
0
5.422064766172813
0
0
0
0
0
0
0
0
0
0
0
0
0
0
0.9708536543404833
0
0
0
0
0
0
0
0
0
0
0
0
0
0
0
0
0
0
0
0
0
0
0
0
0
0
0
0
0
0
0
0
0
0
0
0
0
0
0
0
3.4854268271702415
0
0
0
0
4.222392421336448
1.1069152039165118
0
0
0
0
0
0
0
0
0
0
0
0
1.2451124978365313
0
0
0
0
0
0
0
0
0
0
0
0
0
0
0
0
0
0
0
0
0
0
0
0
0
0
4.807354922057604
0
0
0
0
0
0
0
0
0
0
0
0
0
1.11196210668224
0
0
0
0
0
0
3.2748598412305836
0
0
0
0
0
0.899605834879041
5.807354922057604
2.106915203916512
0
0.7629608026991507
0
0
0
0
0
0
0
0
0
0
0
0
0
0
0
0
0
0
0
0
0
0
0
0
0
0
4.970853654340483
0
2.807354922057604
0
0
0
0
0
0
0
0
0
0
0
0
0
0
0
0
0
0
0
0
0
0
0
0
0
0
0
0
0
0
0
4.807354922057604
0
0
0
0
0
0
0
3.807354922057604
0
0
0
0
0
0
0
0
0
0
2.807354922057604
0
0
0
0
0
0.5675859320011827
0
0
4.695846606840614
0
0
0.7582982111399
0
0
0
0.025995208532944354
0
0
0
3.1574022596824065
0
0
0
0
0
0
0
0
0
0
0
0
0
1.5594274086140185
0
0
0
0
0
0
0
0
0
0
0
0
0
0
0
0
0
0
0
0
0
0
0
0
0
0
0
0
0
0
0
0
0
0
0
0
4.222392421336448
0
1.9004643264490857
0
0
0
4.222392421336448
0
0
0
0
0
0
0
0
0
0
0
0
0
0
0
0
0
0
0
0
0
0
0
0
0
0
0
0
0
0
0
0
0
0
0
0
0
0
0
0
0
0
0
0
0
0
0
0
0
1.3479233034203069
0
0
0
2.6374299206152916
0.8531586116707288
0
3.7974957077201283
0
0
0
0
2.91256096302145
1.0524674198941355
0
1.0
3.6147098441152083
0
0
0
0
0
0
3.0
0
0
0
0
0
0
0.38109016735550627
0
0
0
0
1.1069152039165118
0
0
0
0
0
0
0
0
0
0
0
0
0
0
0
0
0
0.8073549220576041
0
0
0
0
0
0
1.3494087523185616
0
0
0
0
0
0
0
0
0
0
0
0
0
0
0
0
0
3.807354922057604
0
4.222392421336448
0
0
0
3.4854268271702415
0
2.222392421336448
0
0
0
0
0
0
3.222392421336448
0
0
0
0
0
0
0
0
0
0
0
0
0
1.4854268271702418
0
0
0
0
0
0
0
0
0
0
0
0
0
0.6414912234990713
0
0
0
0
0
0
0
0
0
1.6374299206152918
0
0
0
3.1574022596824065
2.222392421336448
1.5594274086140185
0.8531586116707288
0
0
0
0
0
0
0
0
0
0
0
0
0
0
0
0
0
0
0
0
0
0
0
0
0
0
0
0
0
0
0
0
0
0
0
2.347923303420307
0
0
0
0
0
0
0
0
0
0
0
0
0
0
0.9004643264490856
0
0
0
0
2.347923303420307
1.3343545280186881
0
0
0
0
0
0
0
0
0
2.106915203916512
0
0
0
0
0
0
0
0
0
0
0
0
0
0
0
0
0
0
3.0
1.222392421336448
0
0
0
1.8073549220576042
0
0
0
0
0
0
0
0
0
0
0
3.4854268271702415
0
0
0
0
0
1.4150374992788437
0
0
0
0
0
0
0
0.8073549220576041
0
0
0
0.0
0
0
0
0
0
0
0
0
0
0
0
0
1.222392421336448
0
0
0
0
0
0
0
0
0
0
0
0
0
0
0
0
1.8073549220576042
3.0
0
0
0
0
0
0
0
1.0524674198941355
0
0
0
0
0
0
0
0
3.222392421336448
0
0
0
0.31773786997761966
1.7063172233414576
0
0
0
0
0
0
0
0
0
0
0
0
0
0
0
0
0
0
0
0
0
0
0.5594274086140185
0
0
0.5594274086140185
2.780206362304172
0
0
0
0
0
0
0
0
0.5594274086140185
0
0
0
0
0
0
0
0.7629608026991507
0
0
0
0
0
0
0.2599520853294435
0
0
0
0
2.6374299206152916
0
0
0
0
0
3.222392421336448
4.222392421336448
0
0
0
0
0
0
0
0
2.807354922057604
0
0
0
0
0
0
0
0
0
0
0
0.20986967957654193
0
0.6374299206152918
0
0
0
0
0
0
0
0
0
0
0
0
0
0
0
0
0
0
0
0
0
0
0
2.0
0
4.222392421336448
0
0
0
0
0
0
0
0
0
0
0
0
0
0
0
0
0
0
0
3.222392421336448
3.222392421336448
0
0
0
0
0
0
0
0
0
0
0
0
0
0
0
3.222392421336448
0
0
0
0
0
0
1.4854268271702418
4.222392421336448
0
0
0
0
1.222392421336448
0
0
0
0
0
0
0
0
0
0
0
0
0
0
0
0
0
0
0
0
0
0
0
0
0
0
0
0
0
0
0
0
0
0
0
0
0
0
0
0
0
0
0
0
0
0
2.6374299206152916
0
0
0
0
0
0
0
0
0
7.678427505036559
0
0
0
0
0
0
1.7198920808072646
0
0
0
0
0
0
0
0
4.807354922057604
0
0
0
0
0
0
0
0
0
0
0
0
0
0
2.106915203916512
0
0
0
0
0
0
0.5345760195825594
0
0
0
0
0
0
0
0
0
0
0
0
0
0
0
0
2.4854268271702415
0
0
0
1.9004643264490857
1.6374299206152918
0
0
0
4.807354922057604
0
3.807354922057604
0
0
0
0
0
1.2829824469981426
2.347923303420307
0
0
0
0
0
0
0
0
0
0
0
0
2.549719682461167
0
0
0
0
0
0
0
0.6780719051126377
0
0
0
0
0
0
5.422064766172813
0
0
0
0
0
0
0
0
0
0
1.4150374992788437
0
0
0
0
3.4854268271702415
0
0
0
0
0
0
0
0
0
0
0
0
0
0
0
1.8073549220576042
1.3561438102252754
0
0
0
1.0437699102609204
0
0
0
0
0
0
2.807354922057604
0
0
0
0
0
0
0
0
0
1.2837929660005913
0
0
0
0
0
0
0
0
0
0
0
0.0
2.106915203916512
0
0
2.106915203916512
0
0
0
0
0
0
0
0.4276608156660475
0
0
0
0
0
0
0
0
5.736869285537626
0
0
0
0
0
0
0
0.6780719051126377
0
0
0
1.4150374992788437
0
3.4854268271702415
8.144491125980156
0
0
0
0
0
1.2451124978365313
0
2.6374299206152916
0
0
0
0
0
0
0
0
3.222392421336448
0
0
0
0
0.7198920808072646
0
0
0
0
0
0
0
0
0
0
0
0
0
0
0
0
0
0
0
0
0
0
0
0
0
0
0
0
0
2.4854268271702415
0.7198920808072646
0
0
0
0
0
0
0
0
0
0
0
1.4397841616145293
0
0
0
0
1.0524674198941355
0
0
0
0
0
0
0
0
1.9004643264490857
0
0
0
0
0
0
0
0
0
3.807354922057604
0
0
0
0
0
2.222392421336448
0
0
0
0
0
1.3479233034203069
0
0
0
0
0
0
0
0
2.034215715337913
0
0
0
0
0
0
0
0
0
1.9004643264490857
0
0
0
0
0
0
0
2.807354922057604
0.9493739269300321
0
0
0
0
0
0
0
0
0
2.6374299206152916
0
0
0
0
0
0
0
0
0
0
0
0
0
0
0
0
0
0
0
0
0
0
0
0
0
0
0
0
0
0
0
0
1.144491125980157
0
0
0
0
0
0
0
0
0
0
0
0
0
0
0
0
0
2.4854268271702415
0
0
0
0
0
0
0
0
0
0
0
0
0
0
4.222392421336448
1.222392421336448
0
0
1.1069152039165118
0
0
0
0
0
0
0
1.8009286528981712
0
0
0
0
0
0
2.4854268271702415
0
0
0
0
0
0
0.0
0
0
0
0
0
0
0
0
0
1.9122897618458754
0
0
0
3.0
0
3.807354922057604
0
2.106915203916512
3.222392421336448
0
0
0
0
0
0
0
3.0
0
0
0
0
0
0
0
2.698591601722173
0
5.807354922057604
0
1.3479233034203069
0
2.4854268271702415
4.222392421336448
0
0
0
0
4.807354922057604
0
0
0
0
0
0
0
4.222392421336448
0
0
0
0
0
0
0
0
0
0
0
0
0
0
0
0
0
0
0
0
0
0.18196645973061049
0
0.48542682717024166
0
0
0
0
0
0
0
0
0
0
3.0
0
1.2620073029117176
0
0
0
0
0
0
0
0
0
0
0
0
0
0
4.6782822258420556
2.4854268271702415
0
0
0
0
0
0
0
0
0
0
0
0
0
1.3494087523185616
0
0
0
1.2837929660005913
0
1.8073549220576042
0
0
0
0
0
0
0
0
0
0
0
0
0
0
0
0
0
0
0
0
0
0
0
0
0
3.222392421336448
0
1.1069152039165118
0
1.4150374992788437
0.19264507794239583
0
0
0
0
0
0
7.04376991026092
0
0
0
0
0
0
0
0
0
0
0
0
2.2748946334197
0
0
0
0
0
0
0
0
0
0
0
0
0
1.5594274086140185
2.8300749985576874
0
0
4.222392421336448
0
0
0
0
1.6374299206152918
0
0
1.8073549220576042
3.2748598412305836
0
0
0
0
1.1958031128573088
0
0
0
0
0
0
3.222392421336448
0
0
0
0
0
0
0
0
0
0
0.22239242133644802
0
0
0
2.5675859320011827
0
0
0
0
0
0
0
0
0
0
0
0
0
1.2837929660005913
0
0
1.4397841616145293
1.4854268271702418
0.38529015588479165
0
0
0
0
0
1.1069152039165118
0
0
0
0.47220677904721936
0
0
0
0
0
0
0
0
0
0
0
0
0
0
0
0
0
0
0
0
0
0
0
0
0.9004643264490856
0
0
4.222392421336448
0
0
0
0
0
0
0
0
0
0
0
0
0
0
0
0
0
0
0
0
1.1351718640023654
0
0
0
0
0
0
0
0
0
1.0
0
0
0
0
5.807354922057604
0
5.614709844115208
2.087810812781423
0
0
0
0
0
0
0
0
0
0
0
0
0
0
0
0
0
0
0
0
0
0
0
0
0
0
0
0
0
0
0
0
0
0
0
0
0
0
0
2.0875398205218407
0
0
0
0
0
0
0
3.0
5.807354922057604
0
0
0
0
0
0
0
0
0
0.5246741989413548
0
2.5594758350121865
0
0
7.614709844115208
1.2837929660005913
0
0
0
0
0
0
0
0
0
0
0
2.6374299206152916
0
0
0
0
0
1.7063172233414576
0.13492958008610864
0
0
0
0
0
0
0
0
0
3.4854268271702415
0
0
0
0
0
0
0
0
0
0
0
0
0
0
0
1.0439054063907116
2.347923303420307
0
0
0
0
0
0
0
0
0
3.807354922057604
0
0
0
0
0
0
0
0
0
0
1.0110642815198667
0
0
0
0
0
0
0
0
0
0
0
0
0
0
0
2.347923303420307
0
0
0
0
1.9004643264490857
0
0
0
1.0
0
0
0
0.5979015564286544
0
0
0
0
0
0
0
0
0
0
0
4.222392421336448
0
0
0
0
2.222392421336448
0
0
0
0
0
0
0
2.444784842672896
0
0
0
0
0
0
0
0
0
0
0
0
0
0
0
0
3.0
0
0
0.48542682717024166
0
0
0
0
0.5397183203444346
0
0
0
0
0
0
0
0
0
0
0
0
0
0
0
2.347923303420307
0
0
0
0
0
0
0
0
0
0
4.222392421336448
0
0
0
0
0
0
0
0
0
3.807354922057604
0
0
0
0
0
0
0
0
0
0
0
0
0
0
2.4902249956730627
0
0
0
0
0
2.0
0
0
0
0
0
0
0
0.47220677904721936
0
0
0
0
0
0
0.9465054771837882
0
4.222392421336448
0
0
0
0
3.807354922057604
0
0
0
0
0
1.4150374992788437
0
3.6147098441152083
0
0
0
2.087810812781423
0
0
0
0
0
0
3.807354922057604
0
0
2.4854268271702415
0
0
0
0
0
0.4498029174395205
0.12997604266472176
0
0
0
0
2.159676242421794
0
3.6147098441152083
0
0
0
0
0
0
0
0.7484064274155832
0.5219527031953558
0
0
0
0
0
0
2.6374299206152916
0
0
0
0
0
0
0
0
0
0
1.4397841616145293
0
0
0
0
0
0
0
1.4189648300029567
0
0
0
0
0
0
0
0
0
0
0
0
0
0
0
0
0
0
0
0
0
0
0.6671772640093441
0
0
0.5345760195825594
0
0
0
0
0
0
0
0
0
4.653994929131518
0
0
0
0
0
0
0
0
0
0
0
0
0
0
0
0
0
0
0
0
0
4.222392421336448
0
0
0
0
0
0
0
0
0
0
0
0
0
0
0
0
0.0
0
0
0
0
0
0
0
0
0.4498029174395205
0
0.8095774805166518
0
0
0
0
0
0
1.1069152039165118
0
0
0
0
0
0
0
0
1.4854268271702418
2.609763515976779
0
4.185310895000581
1.8073549220576042
1.9004643264490857
0
4.807354922057604
0
0
0
0
0
0
0
0
0
0
0
0
0
0
3.0
0
0
0
0
0
0
4.222392421336448
0
0
0
0
0
0
0
0
0
0
1.6782822258420556
3.1574022596824065
0
0
0
1.6374299206152918
0
0
0
0
0
0
0
0
0
0
0
2.347923303420307
0
0
0
0
4.222392421336448
1.1069152039165118
0
0
0
0
0
0
0
0
0.0
0
0
0
0
2.4854268271702415
0
0
0
0
0.4766068049664295
0
0
0
3.187149603076459
0
0
0
0
0
0
0
0
0
0
0
0
0
0
0
0
0
0
0
0
0
0
0
0
0
0
0.6354757399552393
0
0
0
0
0
0.7629608026991507
0
0
0
0
2.222392421336448
0
0
0.6746479004305432
1.4854268271702418
0
0
0
0
0.0
0
0
0
0
0.41973935915308386
0
0
0
0
0
0
0
0
0
0
0
0
0
0
0
0
0
0
0
0
0
0
0
0
0.7705803117695833
0
0
0
0
0
0
0
0
0
0
0
0
0
0
0
0
0
2.6958466068406137
0
0
0
0
0
0
0
0
0
0
0
0
2.4854268271702415
0
3.2294196882304163
0
0
0
0
0
0
0
0
0
0
0
0
0
0
0
0
0
0
0
0
0
0
0
0
0
0
0
0
0
0
0
0
0
0
0
0
0
0
0
0
0
0
0.38109016735550627
0
0
0
0
0
0
0
0
0
1.4150374992788437
0
0
0
3.222392421336448
0
0
0.7629608026991507
0
0
0
0
0
0
0
0
0
0
0
0
1.2837929660005913
0
0
0
0
0
0
0
1.1634987322828796
0
0
1.4854268271702418
0
0
0
0
0
0
0
0
0
0
0
0
0
0
0
0
2.807354922057604
0
0
0.0
0
0
0
0.7198920808072646
0
0
0
0
0
0
0
0
0
0
0
0
0
0
0
0
0
0
4.807354922057604
0
0
0
0
0
0
0
0
0
0
0
0
0
0
0
2.807354922057604
0
0
3.4854268271702415
0
0
0
0
0
0
0
0
0
0
0
0
0
0
0
0
0
0
0
0
0
0
0
5.807354922057604
0
0
0
1.8009286528981712
0
0
0
0
0
0.44478484267289603
0
0
0
0
0
0
3.807354922057604
0
0
0
0
0
0
3.0
0
0
3.807354922057604
0
0
0
0
0
3.807354922057604
0
0
0
0
0
0
0
0
0
0
0
0
0
0
1.222392421336448
0
0
1.0437699102609204
0
0
0
0
0
0
0
0.6374299206152918
0
0
0
0
0
0
0
2.6374299206152916
0
0
0
0
0
0
0
0
0
0
0
0
3.222392421336448
0
0
0
0
0
0
0
0
0
0
0
4.0
1.2748598412305836
0
0
0
0
0
0
0
0
0
0
0
0
0
0
0
0
0
0
0
0
0
0
0
0
0
0
0
0
0
0
0
0
9.391693213681227
0
0
5.807354922057604
0
0
11.614709844115207
0
0
0
0
0
0
0
0
0
0
0
0
1.0691520391651188
0
0
0
0
0
0
0
0
0
0
0
0
0
0
0
0
0
0
0
0
6.0
3.0
0
0
0
0
0
0
0
0
0
0
0
0
3.807354922057604
0
1.6374299206152918
2.347923303420307
0
0.9493739269300321
0
0
0
0
3.7974957077201283
0
0
0
0
0
0
0
0
0
0
1.6374299206152918
0
5.807354922057604
3.0
0
2.222392421336448
0
0
0
0
0
0
0
0
0
0
0
0
0
0
0
0
0
0
0
0
0
0
0
0
2.6374299206152916
0
3.4854268271702415
0
0
0
0
0
0
0
0
0
0
0
0
0
0
0
0
0
0
0
0
0
0
0
0
0
0
0
0
0.5219527031953558
0
0
0
0
0
0
0
0
0
3.2748598412305836
0
0
0
0
1.7063172233414576
0
0
0
0
0
0
0
1.6782822258420556
0
0
0
0
0
0
0
0
0
0
0
0
0
0
0
0
0
0
0
0
0
0
0
0
0
0
0
0
0.23830340248321474
0
0
0
0
0
0
0
0
1.8073549220576042
0
0
0
0
0
0
2.347923303420307
0
0
0
0
0
0
0
0
0
0
1.8073549220576042
0
0
0
0
0
0
0
0
0
0
0
0
0
0
0
0
0
0
0
1.4854268271702418
0
0
0
0
0
0
0
0
0
0
0
0
0
0
0
0
0
0
0
0
1.7198920808072646
0
0
0
0
1.8073549220576042
0
0
0
0
0
0
1.4854268271702418
0.7629608026991507
0
0
0
0
0
0
1.5594274086140185
0
0
0
1.1069152039165118
0
0
0
0
0.899605834879041
0
3.4854268271702415
0
0
0
0
0
0
1.6374299206152918
0
0
0
0
0
0
0
0
0
0
0
0
0
0
0
1.5594274086140185
0
0
0
0
0
2.106915203916512
0
0
0
0
0
0
0
0
0
2.9708536543404835
0
0
0
0
0
0
0
0
0
0
0
0
0
0
0
2.5594758350121865
0
0
0
0
0
0
0
0
0
0
0
0
1.5594274086140185
0
0
0
0
0
0
0
0
0
1.0439054063907116
0
0
0
0
0
0
0
0
0
0
0
0
0
0
0
0
0
0
0
0
0
0
4.04376991026092
0
0
0
0
0
0
0
0
0
0
0
0
0
0
0
0
0
0
0
0
0
0.05246741989413548
0
2.034215715337913
0
0
0
0
4.222392421336448
0
0
0
0
0
2.8300749985576874
0
0
0
0
0
0
0
0
0
0
0
0
0
0
0
0
0
0
0
0
2.288882408097452
0
0
0
0
0
2.034215715337913
0
0
0
0
0
1.9004643264490857
0
0
0
0
0
0
0
0
0
2.6374299206152916
0
0
3.0
1.4150374992788437
0
0
0
0
0
0
0
0
0
0
0
0
0
0
0
0
0
0
0
0
0
0
0
0
0
0
0
1.6374299206152918
0
0
0
0
0
0
0
0
0
0
1.8073549220576042
0
0
0
0
0
0
0
1.4854268271702418
0
0
0
0
0
0
0
0
0
0
0
0
0
0
0
0
0
0
0
0
0
0
0
0
0
0
0
0
0
0
0
0
4.807354922057604
3.4854268271702415
0
4.807354922057604
0
0
0
0
0
0
0
0
1.7063172233414576
0
0
0
0
0
0
0
0
0
0
0
0.9493739269300321
0
0.44478484267289603
0
0
0
0
0
0
0
2.807354922057604
3.4854268271702415
0
0
0
0
0
0
0
2.106915203916512
0
0
0
0
0
0
0
0
0
0
0
0
0
0
0
0
0
0
0
0
0
0
0
0
0
1.6374299206152918
4.222392421336448
0
0
3.222392421336448
0
0
0
0
0
0
0
0
0
0
0
0
0
1.1634987322828796
0
2.5594758350121865
0
0
0
0
2.347923303420307
1.4854268271702418
0
0
0
0
1.0524674198941355
0
0
0
0
0
0
0
4.222392421336448
0
0
0
0.6671772640093441
0
0
0
0
0
1.793704669285963
0
4.222392421336448
4.222392421336448
0
0
0
0
0
1.5594274086140185
0
0.9493739269300321
0.9708536543404833
0
4.0
0
2.0
0
0
0
0
6.444784842672896
0
0
0
0
0
2.347923303420307
0
0
0.5594274086140185
0
0
0
0.851378898001774
0
0
0
0
0
0
0
0
0
0
0
0
0
0
0
0
0
0
1.2638303518998333
0
0
0
0
0
0
0
0
0
0
0
0
0
0
0
0
0
2.347923303420307
0
0
0
0
0
0
0
0
0
0
0
1.0
0
0
0
0
0
1.0524674198941355
0
0
0
0.3155018257279294
0
0
0
0
0
0
0
0
0
0
0.5979015564286544
0
0
0
0
0
0
0
0
0
0
0
2.807354922057604
0
2.807354922057604
0
2.701392979347257
3.4854268271702415
0
0
1.6374299206152918
0
0
0
0
0
0
0
0
0
0
0
0
0
0
0
0
0
0
0
1.4150374992788437
0.8073549220576041
0
0
0
0
0
0
0
0
0
0
2.807354922057604
0
0
0
0
0
0
0
0
4.807354922057604
0
0
0
0
3.0
4.222392421336448
0
1.4854268271702418
0
0
0
0
0
3.807354922057604
0.6296090387296258
0
0
0
4.222392421336448
2.2138304078330235
0
0
0
0
0
0
0
0
0
0
0
0
8.422064766172813
0
0
0
0
0
0
0
2.444784842672896
0
0
0
0
0
0
0
0
0
0
0
0
0
1.8073549220576042
0
0
0
0
0
1.9004643264490857
0
0
0
0
0
0
0
0
3.807354922057604
0
0
0
0
0
0
0
0
1.1069152039165118
0
0
0
0
0
0
0
1.3343545280186881
0
0
0
3.222392421336448
0
0
0
0
0
0
0
0
0
5.159676242421794
0
0
0
0
0
0
0
0
0
0
0
0
0
0
0
0
0
0
0
0
0
0
0
0
0
0
0
0
0
0
0
0
0
0
3.2294196882304163
0
0
0
0
0
0
0
0
0
0
0
0
0
0
0
0
0.12997604266472176
0
0
0
2.4854268271702415
0
0
0
0
0
0
0
0
0
0
0
0
0
0
3.4397841616145293
0
0
0
0.28379296600059134
0
0
0
0
0
0
2.807354922057604
0
5.274859841230583
0
0
0
0
5.807354922057604
0
0
0
0
0
0
0
0
0
0
0
0
0
0
0
0
0
0
0
0
0
0
0
0
0
0
2.0
0
0
0
0
0
0
0
0
0
0
0
0
0
0
0
0
0
0
0
0
0
0
0
0
0
0
0
0
0
0
0
0
0
3.4854268271702415
0
0
0
0
3.0
0
4.222392421336448
0
0
0
0
0
0
0
0
0
1.2837929660005913
0
0
0
0
0
2.422064766172812
0.8073549220576041
1.4854268271702418
0
0
0
0.23395687679649918
0
0
0
0
0
0
0
0
0
0
0
0
0
0
0
0
0
0
0
0
0
0
0
0
3.0
0
0
0
0
0
0
0
0
0
0
0
0
0
0
0.9465054771837882
0
0
5.274859841230583
0
0
0
0
0
0
0
0
0
0
0
0
0
0
0.7629608026991507
0
0
0
0
0
0
0
0
0
0
0
0
0.48542682717024166
0
0
0
0
0
0
0
0
4.222392421336448
4.0
0
0
0
0
0
0
0
0
10.456280481510724
0
0
0
0
0
0
0
2.444784842672896
0
0
0
0
0
3.4854268271702415
0
0
0
0
0
0
0
0
0
0
0
0
0
0
2.4854268271702415
0
1.222392421336448
0
0
0
0
3.222392421336448
0
0
0
0
0
0
0
0
0
0
0
0
0
0
0
0.19264507794239583
1.2837929660005913
4.444784842672896
0
0
0
0
0
0
1.0524674198941355
0
0
0
0
4.222392421336448
0
0
0
0
0
0
4.222392421336448
0
0
0
0
0
0
0
0
0
0
0
0
0
0
0
0
0
0
0
0
0
0
0
0
0
0
0
0
0
0
1.0
1.5594274086140185
0.3155018257279294
0
0
0
0
0
0
0
0
0
0.2698591601722173
1.7198920808072646
0
0
0
0
0
3.0
1.1069152039165118
0
0
0
0
0
0
0
0
0
0
0
3.222392421336448
0
0
0
1.8930109543675764
0
0
0
0
0
2.4854268271702415
4.222392421336448
0
0
0
0
0
0
0
0
0
0
0
0
0
0
0
0
0
0
0
0
0
0
0
0
1.4150374992788437
0
0
0
0
0
0
0
0
0
0
0
0
0
0
0
0
0
0
0
0
0
0.48542682717024166
0
0
2.422064766172812
0
0
0
0
0
0
0
0
0
0
0
0.6414912234990713
0.22239242133644802
0
0
0
0.0
0
0
0
0
0.48542682717024166
0
0
0
0.23395687679649918
0
0
0.36727193925894835
0
0
0
1.2620073029117176
0
0.9632253897119791
0
0
0
0.3269974645657591
0
0.6414912234990713
0
0
0
3.2748598412305836
0
1.7693624926597669
0
0
0
0
0
0
3.807354922057604
0
0
0
0
0.0
0
0
0
0
0
0.31773786997761966
0
0
0
0
0.5979015564286544
0
0
0
0
0
0
0.7198920808072646
0
0
0
0
3.807354922057604
0
0
0
0
0
0
0
0
0
0
0
0
0
0
0
0.10398083413177742
0
0
0
0
0
0
0
0
0
0.3155018257279294
0.5397183203444346
0
0
0
2.106915203916512
0
0
0
0
0
0
0
0
2.347923303420307
0
1.8073549220576042
0
1.4397841616145293
1.3479233034203069
0
4.245112497836531
0
0
0
0
0
0
0
0
0
0
0
0
0
0
0
0
0
0
0
0
0
0
0
0
0
0
0
0
0
0
0
0
0
1.4189648300029567
0
0
0
0
0
0
0
0
0
0
0
0
0
0
0
0
0
0
0
0
0
0
0
0
0
0
0
0
5.807354922057604
0
0
0
0
0
0
0
0
0
0
0
0
0
0
0
0
0
0
0
0
0
0
0
0.9493739269300321
0
0
0
0
0
0
0
2.807354922057604
0
0
0
0
0
0
0
0.5675859320011827
0
0
2.347923303420307
3.0
0
0
0
0
0
0
0
0
0
0
0
0
0.9004643264490856
3.807354922057604
1.7198920808072646
0
0
0
0
0
0
0
0
0
0
0
1.0524674198941355
0
0
0
0
0
0.07798562559883307
0
0
0
0
0
0
0
0
0
0
0
0
0
0
0
0
0
0
0
0
0
1.155870467654375
0
0
0
0
0
0
0
1.5594274086140185
0
0
0
0
0
0
0
0
0
0
0
0
0
0
0
0
0
2.222392421336448
0
0
0
0
0
0
0
0
0
0
0
0
0
0
0
0
3.4854268271702415
0.8095774805166518
0
0
0
0
0
0
0
0
1.5594274086140185
2.106915203916512
2.4854268271702415
0
0
0
0
0
0
0
0
1.1634987322828796
0
0
0
0
0
0
0
0
0
0
0
0
0
0
0
0
0
0
3.807354922057604
0
0
0
1.1069152039165118
0
0
0
0
0
2.807354922057604
0
0
0
0
0
0
0
0
2.5594758350121865
0
0
0
0
0
0
0
0
0
0
0
0
0
0
0
0
0
0
11.614709844115207
0
0
0
0
0
0
0
0
0
0
0
0
0
0
0
0
0
0
0
4.807354922057604
0.41503749927884376
0
1.7198920808072646
2.6958466068406137
0
0
0
0
0
0
0
0
0
2.4854268271702415
2.9708536543404835
0
0
0
0
0
0
2.347923303420307
0
0
0
0
0
0
0
3.807354922057604
0
0.8531586116707288
0
0
0
0
0
0
0
1.7198920808072646
0
0
0
0
0
0
0
0
0
0
0
0
0
0
0
0
0
4.1503749927884375
0
0.9004643264490856
0
1.4150374992788437
5.807354922057604
0
0
1.4968128548311663
0
0
1.222392421336448
0
0
0
0
1.8073549220576042
0
0
0
0
0
0
0
0
0.48542682717024166
0
0.20986967957654193
0
0
0
0
0
0
0
0
0
0
0
0
0
0
5.807354922057604
0
0
0
0.9708536543404833
0
0
0
0
0
0
0
2.106915203916512
0
0
0
2.807354922057604
0
0
0
0
0
0.851378898001774
0
0
0
0
0
0
0
0
0
2.326997464565759
1.222392421336448
0
0
0
0
0
0
0
1.0524674198941355
0
0
0
0
0
0
0
2.4854268271702415
0.8531586116707288
0
0
0
0
0
0
0.6746479004305432
0
0
0
0
0.9004643264490856
0
0.4766068049664295
0
0
0
0
0.49049619684863865
0
0.48542682717024166
0
0
0
0
0.4498029174395205
0
0
1.2748598412305836
0
0.0
0
0
0.9004643264490856
0
0
0
0
0
0
1.5658581095860673
0
3.807354922057604
0
0
0
0
0
0
0
0
0
0.0
0
0
0
0
0
0
1.0439054063907116
0
3.222392421336448
0
0
0
0
0
0
0
0
0
3.222392421336448
0.0
3.222392421336448
0
0
0
0
0
0
0
0
0
0.4498029174395205
0
0
0
0
0
0
0
0
0.851378898001774
0
0.899605834879041
0
0
0.41503749927884376
0
0.6746479004305432
0
0
0
0
0
2.326997464565759
0
1.222392421336448
0
0
0.8300749985576875
0
0
0
0
0
0
0
0
0
0
0
0
0
0
0
0
0
0
0
0
0
2.0239437012916297
0
0
0
0
0
5.614709844115208
0
0
0
0
0
0
3.4397841616145293
0
0
2.0
0.36393291946122097
0
0
0
0
0
0
0
0
1.471488590545916
6.8795683232290585
0
0
3.807354922057604
1.9004643264490857
0
1.3479233034203069
0
0
0
28.917678752921667
4.222392421336448
