0
0
0
0
0
0
0
0
0
1.271066772286538
0
0
0
0
0
0
0
0
0
0
0
0
0
0
0
0
0
0.7939455175668755
0
0
0
0
0
0
0
0
0
0
0
0
0
0
0
0
0
0
0
0
0
0
0
0
0
0
0
0
0
0
0
0
0.6342446746993636
0
0
0
0
0
0
0
0
0
0
0
0
0
0
0
0
0
0
0
0
0
0
0.33321467903538243
0
0
0.38646019098860757
0
0
0
0
0
0
0
0
0
0
0
0
0
0
0
0
0
0
0
0
0
0
0
0
0
1.271066772286538
0.46943442605337143
0
0
0
0
0
0
0
0
0
0.5177391056279265
0
0
0
0
0
0
0
0
0
0
0
0
1.587891035133751
0
0
0
0
0
0
0
0
0
0
0
0
0
0
0
0
0
0
0
0
0
0
0
0
0
0.7004960366683257
0
0
0
0
0
0
0
0
0
0
0
0
0
0
0
0
0
0
0
0
0
0
0
0.7939455175668755
0
0
0
0
0
0
0
0
0
0
0
0
0
0
0
0
0
0
0
0
0
0
0
0
0
0
0
0
0
0
0
0
0
0
0
0
0.33321467903538243
0
0
0
0
0
0
0
0
0
0
0
0
0
0
0.2857900291072444
0
0
0
0
0.6690067809585756
0
1.271066772286538
1.146128035678238
0
0
0
0
0
0
0
0
0
0
0
0
0
0
0
0
0
0
0
0
0
0
0
0
0
0
0
0
0
0
0
0
0
0
0
0
0
0
0.7481880270062005
0
0
0
0
0
0
0
0
0
0
0
0.5440680443502757
0
0
0
0
0
0
0
0
0
0
0.6342446746993636
0
0
0
0
0
0
0
0
0
1.4471580313422192
0
0
0
1.271066772286538
0
0
0
0
0
0
0.7481880270062005
0
0
0
0
0
0
0
0
0.6690067809585756
0
0
0
0
0
0
0
0
0
0.24303804868629442
0
0
0
0
0
0
0
0
0
0
0
0
1.146128035678238
0
0
0
0
0
0
0
0
0
0
0
0
0
0
0
0
0
0
0
0
0
0
0
0
0
0
0
0
0
0
0
0
0
0.21670910996394527
0
0
0
0
0
0
0
0
0
0
0
0
0
0
0
0
0
0
0
1.7481880270062005
0
0
0
0
0
0
0
0
0
0
0
0
0
0.6342446746993636
0
0
0
0
0
0
0
0
0
0
0
0
0
0
0
0
0
0
0
0.8767682140694281
0
0
0
0
0
0
0
0
0
0
0
0
0
0
0
0
0
0
0
0
0
0
0
0
0
0
0
0
0
0
0
0
0
0
0
0
0
0
0
0
0
0
0
0
0.24303804868629442
0.46943442605337143
0.0984360453403633
0
0
0
0.1912972592432909
0
0
0
0
0
0
0
0
0
0
0
0
0
0
0
0
0
0
0
0
0
0
0
0
0
0
0.6020599913279624
0
0
0
0
0
0
0
0
0
0.6690067809585756
0
0
0
0
0
0
0
0
0
0
0
0
0
0
0
0
0
0
0
0.07042803760760873
0
0
0
0
0
0
0.2568263331719277
0
0
0
0
0.5421335445730759
0.0
0
0.04695202507173915
0
0
0
0
0
0
0
0
0
0.01565067502391305
0
0
0
0
0
0
0
0
0
0
0
0
0
0
0
0
0
0
0
0
0
0
0
0
0
0
0
0
0
0
0
0
0
0
0
0
0
0
0
0
0
0
0
0
0
0.13540417028646495
0
0
0
0
0.45934817425662583
0
0
0
0
0
0
0
0
0
0
0
0
1.7481880270062005
0
0
1.271066772286538
0
0
0
0
0
0
0
0
0
0
0
0
0.20411998265592482
0
0
0
0
0
0
0
0
0
0
0
0
0
0
0
0
0
0
0
0
0
0
0
0
0
0
0
0
0.21670910996394527
0
0
0.9030899869919435
0
1.271066772286538
0
0
0
0
0
0
0
0
0
0
0
0
0
0
0
0
0
0
0
0
0
0
0
0
0
0
0
0
0
0
0
0
0
0
0
0
0
0
0
0
0
0
0
0
0
0
1.7481880270062005
0
0
0
0
0
0
0
0
0
0
0
0
0
0
0
0
0
0
0
0
0
0
0
0
1.0492180226701815
0
0
0
0
0
0
0
0
0
0
0
0
0
0
0
0
0
0
0
0
0
0
0
0
0
0
0.16247140363305634
0
0
0
0
0.4057653461839942
0
0
0
0
0
0
0.5440680443502757
0
0
0
0
0
0
0
0
0.4471580313422192
0
0
0
0
0.46943442605337143
0
0
0
0
0
0
0
0
0
0
0
0
0
0
0
0
0
0
0
0
0
0
0
0
0
0
0
0
0
0
0
0.9700367766225568
0
0
0
0
0
0
0
0
0
0
0
0
0
0.12635413746585505
0.0984360453403633
0
0
0.24303804868629442
0.36797678529459443
0
0
0
0
0
0
0
0
0
0.1571234199797012
0
0.38646019098860757
0
0
0
0
0
0
0
0
0
0
0
0
0
0
0
0
0
0
0
0
0
0
0
0
0
0
0
0
0
0
0
0
0
0
0
0
0.12493873660829992
0
0
0
0
0
0
0
0
0
0
0
0.2568263331719277
0
0
0.16840443038939024
0
0
0
0
0
0
0
0
0
0
0
0
0
0
0
0
0
0
0
0
0
0
0
0.49291552190289434
0
0
0
0
0
0
0
0
0
0
0
0
0
0
0
0
0
0
0
0
0
0
0
0
0
0
0
0
0
0
0
0
0
0
0.6020599913279624
0
0
0
0
0
0
0
0
0
0
0
0
0
0
0
1.4471580313422192
0.7496324196497995
0
0
0
0
0
0
0
0
0
0
0
0
0
0
0
0
0
0
0
0.6690067809585756
0
0
0
0
0
0
0
0
0
0
0
0
0
0
0
0
0
0
0
0
0
0
0
0
0
0.8519374645445622
0
0
0
0
0
0
0
0
0
0
0
0.15218033814096588
0
0
0
0
0
0
0
0
0
0
0
0
0
0
0
0
0
0
0
0
0
0
0
0
0
0
0
0
0
0
0.43341821992789054
0
0
0
0
0
0
0
0
0
0
0
0
0
0
0
0
0
0
0.2562905859738791
0
0
0
0
0
0.0
0
0
0
0.0
0
0.43341821992789054
0
0
0
0
0
0
0
0
0
0
0.11471957142661392
0
0
0
0
0
0
0
0
0
0
1.271066772286538
0
0
0
0
0
0
0
0
0
0
0
0
0
0
0
0
0
0
0.21670910996394527
0
0
0
0
0
0
0
0
0
0
0
0
0
0
0
0
0
0.4471580313422192
0
0
0
0
0
0
0
0
0
0.6342446746993636
0
0
0
0
0
0
0
0
0
0
0
0
0
0
0
0
0
0
0
0
0
0
0
0
0
0
0.24987747321659984
0
0
0
0
0
0
0
0
0
0
0
0
0
0
0
0
0
0.3010299956639812
0.20084036889183965
0
0
0
0
0
0
0
0
0
0
0.7067953418479753
0
0
0
0
0
0
0
0
0
0
0
0
0
0
0
0
0
0
0
0
0
0
0
0
0
0
0
0
0.4057653461839942
0
0
0.379902052923427
0
0.16840443038939024
0
0
0
0.09497551323085675
0
0
0
0
0
0
0
0
0
0
0
0
0
0
0
0
0
0
0
0
0
0
0
0
0.1899510264617135
0
0
0
0.3804508453524147
0
0
0
0
0
0
0
0
0
0
0
0
0
0
0
0
0
0.7481880270062005
0
0
0
0.7067953418479753
0
0
0
0
0
0
0
0
0
0.0717364722162341
0
0
0
0
0
0
0
0
0
0
0
0
1.0492180226701815
0
0
0
0
0
0.9030899869919435
0
0
0
0
0
0
0
0
0
0
0
0
0
0
0
0
0
0
0
0
0
0
0
0
0
0
0
0
0
0
0
0
0
0
0
0
0
0
0
0
0
0.04921802267018165
0
0
0
0
0
0
0
0
0
0
0
0
0
0
0
0
0
0
0.40823996531184964
0
0
1.7481880270062005
0
0
0
0.06694678963061322
0
0
0.3837710524778263
0
0
0
0
0
0
0
0
0
0
0
0
0
0
0
0
0
0
0
0
0
0
0
0
0
0
0
0
0
0
0
0
0
0
0
0
0
0
0
0
0
0
0
0
0
0
0
0
0
0
0
0
0
0
0
0
0
0
0
0
0
0
0
0
0
0
0
0
0
0
0
0
0.5052132911681707
0.33321467903538243
0
0
0
0
0
0
0
0
0
0
0
0
0
0
0
0
0
0
0
0
0
0
0
0
0
0
0
0.24303804868629442
0.8450980400142568
0
0
0
0
0
0
0
0
0
0
0
0
0
0
0
0
0
0
0
0
0
0
0
0
0
0
0
0
0
0
0.7939455175668755
0
0
0
0
0
0
0
0
0
0
0
0
0
0
0
0
0
0
0.6336485256944262
0
0
0
0
0
0
0
0
0
0.5136526663438554
0
0.3010299956639812
0
0
0
0.10473535052001297
0
0
0
0
0
0
0
0
0.1252054001913044
0
0
0
0
0
0
0
0
0.3010299956639812
0
0
0
0
0
0
0
0
2.8943160626844384
0
0
0
0
0
0
0
0
0
0
0
0
0
0
0
0
0.6342446746993636
0
0.12493873660829992
0
0
0.5136526663438554
0
0
0
0.4259687322722811
0
0
0
0
0
0
0
0
0
0
0
0
0
0
0
0
0
0
0
1.271066772286538
0
0
0
0
0
0
0
0
0
0
0
0.6690067809585756
0
0
0
0
0
0.40823996531184964
0
0
0
0
0
0
0
0
0
0
0
0.48607609737258883
0
1.0492180226701815
0
0
0
0
0
0
0
0
0
0
0
0
0
0
0
0
0
0
0
0
0
0
0
0.12185355272479226
0
0
0
0
0
0
0
0
0
0
0.15218033814096588
0
0
0
0
0
0.4057653461839942
0
0
0
0
0.38646019098860757
0
0
0
0
0
0
0
0
0
0
0
0
0
0
0
0
0
0
0
0
0
0
0
0
0
0
0
0
0
0
0
0
0
0
1.271066772286538
0
0
0
0
0
0
0
0
0.9721521947451777
0
0
0
0
0
0
0
0
1.7481880270062005
0
0
0
0
0
0
0
0
0
0
0
0
0
0
0
0
0
0
0
0.4259687322722811
0
0
0
0
0
0
0
0.3010299956639812
0
0
0
0
0
0
0
0
0
0
0
0
0
0
0
0
0
0
0
0
0
0
0
0
0
0
0
0
0.7359535705891889
0
0
0
0
0
1.4471580313422192
0
2.6760271238343023
0
0
0
0
0
0
0
0
0
0
0
0
0
0
0
0
0
0
0
0
0
0
0
0
0
0
0
0
0
0
0
0
0
0
0
0
0
0
0
0
0
0
0
0
0
0
0
0
0
0
0
0
0
0
0
0
0
0
0
0
0
0
0
0
0
0
0
0
0
0
0
0
0
0
0
0
0
0
0
0
0
0
0
0
0
0
0
0
0
0
0
0
0
0
0
0
0
0
0
0
0
1.271066772286538
0
0
0
0
0.8450980400142568
0
0
0
0
0
0
0.17998630293920545
0
0
0
0
0
0
0
0
0
0
0
0
0
0
0
0
0
0
0
0
0
0
0
0
0
0
0
0
0.9700367766225568
0
0
0
0
0
0
0
0
0
0
0
0
0
0
0
0
0
0
0
0
0
0
0
0
0
0
0
0
0
0
0
0
0
0
0
0
0
0
0
0
0
0
0
0
0
0
0
0
0.3142060515600389
0
0
0
0
0
0
0
0
0
0.33321467903538243
0
0
0
0
0
0
0
0.17998630293920545
0
0
0
0
0
0.6342446746993636
0
0
0
0
0
0
0
0
0
0
0.13389357926122644
0
0
0
0
0
0
0.7939455175668755
0
0
0
0
0
0
0.3168242628472131
0
0
0
0
0
0
1.4471580313422192
0.7939455175668755
0
0
0
0
0
0
0
0
0.27106677228653797
0
0
0
0
0
0.9030899869919435
0
0
0
0
0
0
0
0
0
0
0
0
0
0
0
0
0
0
0
0
0
0
0
0
0.6020599913279624
0
0
0
0
0
0
0.292256071356476
0
0
0
0
0.3168242628472131
0
0
0
0
0.24303804868629442
0
0
0
0
0
2.0070203428757267
0
0
0
0
0
0
0
0
0
0
0
0
0.6342446746993636
0
0
0
0
0
0.9858310438057887
0
0
0.6336485256944262
0
0
0
0
0
0
0
0
0.33321467903538243
1.271066772286538
0
0
0
0
0
0
0
0
0
0
0
0.12493873660829992
0
0
0
0
0
0
0
0
0
0
0
0
0
0
0
0
0
0
0
0
0
0
0
0
0
0
0
0
0
0
0
0
0
0
0
0
0
0
0
0
0.3347339481530661
0
0
0
0
0
0
0.49291552190289434
0
0
0
0
0
0.13540417028646495
0
0
0
0.22967408712831291
0
0
0
0
0
0
0
0
0
0
0
0
0
0
0
0
0
0
0
0
0
0
0
0
0
0
0.7481880270062005
0
0
0
0
0
0
0
0
0
0
0
0
0
0
0
0
0
0
0
0
0
0
0
0
0
0
0
0
0
0
0
0
0
0
0
0
0
0
0
0
0
0
0
0.8450980400142568
0
0
0
0
0
0
1.0492180226701815
0
0
0
0
0
0
0
0.08543019532462637
0
0
0
0
0
0.22827050721144881
0
0
0
0.08607871263152178
0
0
0
0
0
0
0
0
0
0
0
0.6020599913279624
0
0
0
0
0
0.46943442605337143
0
0
0
1.7481880270062005
0
0
0
0
0
0
0
0
0
0
0
0
0
0
0
0
0
0
0
0
0
0
0
0
0
0
0
0
0
0
0
0
0
0
0
0
0
0
0
0
0
0
0
0
0
0
0
0
0
0
0
0
0
0
0
0
0
0
0
0
0
0
0
0
0
0
0
0
0
0
0
0
0
0
0
0
0
0
0
0
0
0
0
0
0
0
0
0
0
0
0
0
0
0
0
0.5715800582144888
0
0
0
0
0
0
0
0
0
0
0
0
0
0
0
0
0
0
0
0
0
0
0
1.0492180226701815
0
0
0
0.33321467903538243
0
0
0
0
0
0
0
0
0
0
0
0
0
0
0
0
0
0.24303804868629442
0
0
0
0
0
0
0.13540417028646495
0
0
0
0
0
0
0
0
0
0
0
0
0
0
0
0.46943442605337143
0
0
0
0
0
0
0
0
0
0
0
0
0
0.8767682140694281
0
0
0
0
0
0
0
0
0
0
0
0
0.4057653461839942
0
0
1.146128035678238
0.4471580313422192
0
0
0
0
0
0
0
0
0
0
0
0
0
0.032184683371401235
0
0.9030899869919435
0
0
0
0
0
0
1.7481880270062005
0.49291552190289434
0
0
0
0.6336485256944262
0
0
0.2568263331719277
0
0
0
0
3.496376054012401
0
0
0
0
0
0
0
0
0
0
0
0
0
0
0
0
0
0
0
0
0
0
0.7067953418479753
0
0
0
0
0
0
0
0
0
0
0
0
0
0
0
0
0
0
0
0
0
0
0.27106677228653797
0
0
0
0
0
0.20084036889183965
0
0
0
0
0
0
0
0
0
0
0
0
0
0
0
0
0
0
0
0
0
0
0
0
0
0
0
0
0
0
0
0
0
0
0
0
0
0
0
0
0
0
0
0
0
0
0
0
0
0
0
0
0
0
0
0
0
0
0
0
0
0
0
0.0
0
0
0
0
0
0
0
0
0
0
0
0
0
0
0
0
0
0
0
0
0
0
0
0
0
0
0
0
0
1.0881360887005513
0.9030899869919435
0
0
0
0
0
0
0
0
0.6020599913279624
0
0
0
0
0
0
0
0
0
0
0
0.0717364722162341
0.5136526663438554
0
0
0
0
0.9030899869919435
0
0
0
0
0
0
0
0
0
0
0
0
0
0
0
0
0
0.3368088607787805
0
0
0.16840443038939024
0.5738917777298728
0
0
0
0
0
0
0.49291552190289434
0
0
0
0
0
0
0
0
0
0
0
0
0
0
0
0
0.023476012535869575
0
0
0
0
0
0
0
0
0
0
0
0
0
0
0
0
0
0
0
0
0
0
0
0
0
0
0
0
0
0
0
0
0.015794267183231882
0
0
0
0
0
0
0
0
0
0
0
0
0
0
0
0
0
0
0
0
0
0
0
0.7067953418479753
0
0
0
0
0
0
0
0
0
0
0
0
0
0
0
0
0
0
0
0
0
0
0
0
0
0
0
0
0
0
0
0
0
0
0
0
0
0
0
0
0
0
0
0
0
0
0
0
0
0
0
0
0
0.7359535705891889
0.8450980400142568
1.7481880270062005
0
0
0
0
0
0
0
0
0
0
0
0
0
0
0
0
0
0
0
0
0
0
0
0
0
0
0
0
0
0
0
0
0
0
0
0
0
0
0
0
0
0
0
0
0
0
0
0
0
0
0
0
0
0
0.2568263331719277
0
0
0
0
0
0
0
0
0
0
0
0
0
0
0
0
0
0
0
0
0
0
0
0
0
0
0
0
0
0.4713702599391036
0
0
0
0
0
0
0
0.16092341685700617
0
0
0
0
0
0
0
0
0
0
0
0
0
0
0
0
0
0
0
0
0
0
0
0
0
0
0
0
0
0.5720967679505191
0
0
0
0.12873873348560494
0
0
0
0
0
0
0
0
0.9858310438057887
0
0
0
0
0.3837710524778263
0
0
0
0
0
0
0
0.40823996531184964
0
0
0
0
0
0
0.5440680443502757
0.5720967679505191
0
0
0
0
0
0
0
0
0
0
0
0
0
0
0
0
0
0
0
0
0
0
0
0
0
0
0
0
0
0
0
0.20411998265592482
0
0
0
0
0
0
0
0
0
0
0
0
0
0
0
0
0
0
0
0
0
0
0
0
0
0
0
0
0
0
0
0
0.0
0.6342446746993636
0
0
0
0
0
0
0
0
0
0
0.16092341685700617
0
0
0
0
0
0
0
0
0.9594276311945658
1.0492180226701815
0
0
0
1.0799178176352326
0
0
0.40823996531184964
0
0
0
0
0
0
0.7004960366683257
0
0
0
0
0
0.37481620982489977
0
0
0
0
0
0
0
0
0
0
0
0
0
0
0
0.21670910996394527
0
0
0
1.6901960800285136
0
0
0
0
0
0
0
0
0
0
0
0
0
0
0
0
0
0
0
0
1.4471580313422192
0
0
0
0
0.7481880270062005
0.21670910996394527
0
0
0.33321467903538243
0
0
0
0
0
0
0
0
0.21670910996394527
0
0
0
0
0
0
0
0
0
0
0
0
0
0
0
0
1.587891035133751
0
0
0
0
0
0
0
0
0
0
0
0
0.6690067809585756
0
0
0
0
0
1.2172960385519827
0
0
0
0
0
0
0
0
0.8164799306236993
0
0
0
0
0
0
0
0
0
0
0
0
0
0
0
0
0
0
0.5715800582144888
0
0
0
0
0.9700367766225568
0
0
0
0
0
0
0
0
0
0
0
0
0
0
0
0
0
0.42715097662313184
0
0
0
0
0
0
0
0
0
0
0
0
0
0
0
0
0
0
0
0
0
0
0
0
0
0
0
0
0
0
0
0
0
1.806179973983887
0
0
0
0
0
1.496376054012401
0.7939455175668755
0
0
0
0
1.4471580313422192
0
0
0
0
0
0
0
0
0
0
0
0
0
0
0
0
0
0
0
0
0
0.19188552623891314
0
0
0
0
0
0
0
0
0
0
0.0
0
0
0
0
0
0
0
0
0
0
0
0
0
0
0
0
0
0
0
0
0
0
0
0
0
0
0
0
0
0
0
0
0
0
0.24370710544958452
1.7481880270062005
0
0
0.4057653461839942
0
0
0
0
0
0
0
0
0
0
0
0
0
0
0
0
0
0
0
0
0
0
0
0
0
0
0
0
0
0
0
0
0
0
0
0
0
0.023476012535869575
0
0.292256071356476
0
0
0
0
0
0
0
0
0
0
0
0
0.09497551323085675
0
0
0
0
0
0
0
0
0
0
0
0
0
0
0
0
0
0
1.146128035678238
0
0
0
0
0
0
0
0
0
0
0.13540417028646495
0
0
0
0.38646019098860757
0
0
0
0
0
0
0
0.9700367766225568
0
0
0
0
0
0
0
0
0
0
0
0
0
0
0
0
0
0
0
0
0
0
0
0.4259687322722811
0.05799194697768673
0
0
0
0
0
0
0
0
0
0
0
0
0
0
0
0
0
0
0
0.07609016907048294
0
0
0
0
0
0
0
0
0.9030899869919435
0
0
0
0
0
0
0
0.7939455175668755
0
0
0
0
0.7067953418479753
0.49291552190289434
0
0
0
0
0.46943442605337143
0
0
0
0.5399589088176163
0
0
0
0
0
0
0
0
0
0
0
0
0
0
0
0
0
0.06694678963061322
0
0
0
0
0
0
0
0
0
0
0
0
0
0
0
0
0.7939455175668755
0
0
0
0
0.8943160626844384
0.11598389395537347
0
0
0
0
0
0
0
0
0
0.11055987028262318
0
0
0
0
0
0
0
0.9700367766225568
0
0
0
0
0
0
0
0
0
0
0
0
0
0
0
0
0
0
0.6336485256944262
0
0
0
0
0
0
0.49291552190289434
0.6342446746993636
0
1.146128035678238
0
0
0
0
0
0.2568263331719277
0
0
0
0
0
0.17086039064925274
0
0
0
0
0
0
0
0
0
0.3010299956639812
0
0
0
1.4471580313422192
0
0.7939455175668755
0
0.4713702599391036
0
0
0
0
0
0
0
0
0
0
0
0
0
0
0.2857900291072444
0
0
0
0.6020599913279624
0
0
0
0
0
0
0
0
0
0
0
0
0
0
0
0
0
0
0
0
0.20947070104002594
0
0
0
0
0
0.7067953418479753
0
0
0
0
0
0
0
0
0
0.22967408712831291
0
0
0.12635413746585505
0
0.5136526663438554
0
0
0
0.38646019098860757
0
0
0
0
0
0
0
1.271066772286538
0
0
0
0.7939455175668755
0
0
0
0
0
0.2568263331719277
0
0
0
0
0
0
0
0
0
0
1.0492180226701815
0
0
0
0
0
0
0
0
0
0
0
0
0
0
0
0.1571234199797012
0.7067953418479753
1.4471580313422192
0
0
0
0
0
0
0
0
0
0
0
0
0
0
0
0
0
0
0
0.07609016907048294
0
0.09497551323085675
0
0.7939455175668755
0
0
0
0
0
0
0
0
0
0
0
0
0
0
0
0
0
0
0
0
0.3010299956639812
0
0
0
0.17998630293920545
0
0
0
0
0
0
0
0
0
0
0
0
0
0
0
0
0
0
0
0
0
0
0
0
0
0
0
0
0
0
0
0
0.3599726058784109
0
0
0
0
0
0
0
0
0
1.146128035678238
0
0.43838410703471403
0
0
0
0
0.040617850908264086
0
0
0
0
0
0
0
0
0
0
0.8450980400142568
0
0
0
0
0
0
0
0
0
0
0
0
0
0
0
0
0
0
0
0.6020599913279624
0
0
0
0
0
0
0
0
0
0
0
0
0
0
0
0
0.5720967679505191
0
0
0
0.37481620982489977
0
0
0
0
0
0
0
0
0
0
0
0
0
0.06317706873292753
0
0
0
1.271066772286538
0
0
0.1899510264617135
0
0
0
0
0
0
0
0
0
0
0
0
0.4259687322722811
0
0
0
0
0
0.1571234199797012
0
0
0
0
0
0
0
0
0
0
0
0
0
0
0
0.2708083405729299
0.0313013500478261
0
0.9700367766225568
0
0
0.43341821992789054
0
0
0
0
0
0
0
0
0
0.06436936674280247
0.6284936799188048
0
0
0
0
0
0
0.7939455175668755
0
0
0
4.850183883112784
0
0
0
0
0
0
0.43341821992789054
0
0
0
0
0
0
0
0.34172078129850547
0
0
0
0
0
0
0
0
0
0
0
0
0
0
0
0
0
0
0
0
0
0
0.13389357926122644
0
0
0.16092341685700617
0
0
0
0
0
0
0
0
3.496376054012401
0.35024801833416286
0
0
0
0
0
0
0
0
0
0
0
0
0
0
0
0
0
0
0
0
0
0
0
0
0
0
0
0
0
0
0
0
0
0
0
0
0
0
0.0
0
0.17998630293920545
0
0
0
0
0
0
0.2708083405729299
0
0.08123570181652817
0
0
0
0
0
0
0
0
0
0
0
0
0
0
0
0.4471580313422192
0
0
0.17998630293920545
0.5440680443502757
0
0
0
0
0
0
0
0
0
0
0
1.7481880270062005
0
0
0
0
0
0
0
0
0
0
0
0
0
0
0
0
0
0
0
0.46943442605337143
0
0
0
0
0.3168242628472131
0
0
0
0
0
0
0
0
0
0
0
0
0
0
0
0.7067953418479753
0
0
0
0
0
0.6664293580707649
0
0
0
0
0
0
0
0
0.0
0
0
0
0
0.7481880270062005
0
0
0
0
0.04782431481082273
0
0
0
0.5756565787167394
0
0
0
0
0
0
0
0
0
0.2857900291072444
0
0
0
0
0
0
0
0
0
0
0
0
0
0
0
0
0.0717364722162341
0
0
0
0
0
0.22967408712831291
0
0
0
0
0
0
0
0.16247140363305634
0
0
0
0
0
0.0
0
0
0
0
0.0789713359161594
0
0
0
0
0
0
0
1.4471580313422192
0
0
0
0
0
0
0
0
0
0
0
0
0
0
0
0
0
0
0
0
0
0
0
0
0
0
0
0
0
0
0
0
0
0
0
0
0
0
0
0
0
0
0
0
0
0
0
0
0
0.48607609737258883
0
0
0
0
0
0
0
1.146128035678238
0
0
0
0
0
0
0
0
0
0
0
0
0
0
0
0
0
0
0
0
0
0
0
0
0
0
0
0
0
0
0
0
0
0
0.11471957142661392
0
0
0
0
0
0
0
0.5177391056279265
0
0
0
0
0
0
0
0
0
0
0
0
0
0
0
0
0
0
0
0
0
0.38646019098860757
0
0
0
0
0
0
0
0
0
0.6020599913279624
0
0
0
0
0
0
0
0
0
0
0
0
0
0
0
0
5.984748487853032
0
0
0
0.0
0
0
0
0.43341821992789054
0
0
1.146128035678238
0
0
0
0
0
0
0
0
0
0
0
0
0
0
0
0
0
0
0
0.9504727885416393
0
0
0
0
0
0
0
0
0
0
0
0
0
0
1.0492180226701815
0
7.235790156711096
0
0
0
0
0.3010299956639812
0
0
0
0
0
0
0
0
0
0
0
0
0
0
1.4471580313422192
0
0
0
0
0
0.27106677228653797
0
0
0
0
0
0.4016807377836793
0
0
0
0
0
0
0
0
0
0
0
0
0
0
0
0
0
0
0
0
0
0
0
0
0
0
0
0
0
0
0
0
0
0
0
0
0
0.36797678529459443
0
0
0
0
0
0
0
0
0
0
0
0
0.6020599913279624
0
0
0
0
0
0
0
0
0
0
0.8450980400142568
1.4471580313422192
0
0
0
0
0
0
0
0
0
0
0
0
0
0
0
0
0
0
0
0.19188552623891314
0.17998630293920545
0
0
0
0
0
0
0
0
0
0
0
0
0
0
0
0
0
0
0
0
0
0
0
0
0
0
0
0
0
0
0
0
0
0
0
0
0
0
0
0
0
0
0
0
0
0
0
0
0
0
0.06436936674280247
0
0
0
0
0
0
0
0
0
0
0
0
0
0
0
0
0
0
0
0
0
0.9030899869919435
0
1.4471580313422192
0
0
0
0
0
0
0
0
0
0
0
0
0
0.7067953418479753
0
0.2857900291072444
0
0
0
0
0
0
0
0
0
0
0
0
0
0
0.6342446746993636
0
0
0
0.9030899869919435
0.8519374645445622
0
0
0
0
0
0
0
0
0
0
0
0
0
0
0
0.4057653461839942
0
0
0
0
0.5720967679505191
0
0
0
0.5440680443502757
0
0
0
0
0
0
0
0
0
0
0
0
0
0
0
0
0
0.7939455175668755
0
0
0
1.4135906836959506
0
0
0
0
0
0
0
0.4057653461839942
0
0
0
0
0
0
0
0
0
0
0
0
0
0
0
0.7939455175668755
0.2568263331719277
0
0
0
0
0
0
1.7481880270062005
0
0
1.7481880270062005
0
0
0
0
0
0
0
0
0
0
0
0
0
0
0
0
0
0
0
0
0
0
0
0.6020599913279624
0
0
0.04782431481082273
0
1.2041199826559248
0
0
0
0
0
0
0
0
0
0
0
0
0
0
0
0
0
0
0
0
0
0
0
0
0
0
0
0
0
0.16840443038939024
0.9030899869919435
0
0
0
0
0
0
0
0
0.9030899869919435
0
0
0
0
0.4471580313422192
0
0
0
0
0
0
0
0
0
0
0
0
0
0
1.271066772286538
0
1.271066772286538
1.0492180226701815
0
1.0492180226701815
0
0
0
0
0
0
0
0
0
0
0
0
0.8943160626844384
0.22967408712831291
0
0
0
0
0
0
0
0
0
0
0
0
0
0
0
0.6770208514323248
1.7162903038515573
1.0492180226701815
0
0
0
0
0
0
0
0
0
0
0
0
0
0
1.271066772286538
0
0
0
0
0
0
0
0
0
0
0
0
0
0
0
1.146128035678238
0
0
0
0
0
0
0
0.4471580313422192
0
0
0
0
0
1.7481880270062005
0
0
0
0
0
0.21670910996394527
0
0
0
0.5136526663438554
0
0
0
0
0
0
0
0
0
0
0
0
0
0
0
0
0
0
0
0
0
0
0.9427405198782072
0
0
0
0
0
0
0
0
0
0
0
0
0
0
0
0
0
0
0
0
0
0
0
0
0
0
0
0
0
0
0
0
0
0
0.5720967679505191
0
0
0
0
0
0
0
0
0
0.015794267183231882
0
0.20411998265592482
0
0
0
0
0
0.7067953418479753
0
0
0
0
0.8519374645445622
0
0
0
0
0
0
0
0
0
0
0
0
0
0
0
0
0
0
0
0
0.22967408712831291
0
0
0
0
1.4471580313422192
0.40823996531184964
0
0
0
0
0
0
0.8450980400142568
0
0
0
0
0
0
0
0
0
0
0
0
0
0
0
0
1.496376054012401
0
0
0
0
0
0
0
0
0
0
0
0
0
0
0
0
0
0
0
0
0
0.6342446746993636
0
0
0
0
0
0
0
0
0
0
0
0
0.5440680443502757
0
0
0
0
0
0
0
0
0
0
0
0
0
0
0
0
0
0
0
0
0
0
0
0
0
0
0
0
0
0
0
0
0
0
0
0
0
0
0
0
0
0
0
0
0
0
0
0
0
0
0
0
0.7704789995157831
0
0
0
0
0
0
0
0
0
0
0
0
0
0.13389357926122644
0
0
0
0
0
0
0
0
0
0
0
0
0.7481880270062005
0
0
0
0
0
0
0
0.8115306923679884
0
0
0
0
0
0
0
0
0
0
0
0
0
0
0
0
0
0
0
0
0
0.9858310438057887
0
0
0
0
0
0
0
0
0
0
0
0
0
0
0
0
0
0.35024801833416286
0
0
0
0
0
0
0
0
0
0
0
0
0
0
0
0
0
0
0
0
0
0
0
0
0.13389357926122644
0
0
0
0.48607609737258883
0
0.17998630293920545
0
0
0
0
0
0
0
0
0
0
0.2857900291072444
0
0
0
0
0
0
0
0
0
0
0
0
0
0
0
0
0
0
0.16840443038939024
0
0
0
0.2562905859738791
0
0
0
0
0
0
0
0
0
0
0
0
0
0
0
0
0
0
0.07609016907048294
0
0
0
0
0
0
0
0
0
0
0
0
0
0
0
0
0
0
0
0
0
0
0
0
0
0
0
0
0
0.3010299956639812
0
0.12493873660829992
0
0
0
0.3168242628472131
0
0
0
0.1899510264617135
0
0
0
0
0
0
0
0
0
0
0.17998630293920545
0
0
0
0
0
0
0
0
0
0
0
0
0
0
0
0
0
0
0
0
0
0
0.6342446746993636
1.0492180226701815
0
0
0
0
0
0
0
0
1.271066772286538
0
0
0
0
0.33321467903538243
0
0
0.24303804868629442
0
0
0
0
0
0
0
0
0
0
0
0
0
0
0
0
0
0
0
0
0
0
0
0
0.9030899869919435
0
0
0
0
0
0
0
0
0
0.047382801549695645
0
0
0
0
0.33321467903538243
0
0
0
0
0.8115306923679884
0.7481880270062005
0
0
0
0
0
0
0
0
0
0.4057653461839942
0
0
0
0
0.7359535705891889
0.3368088607787805
0
0
0
0.2857900291072444
0
0
0
0
0
0
0
0
0.5440680443502757
0
0
0
0
0
0.5720967679505191
0
0
0
0
0
0
0
0
0
0.49291552190289434
0
0
0
0
0
0
0
0
0
0
0
0
0
0
0
0.4016807377836793
0
0
0
0
0
0
0
0
0
0
0
0
0
0.5177391056279265
0
0
0
0
0
0
1.7481880270062005
0
0
0
0
0
0
0
0
0
0
0
0
0
0
0
0
0
0
0
0
0
0
0
0
0
0
0
0
0
0
0.9030899869919435
0
0
0
0
0
0
0
0
0
0
0
0
0
0.01565067502391305
0
0
0
0
0
0
0
0
0
0
0
0
0
0
0
0
0
0
0
0
0
0
0.17086039064925274
0
0
0
0
0
0
0
0
0
0
0
0
0
0
0
0
0
0
0
0
0
0
0
0
0
0
0
0
0
0
0.4471580313422192
0
0.5735978571330695
0
0
0
0
0
0
0
0
0.5720967679505191
0
1.0507440550024887
0
0
0
0
0
0
0
0
0
0
0
0
0
0
0
0
1.7481880270062005
0
0
0
0
0.9700367766225568
0
0
0
0
0
0
0
0
0
0
0
0
0
0
0
0
1.146128035678238
0
0
0
0
0
0
0
0
0.38646019098860757
0
0
0
0
0
0.48607609737258883
0.24303804868629442
0.4471580313422192
0
0
0
0.03912668755978263
0
0
0
0
0
0
0
0
0
0
0
0
0
0
0
0
0
0
0
0
0
0.5720967679505191
0
0
0
0
0
0
0
0
0
0
0
0
0
0
0
0
0
0.28492653969257026
0
0
0.7939455175668755
0
0
0
0
0
0
0
0
0
0
0
0
0
0
0
0
0
0
0
0.6020599913279624
0
0
0
0
0
0
0
0.146128035678238
0
0
0
1.7481880270062005
0
0
0
0
0
0
0
0
0
1.271066772286538
0
0
0
0
0
0
0
0
0
0
0
0
0.36797678529459443
0
0
0
0
0
0
1.0492180226701815
0
0
0
0
0
0
0
0
0
0
0
0
0
0
0
0.7359535705891889
0
0
0
0
0
0
0
0
0
0
0
0
0
0
0
0
0
0
0
0
0.05799194697768673
0.38646019098860757
0
0
0
0
0
0
0
0.3168242628472131
0
0
0
0
0
0.7939455175668755
0
0
0
0
0
0
0
0
0
0
0
0
0
0
0
0
0
0
0.9030899869919435
0
0
0
0
1.146128035678238
0
0
0
0
0
0
0
0
0
0
0
0
0
0.46943442605337143
0.09497551323085675
0
0
0
0
0
0
0
0
0
0.08123570181652817
0
0
0
0
0
0
0
0
0
0
0
0
0
0
0
0
0
1.0492180226701815
0
0
0
0
0
0.4748775661542837
0
0
0
0
0
0
0
0
0
0
0
0
0
0
0
0
0
0
0
0
0
0
0
0
0
0
0
0
0
0
0
0
0
0
0
0
0
0
0
0
0
0
0
0.5440680443502757
0
0
0.35024801833416286
0
0
0
0
0
0
0.146128035678238
0
0
0.24303804868629442
0
0
0
0
0
0
0
0
0
0.8450980400142568
0
0.06436936674280247
0.06694678963061322
0
0
0
0.0
0
0
0
0
0
0
0
0
0.007825337511956526
0
0
0.015794267183231882
0
0
0
0
0
0.23196778791074693
0
0
0
0
0
0
0
0
0
0
0
0.22827050721144881
0
0
0
0
0
0
1.146128035678238
0
0
0
0
0.0
0
0
0
0
0
0
0
0
0
0
0
0
0
0
0
0
0
0
0
0
0
0
0
0
0
0
0.06694678963061322
0
0
0
0
0
0
0
0
0
0
0
0.03912668755978263
0
0
0
0
0
0
0
0
0
0.09497551323085675
0.12185355272479226
0
0
0
0
0
0
0
0
0
0
0
0
0
0
0
0
0
0.4057653461839942
0
0
0
0
0
0
0
0
0
0
0
0
0
0
0
0
0.4471580313422192
0
0
0.6342446746993636
0
0
0
0
0
0
0
0
0
0
0
0
0.7067953418479753
0
0
0.2562905859738791
0
0
0
0
0
0
0
0
0
0
0
0
0
0
1.146128035678238
0
0
0
0
0
0
0
0
0
1.4471580313422192
0
0
0
0
0
0
0
0
0
0
0
0
0
0
0
0
0
0
0
1.7481880270062005
0
0
0
0.7067953418479753
0
0
0
0.8573700873217331
0
0
0
0
0
0
0
0
0
0
0
0
0
0
0.7067953418479753
0.5980113672723846
0
0
0
0
0
0
0
0
0
0
0
0
0
0
0
0
0
0
0
0
0
1.7481880270062005
0
0
0
0
0
0
0
0
0
0
0
0
0
0
0.01565067502391305
0
0
0
0
0
0
0
0
0
1.271066772286538
0
0
0
0
0
0
0
0
0
0
0
0.40594362884380714
0
0
0
0
0
0
0
0
0
0
0
0
0
0
0
0
0
0
0
0
0
0
0
0
0
0
0
0
0
0
0
0
0
0
0
0
0
0
0
0
0
0
0
0.08123570181652817
0
0
0
0
0
0
0
0
0.46943442605337143
0
0
0
0
0
0
0
0
0
0
0.35024801833416286
0
0
0
0
0
0
0
0
0
0
0
0
0
0
0
0
0
0
0
0
0
1.271066772286538
0.33321467903538243
0
0
0
0
0
0
0
0
0
0
0
0
0
0
0
0
0
0
0
0
0
0
0
0
0
0
0
0
0
0
0
0
0
0
0
0
0
0
0
0
0
0
0
0
0
0
0
0
0
0
0
0
0
0
0.12493873660829992
0
0
0.4057653461839942
0
0
0
0
0
0
1.271066772286538
0
0
0
0.4471580313422192
0
0
0
0.7729203819772151
0
0
0
0
0
0
0
0
0
0
0
0
0.5136526663438554
0
0
0
0.9700367766225568
0
0
0
0
0
0
0
0
0
0
0.7939455175668755
0
0
0
0
0
0
0
0
0
0
0.24987747321659984
0
0.27106677228653797
0
0.4259687322722811
0
0
0
0.12873873348560494
0
0
0
0
0
0
0
0.5440680443502757
0
0
0
0
0.4471580313422192
0
0
0
0.146128035678238
0
0.031588534366463764
0
0
0.3010299956639812
0
0
0
0
0
0
0
0
0
0
0
0
0
0
0
0.292256071356476
0
0
0
0
0
0
0
0
0
0
0.6690067809585756
0
0
0
0
0
0
0.17086039064925274
0
0
0
0
0
0
0
0
0
0
0.36797678529459443
0
0
0
0
0
0
0
0
0
0
0
0
0
0
1.0492180226701815
0
0.5136526663438554
0
0
0
0
0
0
0.08123570181652817
0
0
0
0
0.27106677228653797
0
0.04782431481082273
0
0
0
0
0
0
0
0
0
0
0
0
0
0
0.19188552623891314
0
0.0
0
0
0
0
0
0
0
0.49291552190289434
0
0.1571234199797012
0
0
0
0
0
0
0
0.7067953418479753
0
0
0
0.0
0
0
0
0
0
0
0.6284936799188048
0
0
0
0
0
0
0
0
0
0
0
0
0.0
0
0
0
0.49291552190289434
0
0
0
0
0
0
0.2708083405729299
0
0
0
0
0
0.35024801833416286
0
0
0.2562905859738791
0
0
0
0
0.12493873660829992
0
0.16247140363305634
0
0
0
0
0
0.35024801833416286
0
0
0
0
0
0
0
0
0
0
0
0
0
0
0
0
0
0
0
0
0
0
0
1.7481880270062005
0
0
0.16247140363305634
0
0
0
0
0
1.6901960800285136
0
0
0
0
0.46943442605337143
0
0
0
0.3010299956639812
0
0.07042803760760873
0
0
0
0
0
0
0
0
0.44679635999090495
1.5532173168837793
0
0
0
0
0
1.1593805729658226
0
0
0
0.7382703400527248
0
0
0
0
0
0
0
0
0
