0
0
0
0
0
0
0
0
0
0
0
0
0
0
0
0
0
0
0
0
0
0
0
0
0
0
0
0
0
0
0
0
0
0
0
0
0
0
0
0
0
0
0
0
0
0
3.0
0
0
0
0
0
0
0
0
0
0
0
0
0
0
0
0
0
0
0
0
0
0
0
0
0
0
0
0
0
0
0
0
0
0
0
0
1.1069152039165118
0
0
0
0
0
0
0
0
0
0
0
0
0
0
0
0
0
0
0
0
0
0
0
0
0
0
0
0
0
0
0
0
0
0
0
0
0
0
0
0
0
0
0
0
0
0
0
0
0
0
0
0
0
0
0
0
0
0
0
0
0
0
0
0
0
0
0
0
0
0
0
0
0
0
0
0
0
0
0
0
0
0
0
0
0
0
0
0
0
0
0
0
0
0
0
0
0
0
0
0
0
0
0
0
0
0
0
0
0
0
0
0
0
0
0
0
0
0
0
0
0
0
0
0
0
0
0
0
0
0
0
0
0
0
0
0
0
0
0
0
0
0
0
0
0
0
0
0
0
0
0
0
0
0
2.8481217807900965
0
0
0
0
0
0
0
0
0
0
0
0
0
0
0
0
0
1.1069152039165118
0
0
0
0
0
0
0
0
0
0
0
0
0
0
0
0
0
0
0
0
0
0
0
0
0
0
0
0
0
0
0
0
0
0
0
0
0
0
0
0
1.8073549220576042
0
0
0
2.347923303420307
0
0
0
0
0
0
0
0
0
0
0
0
3.807354922057604
0
0
0
0
0
0
0
0
0
0
0
0
0
0
0
0
5.807354922057604
0
0
0
0
0
0
0
0
0
0
0
0
0
0
0
0
0
0
0
0
0
0
0
0
0
0
0
0
0
0
0
0
0
0
0
0
0
0
0
0
0
0
1.4298204148992886
1.9004643264490857
0
0
0
0
0
0
0
0
0
0
0
0
2.6374299206152916
0
0
0
0
0
0
0
0
0
0
0
0
0
0
2.807354922057604
0
0
0
0
0
0
0
0
0
0
2.0
0
0
0
0
0
0
0
1.9122897618458754
0
0
0
0
0
0
0
0
0
0
0
0
0
2.347923303420307
0
0
0
0
0
0
0
0
0
0
4.222392421336448
0
1.9417073086809666
0
0
0
0
0
0
0
0
0
0
0
0
0
0
0
3.4854268271702415
0
0
0
0
0
0
0
0
0
0
0
0
0
0
4.807354922057604
0
0
0
0
0
0
0
0
0
0
0
0
0
3.2294196882304163
4.6782822258420556
0.3269974645657591
0
0
0
0.7149102074496443
0
1.1958031128573088
0
0
0
0.8531586116707288
0
0
0
0
0
1.222392421336448
0
0
4.444784842672896
0
0
0
2.807354922057604
0
0
0
0
0
0
0
0
0
0
0
0
0
0
0
0
0
0
0
0
0
0
0
0
0
0
1.5594274086140185
2.8300749985576874
0
0
0
0
0
0
0
0
2.0
0.05199041706588871
0
0
0
0
0
4.653994929131518
0.8531586116707288
0
0
0
0
0
0.0
0
0.7798562559883306
0
0
0
0
0
0
0
0
0
0.12997604266472176
0
0
0
0
0
0
4.222392421336448
0
0
0
5.807354922057604
0
0
0
0
0
1.8073549220576042
4.807354922057604
0
0
0
0
0
0
1.577509128639647
0
0
0
0
0
0
0
0
0
0
0
0
0
0
0
0
0
0
0
0
1.799211669758082
0
0
0
0
2.288882408097452
5.807354922057604
0
0
0
0
0
3.4854268271702415
0
4.807354922057604
33.651484454403224
0
9.667177264009345
0
0
0
0
0
0
5.807354922057604
0
0
0
4.807354922057604
0
0
0
0
0
0.6780719051126377
0
0
0
0
0
0
0
0
0
0
0
0
0
0
0
0
0
0
0
0
0
6.444784842672896
0
0
0
0
0
0
0.7198920808072646
0
0
0
0
0
0
0
0
3.222392421336448
0
0
0
0
0
0
0
0
0
0
0
0
0
0.9493739269300321
0
0
0
0
0
0
0
2.4854268271702415
0
0
0
0
0
0
0
0
0
0
0
0
0
0
0
0
0
0
0
0
0
0
0
0
0
1.4150374992788437
0
0
0
0
0
0
0
0
0
0
0
0
0
0
0
0
0
0
0
0
0
0
0
0
0
0
0
0
5.807354922057604
0
0
0
0
0
0
0
0
0
0
0
0
0
0
0
0
0
0.2698591601722173
0
0
0
0
0
0
0
0
1.222392421336448
0
0
1.8073549220576042
0
0
0
0
0
0
0
0
0
0
0
0
0
0
0
0
0
0
0
0
0
0
0
0
0
0
0
0
0
0
0
0
0
0
0
0
0
0
0
0
0
0
0
0
0
0
0
1.7198920808072646
0
0
0
2.427134135851208
0
0
0
0
0
0
0
0.5246741989413548
0.6539949291315182
0
0
0
0
0
7.456280481510724
0
0
0
0
0
1.5594274086140185
0
1.0439054063907116
0
1.2837929660005913
0
2.2138304078330235
0
0
0
0
0
0
0
0
0
0
0
0
0
0
0
0
0
0
0
0
5.807354922057604
0
0
0
0
0
0
0
2.104934839788271
0
0
5.807354922057604
0
3.0
1.2451124978365313
0
0
0
0
0
0
0
5.807354922057604
0
1.6147098441152081
0
0
0
6.970853654340483
1.118854817228037
0
0
0
0
0
0
0
0
3.0
1.6374299206152918
0
0
0
0
0
0
0
0
0
4.222392421336448
0
0
0
0
0
0
0
0
2.6374299206152916
0
0
0
0
0
0
0
0
0
0
0
0
0
0
0
0
0
0
0
0
0
0
0
0
0
0
0
0
0
2.0
0
0
0
0
0
0
0
0
0
0
0
0
0
0
0
0
2.905262494951906
0
0
0
0
0
0
0
0
0
0
0
0
0
0
0
0
0
0
0
0
0
0
0
0
0
0
0
0
0
0
0
0
0
2.5675859320011827
0
0
0
0
0
0
0
0
0
0
0
0
0
0
0
0
0
0
0
0
0
0
0
1.0110642815198667
0
0
0
0
0
0
4.695846606840614
0
0
0
0
0
0
0
0
0
0
0
0
0
0
0
0
0
0
0
0
0
0
0
0
0
2.222392421336448
0
2.222392421336448
0
0
0
0
0
0
2.807354922057604
0
0
0
0
0
0
0
0.851378898001774
0
0
0
0
0
0.0
0
0
0
0.0
0
0
0
0
0
0
0
0
0
0
9.614709844115207
0
1.524360669422025
0
0
0
0
0
0
0
0
0
2.0
0
5.159676242421794
0
0
0
0
0
0
0
0
0
0
0
0
0
0
0
0
0
1.4397841616145293
0
0
0
0
0
0
0
0
0
8.427660815666048
0
0
0
0
0
0
0
1.4854268271702418
0
0
0
0
4.0
0
0
0
0
0
0
0
0
0
0
0
0
0
0
0
0
5.614709844115208
0
0
0
0
0
0
0
0
0
0
0
0
0
0
0.41503749927884376
0
0
0
0
0
2.807354922057604
0
0
0
0
0
0
0
0
0
2.0
0
1.0
2.001531792028032
0
0
0
0
0
4.695846606840614
0
0
0
0
0
0
0
0
0
12.667177264009343
0
2.4854268271702415
0
0
0
0
0
0
0
0
0
0
0
0
0
0
0
0
0
0
0
0
0
0
2.807354922057604
0
2.524014605823435
0
2.237709634456074
0
0
0
0.9465054771837882
0
0
2.222392421336448
0
0
0
0
0
0
0
0
0
0
0
0
0
0
0
0
0
0
0
0
0
1.8930109543675764
0
0
0
1.5165964222798
0
0
0
0
0
0
0
0
0
0
0
0
0
1.0524674198941355
0
1.9004643264490857
0
0
0
0
0
0
0
0
0
0
0
0
0
0
0
1.747558284876908
4.807354922057604
0
0
0
0
0
0
5.614709844115208
0
0
2.807354922057604
0
0
0
0
0
0
0
0
0
0
0
0
0
0
0
0
0
0
0
0
0
0
0
0
0
0
4.222392421336448
0
0
0
0
0
0
0
0
0
0
0
6.970853654340483
0
0
0
0
0
0
0
0
0
0
0.6539949291315182
0
0
0
0
0
0
0
0
0
0
0
0
0
0
0
0
0
0
1.3561438102252754
0
0
0
0
0
0
0.6671772640093441
0
0
0
0
0
0
0
0
0
0
0
0
0
0
0
0
0
0
0
0
0
0
0
0
0
0
0
0
0
0
0
0
0
0
0
0
0
0
0
0
0
0
4.222392421336448
0
0
0
0
0
0
0
0
5.807354922057604
0
0
0
0
0
0
0
0
0
0
0
0
0
0
0
0
0
0
0
0
0
0
0
0
0
0
0
0
0
0
0
0
4.807354922057604
0
0
0
0
4.222392421336448
0
0
0
0
0
0
0
0
0
0
0
0
0
0
0
0
0
0
0
5.807354922057604
0
0
0
0
0
0
0
0
4.807354922057604
0
0
0
0
0
0
0
0
0
0
0
3.4854268271702415
0
0
0
0
1.0524674198941355
0
0
0
0
2.222392421336448
0
0
0
0
0
0
0
0
0
0
0
0
0
0
0
0
0
0
0
2.0
3.4854268271702415
0
0
0
0
0
1.0
0
0.8531586116707288
0
0
0
0
0
0
0
0
0
2.222392421336448
0.6498802133236089
0
0
0
0
0
0
0
0
0
0
2.222392421336448
3.0
0
0
0
0
0
0
0
0
0
0
0
0
1.7063172233414576
1.6374299206152918
0
4.213830407833024
0
0
0
0
0
0
2.106915203916512
0
1.660149997115375
0
0
0.8531586116707288
0
0
0
0
0
0
0
0
0
0
0
0
0
0
0
0
0
0
0
0
0
0
0
0
0
3.4854268271702415
0
0
0
0
3.4854268271702415
0
0
0
2.4854268271702415
0
0
0
0
0
0
0.6780719051126377
0
0
3.0
0
0
0
0
0
0
0
0
0
2.347923303420307
0
0
0
0
0
0
0
0
0
0
0
4.222392421336448
0
0
0
5.807354922057604
0
0
0
0
0
0
0
0
0.6746479004305432
0
0
0
0
0
0
0
0
0
0
1.2638303518998333
0
0
0
0
0
2.6958466068406137
0
2.106915203916512
0
0
0
0
2.6958466068406137
0
0
0
0
0
0
0
0
0
0
0
0
0
0
0
1.6374299206152918
0
0
0
0
3.4854268271702415
0
0
0
0
0
0
0
0
0
0
0
0
0
0
0
3.222392421336448
0
2.222392421336448
0
2.4854268271702415
0
0
0
0
0
0
0
0
0
0
0
0
0
0
0
0
0
0
0
0
0
0
0
0
0
0
0
0
0
2.8300749985576874
0
4.807354922057604
0
0
0
0
0
2.0
0
0
0
0
0
0
0
0
0
2.326997464565759
3.118854817228037
0
0
0
0
0
0
0
0
11.422064766172813
0
0
3.807354922057604
1.2748598412305836
0
0
0
0
0
0
0
0
0
0
0
0
2.222392421336448
0
0
0
0
0
0
0
0
0
0
0
0
0
0
0
2.6374299206152916
5.807354922057604
3.222392421336448
0
0
0
0
0
0
0
0
0
0
0
0
0
0
0
0
2.5675859320011827
0
0
2.347923303420307
0
1.4854268271702418
0
0
0
0
0
0
0
0
0
0
0
0
0
0
0
0
0
0
0
0
0
0
3.807354922057604
0
0
0
0
0
0
0
0
0
0
0.8531586116707288
0
0
0
2.222392421336448
2.5675859320011827
0
8.422064766172813
0
0
0
0
0
0
0
0
0
0
0
4.807354922057604
0
0
0
0
0
0
0
0
0
0
0
0
0
0
0
0
0
0
0
0
1.1958031128573088
0
0
0
0
0
0
0
0
4.222392421336448
0
0
0
0
0
0
0
0
0
0
0
0
0
0
0
0
0
0
0
0
0
0
0
0
0
0
0
0
0
0
0
0
0
0
0
0
0
0
0
0
0
0
0
0
0
0
0
0
0
0
0
0
0
0
0
0
0
0
0
0
0
0
0
7.334354528018689
0
0
0
0
0.6958466068406136
0
0
0
0
0
0
0
0
0
1.1069152039165118
0
0
0
0
0.9493739269300321
0
0
1.1958031128573088
3.1486204220766436
0
0
0
0
0
0
0
4.222392421336448
0
0
0
0
0
0
0
0.44478484267289603
0
0
0
0
0
0
0
0
0
0
0
0
5.807354922057604
4.209869679576542
0
3.4854268271702415
0
0
0
0
0
0
0
0
0
0
0
0
0
0
1.8009286528981712
0
0
0
0
0
0
0
4.807354922057604
0
0
0
0
0
0
3.0
0
0
0
4.04376991026092
0
0
0
0
0
0
0
0
3.222392421336448
0
0
1.0
0
0
0
0
0
0
0
0
0
0
0
2.104934839788271
0
0
0
0
1.6147098441152081
0
3.807354922057604
0
0
0
0
0
0
0
0
0
0
0
0
0
0
0
0
0
0
0
0
0
0
1.6374299206152918
0
0
0
0
0
0
0
0
0
0
0
0
0
0
0
0
0
0
0
0
2.5675859320011827
0
0
0
1.2451124978365313
0
0
5.807354922057604
0
0
0
0
0
0
0
0
0
0
1.4854268271702418
3.4854268271702415
0
0
0
0
4.807354922057604
0
0
0
0
0
0
0
0
0
0
0
0
0
0
0
0
0
0
0
0
1.11196210668224
0
0
0
0
0
0
0
0
0
0
0
0
0.4498029174395205
0
2.106915203916512
0
2.288882408097452
0
0
0
0
0
0
0
0
0
0
0
0
0
0
1.222392421336448
0
0
0
0
0
0
0
0
0
0
3.222392421336448
0
0
0
0
1.4854268271702418
0
0
0
3.4854268271702415
0
0
0
0
0
0
0
0
0
0
0
2.807354922057604
0
0
7.912289761845875
0
0
0
2.6374299206152916
0
0
0
0
0
0
0
0
0
0
0
0
0
0
0
0
0
1.0524674198941355
0
0
0
0
0
0
0
0
0
0
0
0
0
0.28379296600059134
0
0
0
0
0
0.5055321407599334
0
0
0
0.36393291946122097
0
0
0
2.104934839788271
0
1.2837929660005913
0
0
0
0
0
0
0
0
2.807354922057604
0
0
0
0
0
0
0
0
0
0
0
3.0
0
0
0
0
4.807354922057604
0
0
0
0
0
0
0
0
0
0
0
0
0
0
0
0
0
0
0
0
0
0
0
0
0
4.807354922057604
0
0
0
0
0
0
0
0
0
0
0
0
0
0
0
0
0
0
0
0
0
0
0
0
0
0
0
3.222392421336448
0
0
0
2.807354922057604
0
0
0
0
0
0
0
0
0
0
0
0
0
0
0
0
0
0
0
0
0
0
0
0
0
0
0
1.8987478538600642
0
0
0
2.807354922057604
0.9708536543404833
3.1574022596824065
3.0
3.0
3.6147098441152083
0
0
0
0
4.970853654340483
0
0
0
0
0
0
0
0
2.2865410041330376
0
0
0
0
1.1069152039165118
0
0
0
0
0
0
0
0
0
0
0
0
0
0
3.6671772640093443
0
0
0
0
0
0
0
0
0
0.4498029174395205
0
0
6.444784842672896
0
2.6374299206152916
0
0
0
2.347923303420307
0
0
0
0
0
0
0
0
0
0
0
0
0
0
0
0
0
0
0
0
1.456280481510725
0
9.356564451684111
0
0
0
0
0
0
0
0
0
0
1.3479233034203069
0
2.9708536543404835
0
1.4854268271702418
0
0
0
0
0
0
0
0
0
0
0
0
0
0.5345760195825594
0
0
0
0
0
0
0
0
0
3.2748598412305836
0
0
0
3.1574022596824065
4.444784842672896
0
0
0
0
0
0
0
0
0
0
0
0
0
0
0
0
0
0
0
0
0
0
0
5.807354922057604
0
0
0
0
0
2.347923303420307
2.807354922057604
0
0
0
0
0
0
0
0
0
0
0
0
0
0
0
0
0
0
0
0
4.807354922057604
0
3.0
0
0
0
0
0.22239242133644802
0
0
0
0
0
0
0
4.912289761845876
0
2.106915203916512
0
0
0
0
0
0
0
0
0
0
0
0
0
0
0
0
0
0
0
0
0
0
0
1.8073549220576042
0
0
4.807354922057604
0
0
0
0
0
0
0
0
0
0
0
0
0
0
0
0
2.222392421336448
0
0
0
0
0
0.8073549220576041
0
0
0
0.0
0
0
0
0
0
0
0
0
0
0
2.347923303420307
0
1.222392421336448
0
0
0
0
0
0
0
0
0
0
0
4.498029174395205
0
0
0
0
3.6147098441152083
0
0
0
0
3.0
0
0
0
0
2.0
0
0
0
0
0
0
0
0
0
5.807354922057604
0
0.7943446749440491
0.8531586116707288
0
0
0
0
0
0
3.2294196882304163
1.2837929660005913
1.4854268271702418
4.807354922057604
0
0
0
0
0
0
0
0
0
0
0
0
0
1.7198920808072646
0
0.5594274086140185
1.906427219865718
0
0
0
0
0
0
0
0
1.118854817228037
0
0
0
0
0
0
0
0.7629608026991507
0
0
0
0
0
0
0.15597125119766614
0
0
0
0
0
0
0
0
0
0
3.222392421336448
0
0
0
0
0
0
0
0
0
0
2.4854268271702415
0
0
0
0
3.222392421336448
0
0
0
0
0
0.20986967957654193
2.6374299206152916
0.6374299206152918
2.807354922057604
0
0
0
0
0
0
0
0
0
0
0
0
0
0
0
0
0
0
0
0
0
0
0
0
0
0
0
0
0
0
0
0
0
0
0
0
0
0
0
0
0
0
0
0
0
3.222392421336448
0
0
0
0
0
0
0
0
0
0
0
0
0
0
0
0
0
0
0
0
0
0
1.4854268271702418
0
0
0
0
0
0
0
0
0
1.3479233034203069
0
0
0
0
0
0
0
0
0
0
0
0
0
0
0
0
0
0
0
0
0
0
0
0
1.6374299206152918
0
0
0
0
0
0
0
0
0
0
0
0
0
0
0
0
0
0
0
0
0
0
2.347923303420307
0
0
0
0
4.265793058353644
0
0
0
0
0
0
3.4397841616145293
0
3.118854817228037
0
0
0
0
0
5.807354922057604
0
4.807354922057604
0
0
0
0
0
2.0
0
0
0
0
0
0
0.5219527031953558
0
0
0
0
0
0
0
0.21383040783302376
0
0
0
0
0
0
0
0
0
0
0
0
0
0
0
11.614709844115207
0
0
1.7198920808072646
0
0
1.6374299206152918
0
0
0
0
0
0
0
0
0
0
0
2.2452192822467496
0
0
0
0
0
0
0
0
1.6374299206152918
0
3.0
0
0
0
0
0
4.222392421336448
0
0
0
0
0
0
0
0
0
0
0
0
3.8009286528981714
0
2.6374299206152916
1.1634987322828796
2.4854268271702415
0
0
0
0
0
1.4150374992788437
0
4.807354922057604
0
0
0
4.807354922057604
0
0
0
0
0
0
0
6.444784842672896
0
0
0
0
0
0
1.8073549220576042
0
0
0
0
2.4354631239421476
0
0
0
0
0
0
0
0
2.6374299206152916
0
0
0
0
0
0
0
0
0
0
0
0
0
6.667177264009345
0
0
0
0
0
0.0
0
0
4.213830407833024
0
0
0
0
0
0
0
3.222392421336448
1.1760672430816306
0
0
0
0
0
0
0
0
1.9122897618458754
0
0
0
0
0
0
0
1.3561438102252754
0
0
0
0
0
0
3.490496196848639
0
0
0
0
0
2.0751874963942187
0
0
0
0
0
0
0
0
0
0
0
0
0
0
0
0
0
0
0
0
0
0
0
0
0
0
0
0
0
0
0
0
0
0
0
0
0
0
0
0
0
0
0
0
0
2.4854268271702415
0
0.8300749985576875
0
0
0
0
0
3.222392421336448
0
0
0
0
0.7198920808072646
0
0
0
0
0
0
0
0
2.4854268271702415
0
0
0
0
0
0
0
0
0
0
0
0
0
0
0
0
0
0
0
0
0
0
0
0
1.6374299206152918
0
1.3479233034203069
0
0
0
0
0
0
3.4854268271702415
0
2.034215715337913
0
4.444784842672896
0
0
0
0
0
0
0
0
10.319352484843588
0
0
0
0
0
0
0
4.74686963465016
0
0
0
0
0
0
0
0
0
0
0
0
0
0
0
0
0
0
0
0
0
0
1.702757796003548
0
0
0
0
0
0
0
0
0
0
0
0
0
0
0
0
0
0
0
0.8174936614143978
0
0
0
0
0
0
0
0
0
0
0
0
0
0
0
0
5.807354922057604
0
3.807354922057604
0
2.6374299206152916
0
0
0
0
0
0
0
0
0
0
0
0
3.6671772640093443
0
0
1.1069152039165118
0
0
0
0
0
0
0
1.8009286528981712
0
0
1.2748598412305836
0
0
0
4.970853654340483
0
0
0
0
3.6671772640093443
0
0.0
0
0
0
0
0
0
0
0
0
3.824579523691751
0
0
0
0
0
3.807354922057604
5.807354922057604
0
0
0
0
0
0
0
0
0
0
0
0
0
0
0
0
0
2.0239437012916297
0
0
0
0
0
2.4854268271702415
0
0
0
0
0
0
0
0
4.0
2.4854268271702415
0
0
0
0
0
0
0
0
0
0
3.222392421336448
0
0
3.0
0
0
0
0
0
0
4.807354922057604
0
0
0
0
0.20796166826355483
0
0.9708536543404833
0
0
0
0
0
0
0
0
0
0
6.0
0
0
0
0
0
0
0
0
0
0
0
0
0
1.6374299206152918
5.807354922057604
6.970853654340483
4.6782822258420556
0
0
0
0
0
0
0
0
0
0
0
0
0
0
2.2490145871976024
0
0
0
1.2837929660005913
0
0
0
0
0
0
0
0
0
0
0
0
0
0
0
0
0
5.274859841230583
0
0
2.0
0
0
0
0
0
4.222392421336448
0
0
0
0
0
0.5779352338271875
0
0
0
0
0
0
0
0
0
0
0
0
0
0
0
0
0
8.444784842672895
4.807354922057604
2.0221285630397334
0
0
0
0
0
0
0
0
0
0
0
5.807354922057604
0
0
2.8300749985576874
1.3479233034203069
0
0
0
0
0
2.347923303420307
0
0
0
0
3.2748598412305836
1.5594274086140185
0
0
1.8073549220576042
0
0
0
0
0
0
0
0
0
0
0
0
0
0
0
0
0
0
0.8895696853457921
0
0
0
1.2837929660005913
0
0
0
0
0
0
3.807354922057604
0
0
4.807354922057604
0
0
0
1.2837929660005913
0
0
3.599460404036323
4.456280481510725
1.3485155455967708
0
0
0
0
0
1.1069152039165118
0
0
0
0.3148045193648129
0
0
0
0
0
0
0
0
0
0
4.222392421336448
0
0
0
0
0
0
0
3.0
0
0
0
0
4.695846606840614
0.9004643264490856
0
3.1574022596824065
0
0
0
0
0
0
4.912289761845876
0
0
0
0
0
0
0
0
0.8531586116707288
0
0
0
0
0
1.4189648300029567
0
0
0
0
0
0
0
0
0
1.0
0
0
8.444784842672895
0
0
0
0
4.175621625562846
3.6147098441152083
0
0
6.0
0.8073549220576041
9.667177264009345
0
0
0
0
0
0
0
0
0.9493739269300321
0
0
0
0
0
0
0
4.222392421336448
0
0
0
0
0
0
0
8.444784842672895
0
0
0
0
0
0
0
0
0.3479233034203068
0
0
0
0
0
0
0
0
0
0
0
0
0
0
0
1.5259216053983014
3.807354922057604
0
0.6296090387296258
0
0.8531586116707288
0
0
0
0
0
0
0
2.347923303420307
0
0
0
0
0
0
0
0
0
0
0
0
0
1.7063172233414576
1.2143662207749777
0
0
0
0
0
0
0
0
0
0
0
0
0
0
0
0
0
0
0
0
0
0
0
0
0
0
2.347923303420307
0
0
0
0
0
0
0
0
0
0
1.9004643264490857
0
2.0
0
0
0
0
0
0
0
2.5276607037996666
0
1.2620073029117176
0
2.6374299206152916
0
0
0
0
0
0
0
0
0
0
0
2.347923303420307
0
0
0
6.0
0
0
0
0
0
0
0
0
0.5979015564286544
0
0
0
0
0
0
0
0
0
0
4.222392421336448
0
0
2.0
0
0
0
0
0
0
0
0
0
0
0
0
0
9.614709844115207
0
0
0
0
0.5979015564286544
0
0
0
0
0
0
0
0
0
0
0
0.9708536543404833
0
0
0
0
0.4047887402583259
0
0
0
0
0
2.807354922057604
0
0
0
0
0
0
0
0
0
0
0
0
0
0
0
0
0
0
0
0
0
0
0
0
0
0
0
2.807354922057604
0
0
0
0
0
3.0
0
0
0
0
0
0
0
1.9004643264490857
2.0
0
4.807354922057604
0.8300749985576875
0
0
0
0
0
2.0
0
0
0
0
0
0
0
0.2623370994706774
0
0
0
0
0
0
0
0
0
0
0
0
0
0
0
0
0
0
0
0
0
1.8073549220576042
0
0
0
6.263432438344269
0
0
0
0
0
0
0
5.807354922057604
0
0
0
0
0
0
0
2.698817504637123
0.3899281279941653
0
0
0
0
2.159676242421794
0
0
0
0
0
0
0
4.222392421336448
0
0.32074561174953564
1.5658581095860673
0
3.4854268271702415
0
0
0
0
0
0
0
0
0
0
0
0
0
2.807354922057604
0
1.4397841616145293
0
0
0
0
0
0
0
0.851378898001774
0
2.4854268271702415
0
0
0
0
0
0
0
0
0
0
0
1.8073549220576042
0
0
0
0
0
0
0
0
3.7806711627196163
0
0
0.855321631332095
0
0
0
0
0
0
0
3.222392421336448
0
0
0
0
0
0
0
0
0
0
0
0
0
0
2.4854268271702415
0
0
0
0
0
0
0
0
0
0
0
0
0
0
0
0
0
0
0
0
0
0
0
5.660149997115375
0
0.0
0
0
0
0
0
0
0
0
0.4498029174395205
0
0.4047887402583259
0
0
0
0
2.0
0
0
0
0
0
0
0
0
0
0
0
0.5219527031953558
0
1.1958031128573088
0
1.9004643264490857
0
0
0
0
0
0
5.807354922057604
0
0
0
0
0
0
0
0
0
0
0
0
0
0
0
0
0
0
0
0
0
0
0
1.5594274086140185
0
0
0
0.5594274086140185
1.0524674198941355
0
0
0
3.2748598412305836
0
0
0
0
0
0
5.807354922057604
2.0
0
0
0
0
0
0
0
0
0
2.2138304078330235
0
0
0
0
0
0
0
0
0.0
0
0
0
0
0
0
0
0
0
0.15886893498880983
0
0
0
1.9122897618458754
0
0
3.222392421336448
0
2.807354922057604
0
0
0
0
2.8481217807900965
9.47220677904722
0
0
0
0
3.0
0
0
0
5.807354922057604
2.807354922057604
0
0
0
0
0
0.873779142438454
0
0
0.8531586116707288
0
0
0.7629608026991507
0
0
0
0
0
0
0
0.6746479004305432
0
0
0
0
0
0.0
0
0
0
0
0.3148045193648129
0
0
0
0
0
0
0
0
0
0
0
5.807354922057604
5.807354922057604
0
0
0
0
0
0
0
0
0
0
0
0.5779352338271875
0
0
0
0
0
0
0
0
0
0
0
0
0
0
0
0
0
2.6958466068406137
0
0
0
0
0
0
0
0
0
0
0
0
0
4.807354922057604
2.422064766172812
0
0
4.807354922057604
0
0
0
0
0
0
0
0
0
0
0
0
2.6374299206152916
0
0
0
0
0
0
0
0
0
0
0
0
0
0
0
0
0
0
0
0
0
0
5.135171864002365
0
0
0
0.38109016735550627
0
0
0
0
5.807354922057604
0
2.4854268271702415
0
5.807354922057604
2.8300749985576874
0
0
0
0
3.807354922057604
0
1.5259216053983014
0
0
0
2.0
0
0
4.807354922057604
0
0
0
0
0
0
0
0
0
0
0
0
0
1.1634987322828796
0
2.0
1.4854268271702418
0
0
0
2.4854268271702415
0
0
0
0
0
0
0
0
0
0
0
0
0
0
0
0.0
0
0
0
0
0
0
0
0
0
0
0
3.807354922057604
0
0
0
0
0
0
0
0
0
0
0
0
0
0
0
4.213830407833024
0
0
3.807354922057604
4.807354922057604
0
0
0
0
0
0
0
0
0
0
0
0
0
0
0
0
0
0
0
0
0
0
0
0
0
0
0
0
0
0
0
0
0
0
0
0
0
2.701392979347257
0
0
0
0
0
0.6671772640093441
0
0
0
0
0
0
0
0
0
0
0
0
0
0
0
0
0
3.807354922057604
0
0
0
0
0
0
0
0
0
0
0
0
0
0
0
0
0
0
0
2.444784842672896
0
0
0.6958466068406136
0
0
0
0.48542682717024166
3.807354922057604
0
0
2.549719682461167
0
0
0
0
0
0
0
0
0
0
0
0
0
0
0
0
0
0
0
0
0
0
0
0
0
0
0
1.8073549220576042
0
0
0
3.222392421336448
0
1.9122897618458754
0
0
7.229419688230417
0
0
0
0
0
0
0
0
0
3.807354922057604
5.807354922057604
0
0
0
0
0
0
0
0
0
0
0
0
0
0
0
0
0
0
2.347923303420307
0
0
0
0
0
0
0
0
0
0
0
0
0
0
0
0
0
2.106915203916512
0.4276608156660475
0
0
0
0
0
0
0
0
0
0
5.807354922057604
0
0
0
0
3.4854268271702415
0
4.807354922057604
0
0
0
0
0
0
0
0
0
0
0
0
0
0
0
0
0
0
1.6374299206152918
0
0
0
0
0
0
0
3.7974957077201283
0
0
0
2.6374299206152916
0
0
0
0
0
2.106915203916512
0
0
0
0
1.4150374992788437
0
0
0
0
0
0
0
0
0
3.0
0
0
0
0
0
0
0
0
0
0
0
0
0
0
7.229419688230417
0
0
3.4854268271702415
3.4854268271702415
0
0
0
0
0
0
0
0
0
0
0
0
0
0
3.807354922057604
0
0
0
0
0
0
0
2.4854268271702415
0
0
0
0
1.0439054063907116
1.9004643264490857
4.970853654340483
2.4854268271702415
0
0
0
0
0
0
3.2748598412305836
0
0
0
2.6374299206152916
1.7063172233414576
0
0
0
0
0
0
0
0
0
0
0
0
0
0
0
0
5.807354922057604
0
0
0
0
0
0
0
0
0
0
0
0
0
0
0
4.970853654340483
0
0
0
0.6354757399552393
0
2.0
0
0
0
0
0
0
0
0
0
0
0
0
0
4.695846606840614
0
0
0
0
0
3.4854268271702415
0
0
0
0
0
0
0
0
0
1.6782822258420556
0
0
0
0
0
0
0
0
0
0
0
0
0
0
0
0
0
0
0
0
0
0
0
0
0
0
0
3.0
0
0
0
0
0
0
0
1.7198920808072646
0
0
0
0
0
0
0
0
1.7198920808072646
0
0
0
0.7629608026991507
0
0
0
0
0
0
3.118854817228037
0
0
0
3.320745611749535
0
0
0
0
0
1.9004643264490857
0
0
0
0
0
0
0
0
0
0
0
0
0
0
0
0
0
0
0
0
0
0
0
0
0
0
0
0
0
0
0
0
0
0
0
0
0
0
0
0
0
0
0
0
0
0
0
0
0
0
0
0.7198920808072646
0
0
0
1.7063172233414576
0
4.807354922057604
0
2.222392421336448
0
0
0
0
0
0
0
0
0
0
0
0
3.807354922057604
0
4.222392421336448
0
0
0
0.5219527031953558
0
0
0
0
0
0
0
0
0
4.695846606840614
0
0
0
0
0
0
0
0
0
0
0
0
0
0
0
0
0
0
0
0
0
0
0
0
0
0
0
0
0
3.807354922057604
0
0
0
0
0.05246741989413548
0
0.6780719051126377
0
0
0
0
0
0
0
0
0
0
1.4150374992788437
0
0
0
0
0
0
0
0
0
0
0
0
0
0
0
0
5.807354922057604
0
0
0
0.7629608026991507
0
0
0
0
0
2.034215715337913
0
0
0
0
0
0
0
0
0
0
0
0
4.222392421336448
0
3.807354922057604
0
0
0
0
1.4150374992788437
0
0
0
0
0
0
0
0
0
0
0
0
0
0
0
0
0
0
0
0
0
0
0
0
0
0
0
0
0
0
0
0
0
0
0
0
0
0
1.8073549220576042
0
3.8009286528981714
0
4.222392421336448
0
0
0
0
0
1.8073549220576042
0
0
0
0
0
0
0
0
0
0
0
0
0
0
0
0
0
0
0
0
0
0
0
0
0
0
0
0
0
0
0
0
0
0
0
0
0
3.4854268271702415
0
0
0
0
0.8531586116707288
0
0
0
0
0
1.9004643264490857
0
0
0
0
0
2.8481217807900965
0
0.44478484267289603
0
0
0
0
0
0
0
0
0
0
0
0
0
0
0
0
0
2.0
0
0
0
0
0
0
0
0
0
0
0
0
0
0
0
0
0
0
0
0
0
0
0
0
0
0
0
0
3.222392421336448
0
0
3.807354922057604
0
0
0
0
0
0
0
0
0
0
0
0
3.4126344466829153
0
0
0
0
0
0
0
0
0
0
0
9.614709844115207
0
0
3.0
3.222392421336448
0
0
0
0
0
5.807354922057604
0.44478484267289603
0
0
0
1.6147098441152081
0
1.1958031128573088
0
0
0
0
0
0
0
0
0
0
0
1.9417073086809666
0
0
0
10.0
0
0
0
0
0
0
0
0
0
0
0
0
0
0.5594274086140185
0
0
0
0.5675859320011827
0
0
0
0
0
0
0
0
0
0
0
0
0
0
0
0
0
0
1.5165964222798
0
0
0
0
0
0
0
0
0
0
0
0
0
0
0
0
0
2.347923303420307
0
3.0
0
0
0
0
1.7198920808072646
0
0
0
0
1.0
0
0.41503749927884376
0
0
0
0
0
0
0
0.9465054771837882
2.2138304078330235
0
0
0
1.4854268271702418
0
0
0
0
3.807354922057604
0.5979015564286544
0
0
0
0
0
0
0
0
0
0
0
0
0
0
0
1.8009286528981712
0
0
6.444784842672896
0
0
0
2.106915203916512
0
0
0
0
0
0
0
0
0
0
0
0
0
0
1.1069152039165118
0
1.4150374992788437
0
3.807354922057604
0
0
0
0
0
0
0
0
0
0
0
0
0
0
0
0
0
0
0
0
0
0
0
0
0
0
2.9708536543404835
0
3.807354922057604
0
0
0
3.807354922057604
0.5771416188354903
0
0
0
0
2.2138304078330235
0
0
0
0
0
0
0
0
0
0
0
0
0
0
0
0
0
0
0
0
0
0
0
0
0
0
0
0
0
0
0
0
0
0
0
0
0
0
0
0
0
0
0
0
0
0
2.807354922057604
0
0
0
1.6374299206152918
0
0
0
3.4854268271702415
0
0
0
0
0
0
0
0
0
0
0
0.6671772640093441
0
1.3561438102252754
0
0
0
0
0
0
0
0
0
0
0
0
0
0
0
0
0
0
0
0
0
0
0
0
0
0
0
0
0
0
0
0
0
0
0
0
0
0
0
0
0
0
0
0
0
0
1.6147098441152081
0
0
0
0
0
0
0
0
0
0
0
0
0
0
0
0
0.3379377109282766
0
0
0
0
0
0
6.8795683232290585
0
0
0
0
0
0
2.4854268271702415
0
0
0
0
0
0
0
0
0.5675859320011827
0
0
0
0
0
6.237709634456074
5.614709844115208
0
0
0
1.4854268271702418
0
0
0
0
0
0
0
0
0
0
0
0
0
0
0
0
0
0
7.601857305796343
5.941707308680967
0
1.524360669422025
0
0
0
0
0
0
0
2.0
1.9004643264490857
0
3.490496196848639
0
4.807354922057604
0
0
0
0
0
0
0
0
0
0
0
0
0
0
0
0
0
4.807354922057604
0
0
0
0
0
0
0
0
0
0
0
0
0
0
0
0
0
0
0
0
5.274859841230583
0
0
0
0
0
0
1.2837929660005913
0
4.222392421336448
0
0
0
0.8073549220576041
0
0
0
0
0
0.18196645973061049
0
0
0
0
0
0
0
0
0
0
2.106915203916512
3.0
0
0
0
0
0
0
0
0
0
0
0
0
6.0
0
0
0
0
0
0
3.6147098441152083
0
0
0
0
0
0
0
0.3155018257279294
0
0
0
0
2.222392421336448
0
0
0
0
0
0
0
0
0
0
0
0
1.5259216053983014
0
0
0
0
0
0
0
0
0
6.0
0
0
0.9708536543404833
0
0
0
0
0
0
0
0
0
6.0
0
0
0
0
0
0
0
0
0
0
0
0
0
0
0
0
0
0
0
0
0
0
0
0
0
0
0
0
0
0
0
0
0
0
0
0
0
0
6.0
2.444784842672896
0
0
0
0
0
0
0
0
0
0
0
0
0
0
0
0
0
5.807354922057604
0
0
0.5779352338271875
2.5675859320011827
0
0
0
0
0
0
0
0
1.4854268271702418
0
0
0
0
0
0
0
0
0
0
0
0
0
0
0
0
0
2.807354922057604
0
0
0
0
0
0
0
0
0
0
0
0
0
0
0
0
5.807354922057604
0
0
0
4.222392421336448
0
3.807354922057604
1.0
1.5594274086140185
1.577509128639647
0
0
0
0
0
0
0
0
0
0.5397183203444346
1.7198920808072646
0
0
0
2.807354922057604
0
0
3.320745611749535
1.9004643264490857
0
0
0
0
0
0
0
0
0
0
0
0
0
0
0.6310036514558588
0
0
0
0
0
0
0
0
2.807354922057604
0
0
0
0
0
0
0
0
0
0
0
0
0
0
0
0
5.3916932136812274
0
0
0
4.222392421336448
0
1.4150374992788437
0
0
0
0
0
0
0
3.222392421336448
0
0
0
1.8073549220576042
0
0
2.326997464565759
0
0
0
0
0
0
1.9417073086809666
0
5.807354922057604
0.8073549220576041
0
4.222392421336448
0
0
0
0
0
0
0
0
0
0
0.22239242133644802
0
0
2.807354922057604
0.0
0
0
0
0
0.9708536543404833
0
0
0
0.3119425023953323
0
0
0.5246741989413548
0
0
0
0.9465054771837882
0
0.5779352338271875
0
0
0
1.3079898582630365
0
1.2829824469981426
0
3.222392421336448
0
0
0
1.0110642815198667
0
0
3.0
0
0
0
0
0
0
0
0
0.0
0
0
0
0
0
0.07943446749440491
0
2.4854268271702415
0
0
0
0
0
0
0
0
0
0
0
0
0
0
0
3.222392421336448
0
0
0.22239242133644802
0
0
2.4854268271702415
0
0
0
0
2.807354922057604
3.4854268271702415
0
0
0.3899281279941653
0
0
0
0
0
0
6.0
0
0
0
0.9445070606027605
0
0
0
4.213830407833024
0
4.807354922057604
3.0
0
0
0
0
0
0
0
1.8073549220576042
0
2.8795683232290585
0
0
2.8300749985576874
0
0
0
0
0
0
0
0
0
0
0
0
0
0
2.9708536543404835
0
0
0
0
0
0
0
0
0
0
0
0
0
0
0
2.347923303420307
2.807354922057604
0
1.702757796003548
0
0
3.4854268271702415
0
0
0
0
0
0
0
0
0
0
0
0
0
0
0
0
0
0
0
0
0
0
0
0
0
0
0
0
0
3.807354922057604
5.807354922057604
0
0
0
0
2.106915203916512
0
0
0
0
0
0
0
0
0
0
0
0
0
0
0
0
0
0
0
0
0
0
0
0
0
0
0
0
0
0.5675859320011827
0
0
14.08753982052184
0
2.104934839788271
0
0
0
5.807354922057604
0
0
0
0
0
0
0
0.9004643264490856
0
0
3.0
0
0
4.222392421336448
0
0
0
0
0
0
0
0
0
0
0
0
0
0.05199041706588871
0
0
0
0
0
0
0
0
0
0
0
0
0
0
0
0
5.807354922057604
0
0
0
0
0.19264507794239583
0
0
0
0
0
0
0
0
0
0
0
0
0
0
0
0
0
0
0
0
2.6374299206152916
0
0
0
0
2.222392421336448
0
0
0
0
0
0
0
0
0
0
0
0
0
0
0
0
0
0.13492958008610864
0
0
0
0
0
0
0
0
0
0
2.4854268271702415
0
0
0
0
0
0
0
0
0
0
0
0
0
0
0
0
0
0
0
0
0
0
0
0
1.8073549220576042
0
0
0
0
0
0
0
0
0
0
0
0
0
0
0
0
0
0
0
0
1.1069152039165118
0
0
0
0
0
0
0
0
0
0
0
0
0
0
0
0
0
0
0
0
0
5.660149997115375
0
0
0
0
0
0
0
0
0
0
0
0
0
0
0
0
0
0
2.0751874963942187
0
0
1.3479233034203069
0
0
0
5.807354922057604
0
0
0
0
0
0
0
0
0
0
0
0
0
0
0
0
0
0
0
0
0
0
0
2.5594758350121865
0
0
0
0
0
0
0
1.7198920808072646
0
0
0
0
0
0
0
0
0
0
8.18714960307646
0
0
0
0
0
0
2.0751874963942187
0
2.701392979347257
0
0
0
0
0
0.9622368352486069
0
0
0
0
0
0
0
3.6147098441152083
0
0
0
0
0
0
0
0
0.48542682717024166
0
0.15740225968240645
2.222392421336448
0
0
0
3.222392421336448
0
0
0
0
0
0
0
0
0
0
0
0
0
0
0
0
0
0
0
0
0
0
0
0
0
0
0
0
0
0
0
0.5675859320011827
0
0
0
0
0
0
0
0
0
1.1634987322828796
0
0
5.807354922057604
0
0
0
0
0
3.1574022596824065
0
0
0
0
0
4.222392421336448
0
0
0
0
0
0
0
0
1.5594274086140185
0.4047887402583259
0
0
0
0
0.9004643264490856
0
0.5560412724608343
0
0
2.106915203916512
0
0.6539949291315182
0
2.91256096302145
0
0
0
0
1.3494087523185616
1.4397841616145293
0
0
0
0.0
0
0
1.8009286528981712
0
0
0
0
3.2748598412305836
2.807354922057604
0.5219527031953558
0
0
0
0
0
0
0
0
0
5.807354922057604
0
0.0
0
0
0
0
0
0
0.5219527031953558
0
0
0
0
0
0
0
0
3.222392421336448
0
0
0
0.0
3.222392421336448
0
0
0
0
0
0
0
0
0
0.899605834879041
0
0
0
1.6374299206152918
0
0
0
1.0437699102609204
1.1351718640023654
5.274859841230583
0.899605834879041
0
3.4854268271702415
1.660149997115375
0
0.8095774805166518
5.807354922057604
0
0
0
0
2.326997464565759
0
0
0
3.807354922057604
0.8300749985576875
0
0
0
0
0
0
0
0
0
0
3.4397841616145293
0
0
0
3.807354922057604
0
0
0
0
0
0
0.13492958008610864
0
0
0
0
0
0
0
0
0
0
0
0
0
0
1.0
0
0.6758754218565532
0
0
0
6.0
0
2.8795683232290585
0
0
0.3269974645657591
0
5.807354922057604
0
0
0
4.807354922057604
0
0
0
0
0
0
