0
0
0
0
0
0
0
0
0
0
0
0
0
0
0
0
0
0
0
0
0
0
0
0
0
0
0
0
0
0
0
0
0
0
0
0
0
0
0
0
0
0
0
0
0
0
0
0
0
0
0
0
0
0
0
0
0
0
0
0
0
0
0
0
0
0
0
0
0
0
0
0
0
0
0
0
0
0
0
0
0
0
0
0.33321467903538243
0
0
0.7729203819772151
0
0
0
0
0
0
0
0
0
0
0
0
0
0
0
0
0
0
0
0
0
0
0
0
0
0
0
0
0
0
0
0
0
0
0
0
0
0
0
0
0
0
0
0
0
0
0
0
1.4471580313422192
0
0
0
1.7481880270062005
0
0
0
0
0
0
0
0
0
0
0
0
0
0
0
0
0
0
0
0
0
0
0
0
0
0
0
0
0
0
0
0
0
0
0
0
0
0
0
0
0
0
0
0
0
0
0
0
0
0
0
0
0
0
0
0
0
0
0
0
0
0
0
0
0
0
1.7481880270062005
0
0
0
1.7481880270062005
0
0
0
0
0
0
0
0
0
0
0
0
0
0
0
0
0
0
0
0
0
0
0
0
0
0
0
0
0
0
0
0
0
0
0
0
0
0
0
0
0
0
0
0
0
0.33321467903538243
0
0
0
0
1.4471580313422192
0
0
0
0
0
0
0
0
0
0
0
1.271066772286538
0
0
0
0
0
0
0
0
0.38646019098860757
0
2.0070203428757267
0.7481880270062005
0
0
0
0
0
0
0
0
0
1.271066772286538
0
0
0
0
0
0
0
0
0
0
0
0
1.2684893493987273
0
0
0
0
0
0
0
0
1.7481880270062005
0
0
0
0
0
1.7481880270062005
0
0
0
0
0
0
1.4471580313422192
0
0
0
0
1.4471580313422192
0
0
0
0
0
0
0
1.4471580313422192
0
0
0
0
0
0.9700367766225568
0
0
0
0
0
0
0
0
0
0
0
0
0.7067953418479753
0
0
0
0
0
0
0
1.2172960385519827
0
0
0
0.2869458888649364
0.5720967679505191
0
0
0
0
0
0
0
0
0
0
0
0
0.7939455175668755
1.271066772286538
0
1.0492180226701815
0
0
0
0
0
0
0
0
0
0
0
0
0
0
1.7481880270062005
0
0
0
0
0
0
0
0
0
0
0
0
0
0
0
0.7675421049556526
0
0
0
0
0
0
0
0
0
0
0
0
0
0
0
0
0
0
0
0
0
0
0.6342446746993636
0
0
0
0.43838410703471403
0
0
0
0
0
0
0
0
0
0
0
0
0
0
0
0
0
0
0
0
0
0
0
0
0
0
0
0
0
0
1.4471580313422192
0
1.271066772286538
0
0
0
0
0
0
0
0
0
0
0
2.6734185355492386
0.46943442605337143
0.1968720906807266
0
0
0
0.1912972592432909
0
0.5399589088176163
0.49291552190289434
0
0
0.2568263331719277
0
0
0
1.271066772286538
0
0
0
0
0.6690067809585756
0
0
0
0
0
0
0
0
0
0
0
0
0
0
0
0
0
0
0
0
0
0
0
0
0
0
0
0
0
0
0.46943442605337143
0
0.7939455175668755
0
0
0
1.035478211255853
0
0
0
0
0.01565067502391305
0
0
0
0
0
0
0
0
0
0
0
0
0.0
0
0.13303073770326093
0
0
0
0
0
0
0
0
0
0.0313013500478261
0
0
1.4471580313422192
0
0
0
0
1.271066772286538
0
0
0
0
0
0
0
0
0.5440680443502757
0
0
0
0
0
0
0
0.5698530793851405
0
0
0
0
0
0
0
0
0
0
0
0
0
1.4471580313422192
0
0
0
0
0
0
0.13540417028646495
0
0
0
0
0
0
0
0
0
0
0
0
0
0
0
0
0
0
0
0
0
0
0
0
0
0
0
0
0
0
0
0
0
0.20411998265592482
0
0
0
0
0
0
0
0
0
0
0
0
0
0
0
0
0
0
0.5440680443502757
0
0
0.9700367766225568
0
0
0
0
0
0
0
0
0
0
0
0
0
0
0
0
0
0
0
0
0
0
0
0
0
0
0
0
0
0.2857900291072444
0
1.3380135619171512
1.4471580313422192
0
0
0
0
0.7481880270062005
0
0
0
0
0
0
0
0
0
0
0
1.7481880270062005
0
0
0
0
0
0
0
0
0
1.4471580313422192
0
0
0
0.4259687322722811
0
0
0.9700367766225568
0
0
0
0
0
0
0
0
0
0
0
0
0
0
0
0
0
0
0
0
0
0
0
0
0
0
0
0
0
0.6020599913279624
0
0
0
0
0
0
0.27106677228653797
0
0
0
0
0
0
0.16247140363305634
0
0
0
0
0
0
0
0
1.839883926472972
1.4471580313422192
0
0
0
0
0
0
0
0
0
0
0.8943160626844384
0
0
0
0
0
1.4471580313422192
0
0
0
0
0
0
0
0
0
0
0
0
0
0
0
0
0
0
0
0
0
0
0
0
0
0
0
0
0
0
0
0
0
0
0
0
0.292256071356476
0
0
0
0
0
0
0
0.12635413746585505
0.0984360453403633
0
1.0492180226701815
0.24303804868629442
0.7359535705891889
0
0
0
0
0
0
0
0.46943442605337143
0
0.3142468399594024
0
0
0
0.33321467903538243
0
0
0
0
0
0
0
0
0
0
0
0
0
1.7481880270062005
0
0
0
0
0
0
0
0
0
0
0
0
0
0
0.3168242628472131
0
0
0
0
0.9030899869919435
0.24987747321659984
0
0.4057653461839942
0
0
0
0
0
0
0
0.9721521947451777
0
0
0
2.098436045340363
0.16840443038939024
0
0
0
0
0
0
0
0
0
0
0
0
0
0
0
0
0
0
0
0
0
0
0
0
0
1.271066772286538
0
0
0.7939455175668755
0
0
0
1.4471580313422192
0
0
0
0
0.9700367766225568
1.271066772286538
0
0
0
0
0
0
0
0
0
0
0
0
0
0
0
0
0
0
0
0
0
0
0
0
0
0
0
0
0
0
0
0
0
0
0
0
0.24987747321659984
0
0
0
0
0
1.7481880270062005
0
0
0
0
0
0
0
0
0
0
0
0
0
0
0
0
0
0
0
0
0
0
0
0
0
0
0
1.1593805729658226
0
0
0
0
0
0
0
0
0
0
0
0
0
0
0
0
0
0
0
0
0
0
0
0.30436067628193175
0
0
0
0
0
0
2.120386025543926
1.7481880270062005
0
0
0
0
0
0.6020599913279624
0
1.7481880270062005
0
0
0
0
0
0
0
0
0
0
0
0
0
0
0
0
0
0
0.6690067809585756
0
0
0
0
0
0
0.8450980400142568
0
0
0
0
0
1.7481880270062005
0
0.34172078129850547
0
0
0
0
0
0.0
0
0
0
0.0
0
0.43341821992789054
0
0
0
0
0
0
0
0
0
0
0.8030369999862974
0
0
0
0
0
0
0
0
0
0
0
0.5177391056279265
0
0
0
0
0
0
0
0
0
0
0
0
0
0
0
0
0
0.6501273298918357
0
0
0
0
0
0
0
0
0
0
0
0
0
0
0
0
0
0.4471580313422192
0
0
0
0
0.6020599913279624
0
0
0
0
0
0
0
0
0
0
0
0
0
0
0
0
1.6901960800285136
0
0
0
0
0
0
0
0
0
0
0
0
0
0
0
0
0
0
0
0
0
0
0
0
0
0.9700367766225568
0
0
0
0
0.6020599913279624
0
0.6020599913279624
0.2677871585224529
1.7481880270062005
0
0
0
0
0
0
0
0
0
0
0
0
0
0
0
0
0.7481880270062005
0
0
0
0
0
0
0
0
0
0
0
0
0
0
0
0
0
0
0
0
0
0.8115306923679884
0
0
0.379902052923427
0
0.3368088607787805
0
0
0
0.1899510264617135
0
0
1.3380135619171512
0
0
0
0
0
0
0
0
0
0
0
0
0
0
0
0
0
0
0
0
0
0.4748775661542837
0
0
0
1.0652623669867611
0
0
0
0
0
0
0
0
0
0
0
0
0
0.6336485256944262
0
0.5720967679505191
0
0
0
0
0
0
0
0
0
0
0
0
0
0
0
0.3347702036757591
1.4471580313422192
0
0
0
0
0
0
0
0
0
0
0
0
0
0
0
0
0
0
0
0
0
0
0
0
0
0
0
0
0
0
0
0
0
0
0
0
1.271066772286538
0
0
0
0
0
0
0
0
0
0
0
1.0492180226701815
0
0
0
0
0
0
0
0
0
0
0.0984360453403633
0
0
0
3.4383841070347136
0
0
0
0
0
0
0
0
0
0
0
0
0
0
0.20411998265592482
0
0
0
0
0
0
1.0042018444591982
0
0
0.3837710524778263
0
0
2.098436045340363
0
0
0
0
0
0
0
2.098436045340363
0
0
0
0
0
0
0
0
0
0.9700367766225568
0
0
0
0
0
0
0
0
0
0
0
0
0
0
0
0
0
0
1.271066772286538
0
0
0
0
0
0
0
0
0
0.8450980400142568
0
0
0
0
0
0
0
0
0
0
0
0
0
0
0
0
0
0
0
0
0
0
0.16840443038939024
0
0
0
0
0
0
0
0
0
0
0
1.0492180226701815
0
0
0
0
0
0
0
0
0
0
0
0
0
0
0
0
0.24303804868629442
0
0
0
1.271066772286538
0
1.146128035678238
0
0
0
0
0
0
0
0
0
0
0
0
0
0
0
0.7481880270062005
0
0
0
0
0
0
0
0
0
0
0
0
0
0
0
0
0
0
0
0
0
0
0
0
0
0
0.7481880270062005
0
0
0
0
0
0
1.2041199826559248
0
0
0
0
0.7704789995157831
0
0.9030899869919435
0
0
0
0.10473535052001297
0
0
0
0
0
0
0
0
0.20345877531086967
0
0
0
0.7939455175668755
0
0
0
0
0
0
0
0
0
0
0
0
0
0
0
0
1.146128035678238
0
0
0
0
0.49291552190289434
0
0
0
0
0
0
0
0
0
0
1.624203575907899
0
0
0.5136526663438554
0
0
0
0
0
0
0
0
0
0
0
0
0
0
0
0
0
0
0
0
0
0
0
0
0
0
0
0
0
0
1.0492180226701815
0
0
0
0.7481880270062005
0
0.6690067809585756
0
1.7481880270062005
0
0
0.20411998265592482
0
0
0
0
0
0
0
0
0
0
0
0.48607609737258883
0.7067953418479753
0
0
0
0
0
0
0
0
0.4471580313422192
0
0
0
0
0
0
0
0
0
0
0
0
0
0
0
0.040617850908264086
0
0
0
0
0
0
0
0
0
0
0.07609016907048294
0.9700367766225568
0
0
1.4471580313422192
0
0
0
0
0
0
0
0
1.2172960385519827
0
0
0
0
0
0
0
0
0
0
0
0
0
0
0
0
0
1.271066772286538
0
0
0
0
0
0
0
0
0
0
0
0
0
0
0
0
0
0
0
0
1.3380135619171512
0
0
0
0
0
0
0
0
0
0
0
0
0
0
1.4471580313422192
0
0
0
0
0
0
0
0
0
0
0
0
0
0
0
0
0
0
0
1.4471580313422192
0
0
0
0
0.3010299956639812
0.7067953418479753
0
0.9030899869919435
0
0
0
0
0
0
0.7004960366683257
3.7554754084269715
0
0
0
0
0
0
1.271066772286538
0
0
0
0
1.146128035678238
0.19188552623891314
0
0
0
0
0
0
0
0
0
0
0
0
0
0
0
0
0
0
0
0
0
0
0
0
0
0
0
0
0
0
0
0
0
0
0
0
0
0
0
0
0
0
0
0.7939455175668755
0
0
0
0
0
0
0
0
0.4471580313422192
0
0
0
0
0
0
0
0
0
0
0
0
0
0
0
0
0
0
0
0
0
0
0
0
0
0
0
0
0
0
0
0
0
0.2568263331719277
0
0
0
0
1.1593805729658226
0
2.5352941200427703
0
0
0
0
0
0
0
0
0
0
0
0
0
0.9700367766225568
0
0
0
0
1.2684893493987273
0
0
0
0
0
0
0
0
1.7481880270062005
0
0
0
0
0
0.35024801833416286
0
0
0
0
0
0
0
0
0
1.271066772286538
0
0
0
0
0
0
0
0
0
0
0
0
0
1.7481880270062005
0
0
0
0
0
0
0
0
0
0
0
0
0
0
0
0
0
0
0
0
0
0
0
0
0
0
1.271066772286538
1.7481880270062005
0
0
0
0
0
0
0
0
0
0
0
0
0
0
0
0
0
0
0
0.7359535705891889
0
0
0
0
0.10473535052001297
0
0
0
0
0
0
0
0
0
0
0
0
0
0
0.2857900291072444
0
0
0.5399589088176163
0
0
0
0
1.271066772286538
0
0
1.7481880270062005
0
0
0
0
0
0
0
0
0.13389357926122644
0
0
0
0
0
0
0
0
0
0
0
0
0
0.6336485256944262
0
0
0
0
0
0
0
0
1.271066772286538
0
0
0
0
1.4471580313422192
0
0
0.27106677228653797
0.9700367766225568
0
0
0
0
0
0
0
0.4471580313422192
0
0.6020599913279624
0
0
0
0
0
0
0
0
0
0
0
0
0
0
0
0
0
0
0
0
0
0
0
0.7067953418479753
0
0
0.146128035678238
0
0
0
0
0
0
0
0
0
0.9721521947451777
0
0
0.9700367766225568
0
0
0
0
0
0
0
0
0
0
0
0
0
0
0
0
0
0
0
0
0
0
0
0
0.3168242628472131
0
0
0
0
0
0
0
0
0
0
0
0
0
0
0
0
0
0
0
0
0
0.24987747321659984
0
0
0
0
0
0
0
0
0
0
0
0
0
0
0
0
0
0
0
0
0
0
0
0
0
0
0
0
0
0
0
0
0
0
0
0
0
0
0
1.271066772286538
0.2677871585224529
0
0
0
0
0
0
0
0
0
0
0
0
0
0
0.6342446746993636
0
0.9186963485132517
0
0
0
1.4471580313422192
0
0
0
0
0
0
0
0
0
0
0.36797678529459443
0
0
0
0
0
0
0
0.4259687322722811
0
0
0
0
0
0
0
0
0
0.7067953418479753
0
1.0492180226701815
0
1.7481880270062005
0
0
0
0
0
0
0
0
0
0.8450980400142568
0
0
2.3818365527006264
0
0
0
0
0
0
0
0
0
0
0
0
0
0
0
0.6336485256944262
0
0
0
0
0
0.3168242628472131
0
0
0
0
0
0
0
0
0
0
0
0
0
0
0
1.271066772286538
0
0
0
0.15218033814096588
0
0
0
0.14085607521521745
0
0
0
0
0
0
0
0
0
1.7481880270062005
0
0
0
0
0
0
0
0
0
0
0
0
0
0
0
0
0
0
0
0
0
0
0
0
0
0
0
0
0.38646019098860757
0
0
0
0
0
1.7481880270062005
0
0
0
0
0
0
0
0
1.4471580313422192
0
0
0.5720967679505191
1.4471580313422192
0
0
0
0
0
0
0
0
0
0
0
0
0
0
0
0
0
0
0
0
0
0
0
0
0
0
0
0
0
0
0
0
0
0
0
0
0
0
0
0
0
0
0
0
0
0
0
0
0
1.0492180226701815
0
0
0
0
0
0
0
0.5136526663438554
0
0
0
0
0
0
0.73064017839119
0.3168242628472131
0
0.3010299956639812
1.0881360887005513
0
0
0
0
0
0
0
0
0
1.6901960800285136
0
0
0
0.34415871427984174
0
0
0
0
0
0
0
0
0
0
0
0
0
0
0
0
0
0
0
1.1039303558837834
0
0
0
0
0
0
0
0
0
0.13540417028646495
0
0
1.9400735532451137
0
0
0
0
0
0
1.7481880270062005
0
0
0
0
1.4471580313422192
0
0
0
0
0
0
0
0
0
0
0
0
0
0
0.43838410703471403
1.9400735532451137
2.3471721302668573
0
0
0
0
0
0
0
0
0
0
0
0
0.8943160626844384
0
0
0
0
0
0
0
0
0
0
0
0
0
0
0
0.16092341685700617
0
0
0
1.7481880270062005
0
0
0
0
0
0.49291552190289434
0
0
0
0
0
0
0
0
0
0
0
0
0
0
0
0
0
0
0
0
0
0
0
0
0
0
0
0
0
0
0
0
0
0
0
0
0
0
0
0
0
0
0
0
0
0
1.7481880270062005
0
0
0
0
0
0
0
0
0
1.4471580313422192
0.5421335445730759
0
0
0
0
0
0.2677871585224529
0
0
0
0
0
0
0
0.49291552190289434
0
0.6342446746993636
0.7067953418479753
0
0
0
0
0
0
0
0
0
0
0
0
0
0
1.4471580313422192
0
0
0
0
0
0
0
0.5440680443502757
0
0
0
0
0
0
0
0
0
0
0
0
0
0
0
0
0
0.4259687322722811
0
0
0
0
0
0
0
0.24303804868629442
0
0
0
0.0
0
0
0
0
0
0
0
0
0
0
0.7067953418479753
0
0.36797678529459443
0
0
0
0
0.7481880270062005
0
0
0
0
0.7067953418479753
0
1.3540417028646496
0
0
0
0
1.0881360887005513
0
0
0
0
0
0
0
0
0
0.6020599913279624
0
0
0
0
0
0
0
0
0
0
0
0.09564862962164546
0.2568263331719277
0
0
1.7481880270062005
0
0
2.292256071356476
1.215190243431472
0.38646019098860757
0.4471580313422192
0
0
0
0
0
0
0
0
0
0
0
0
0
0
0
0
0.16840443038939024
0.43041883329740455
0
0
0
0
0
0
0
0
0.5052132911681707
0
0
0.9700367766225568
0
0
0
0
0
0
0
0
0
0
0
0.0626027000956522
0
0
0
0
0.7939455175668755
0
0
0
0
0
0
0
0
1.7481880270062005
0
0
0
0
0
0
0
1.496376054012401
0
0
0
0
0
0
0
0
0
0
0.047382801549695645
0.7939455175668755
0
0
0
0
0
0
0
0
0
0
0
0
0
0
0
0
0
0
0
0
0
0
0
0
0
0
0
0
0
0
0
0
0
0
0
0
0
0
0
0
0
0
0
0
0
0
0
0
0
0
0
0
0
0
0
0
0
0
0
0
0
0
0
0
0
1.7481880270062005
0
0
0
0
0.4471580313422192
0
0
0
0
0
0
0
0
0
0
0
0
0
0
0
0
0
0
0
0.48607609737258883
0
0
0
0
0
0
0
0
0
0
0
0
0
0
0
0
0
0
0
0
0
0
0
0
0
0
0
0
0
0
0
0
0
0
0
0
0
0.7067953418479753
0
0
0
0
0
0
0
0
0
0
0
0.5177391056279265
0
0.9388688521067429
0.6020599913279624
1.7481880270062005
0
0
1.0492180226701815
0
0
0
0
0
0
0
0
0.6020599913279624
0
0
0
0
0
0
0.3142468399594024
0
0
0
0
0
0
0
0.2574774669712099
0
0
0
1.7481880270062005
0
0
0
0
0
0
0
0
0
0
0
0
0
0
1.035478211255853
0
0
0
0
0
0
0
0
0
0
0
0
0
0
0.4827702505710185
0
0
0
0
0
1.146128035678238
0
0
0
0
0
0
0
0
0.7939455175668755
0
0
0
0
0
0
0.6123599479677745
0
0
0
0
1.4471580313422192
0
1.0881360887005513
0.5720967679505191
0
0
0.7004960366683257
1.496376054012401
0
0
0
0
0
0
0
0
0
0
0
0
0
0
0
0
0
0
0
0
0
0
0
0
0
0
0.5440680443502757
0.40823996531184964
0.7939455175668755
0
0
0.7331474536400908
0
0
0
0
0
0
0
0
0.7939455175668755
0
0
0
0
0
0
0
0.38646019098860757
0
0
0
0
0
2.6760271238343023
1.9400735532451137
0
0
0
0
0.0
0
0
0
0
0
0
0
0
0
0
0
0.06436936674280247
0
0
0
0
0
0
0
1.496376054012401
0.3837710524778263
0
0
0
0
0.7199452117568218
0
0
0.40823996531184964
0
0
0
0
0
0
0.35024801833416286
0
0
0
0
0
0.24987747321659984
0
0
0
0
0
0
0
0
0
0
0
0
0
0
0
0
0
0.6020599913279624
0
0
0
0
0
0
0
0
0
1.146128035678238
0
0
0
0
0
0
0
0
0
0
0
0
0
0
0
0
0.6020599913279624
0
0
0
0
0
0
0
0
0
0
0
0
0
0.21670910996394527
0.6020599913279624
0
0
0
0
0
0
0
0
0
0
0
0
1.1441935359010382
0
0
0.7939455175668755
0
0
0
0
0
0
0
0
0
0
0
0
0
0
0
0
0.49291552190289434
0
0
0
0
0
0
0
0
0
0
1.0205999132796242
0
3.345033904792878
0
0
0
0
0
0
1.7481880270062005
0
3.1064346337675586
0
0
0
0
0
1.4471580313422192
0
0
0
0
0
0
0
0
0
0
0
0.7939455175668755
0
0
0
0
0
0
0
0
0
0
0
0
0.5125811719477582
0
0
0
0
0
0
0
0
0
0
0
0
0
0
0
0
0
0
0
0.24609011335090827
0
0
0
0
0
0
0
0
0
0
0
0
0
0
0
0
0
0
0
0
0.7939455175668755
0
0.8450980400142568
0
0
0
0
0
0
0
0
0
0
0
0
0
0
0
0
0
0
0
0
0
0
0
0
0.3837710524778263
0
0
0
0
0
0
0
0
0
0
0.0
0
0
0
0
0
0
0
0
0
0.3837710524778263
0
0
0
0
0
0
0
0
0
0
0
0
0
0
0
0
0
0
0
0
0
0
0
0
0.6092677636239613
0
0
0
0
0
0
0
0
0
0
0
0
0
0
0.6020599913279624
0.7481880270062005
0
0
0
0
0
0
0
0
0
1.146128035678238
0
0
0
0.9030899869919435
0.7939455175668755
3.8801471064902273
0
0
0
0
0
0
0
0
0
0.0626027000956522
0
0
0
0
0
0
0
0
0
0
0
0
0
0
0.1899510264617135
0
0
0
0
0
0
0
0
0
0
0
1.9716620876115774
0
0
0.9388688521067429
0
2.098436045340363
0
0
0
0
0
0
0
0
0
0
0
0
0.8124250217187897
0
0
0
0.38646019098860757
0
0
0
0
0
0
0
0
0
0
0
0
0
0
0.7939455175668755
0
0
1.587891035133751
0
0
0
0
0
0
0
0
0
0
0
0
0
0.4259687322722811
0.2899597348884337
0
0
0
0
0
0
0
0
0
0
0
0
0
0
0
0
0
0
1.4471580313422192
0.6087213525638635
1.0492180226701815
1.7481880270062005
0
0
1.271066772286538
1.271066772286538
0
0
0
0
0
0
0
0
0
1.6230613847359767
0
0
0
0
0
0
0
0
0
0
0.49291552190289434
0.46943442605337143
0
0
0.5440680443502757
0.17998630293920545
0
0
0
0
0
0
0
0
0
0
0
0
0
0
0
0
0
0.3347339481530661
0
0
0
0.38646019098860757
0
0
0
0
0
0
0
0
0
0
0
0
0
0
0
0
0.21670910996394527
0.4471580313422192
0.2899597348884337
0
0
0
0
0
0
0
0
0
0.015794267183231882
0
0
0
0
0
0
0
0
0
0
0
0
0
1.4471580313422192
0
0
0
0
0.9030899869919435
0
0
0
0
0
0.5421335445730759
0
1.2672970513888524
0
0
0
0
0
0
1.4787465657086831
0
0
0
0
0
0
0
0
0.2568263331719277
0
0
0
0
0
0.08543019532462637
0
0
0.8450980400142568
0
1.146128035678238
0
1.7481880270062005
0
1.271066772286538
0.3010299956639812
0
0
0
0
0
0
0
0.1571234199797012
1.632204133050827
1.7481880270062005
0
0
0.24303804868629442
0
0
0
0
0
0
0
0
0
0
0
0
0
0.6020599913279624
0
0
0
0
0
0
0
0
0
0
0
0
0
0
0
0
0
0
0
0
0
0
0
0
0
0
0
0
0
0
0
1.0492180226701815
0
0
0
0
0.22967408712831291
0
0
0.18953120619878258
0
0.2568263331719277
0
0
0
0
0
0
0
0.7067953418479753
0
0
0
0
0
0
0
0
0
0
0
0
0
0.2568263331719277
0.24370710544958452
0
0
0
0
0
0
0
0
0
0
0
0
0
0
0.6690067809585756
0
0
0
0
0
0
0
0
0
0.9700367766225568
0.1571234199797012
0
0
0
0
0
0
0
0
0
0
0
0
0
0
0
0.8450980400142568
0
0
0
0
0
0.15218033814096588
0
0.1899510264617135
0
0
0
0
0
0
0
0
0
0
0
1.4471580313422192
0
0
0
0
0
0.9030899869919435
0.5720967679505191
0
0
0
0.6020599913279624
0
0
0
0.17998630293920545
0
0
1.271066772286538
0
0
0
0
0
1.7481880270062005
0
0
0
0
0
0
0
0
0
0
0
0
0
0
0
0
0
0
0
0
0
0
0
0
0
0
0
0
0
0
0
0
0
0
0
0
0
0
0
0
0.12185355272479226
0
0
13.024422282079973
0
0
0
0
0.7481880270062005
0
0
0
0
0
0
0
0
0
1.271066772286538
0
0
0
0
0
0
0
0
0
0
0
0
0
0
0
0
0
0
0
0
0
0
0
0
0
0
0
0
0
0.5720967679505191
0.6020599913279624
0
0
0.12493873660829992
0
0
0
0
0
0
0
0
0
0
0
0
0
0.23691400774847823
0
0
0
0
0
0
0.379902052923427
0
0
0.6020599913279624
0
0
0
0
0
0
0
0
0
0
0
0
0
0
0
0.4713702599391036
0
0
0
0
0
0
0
0
0.5720967679505191
0
0
0
0
0
0
0.5416166811458598
0.11738006267934789
0
0
0
0
0.21670910996394527
0
0
0
0
0
0
0
5.084267089146152
0
0
0.1571234199797012
0
0
0
0
0
0
0
0
0
0
0
0
0
0
0
0
0
1.0835455498197264
0
0
0
0
0
0
0
0.34172078129850547
0
0
0
0
0
0
0
0
0
0
0
0
0
2.1762721774011027
0
0
0
0
0
0
0
0
0.06694678963061322
0
0
0.32184683371401235
0
0
0
0
0
0
0.6342446746993636
0.9700367766225568
0
0
0
0
0
0.5720967679505191
0
1.271066772286538
0
0
0
0
0
0
0
1.0492180226701815
0
1.7481880270062005
0
1.7481880270062005
1.0492180226701815
0.9700367766225568
0
0
0
0
0
0
0
0
1.7481880270062005
0
0
0
0
0
0
0
0
0
0.0
0
0.3599726058784109
0
0
0
0
0
0
0
0
0.16247140363305634
0
0
0
0
0
0
0
0
0
0
0
0
0
0
0
0
0
0
0.17998630293920545
0
0.5720967679505191
0
0
0
0
0
0
0
0
0
0
0
0
0
0
0
0
0
0
0
0
0
0
0
0
0
0.35024801833416286
0
1.271066772286538
0
0
1.4083032781601144
1.0492180226701815
0
0
0.16840443038939024
0.6336485256944262
1.7481880270062005
0
0
0.9858310438057887
0
0
0
0
0
0
0
0
0
0
0
0
0
0
0
0
0
0.33321467903538243
0
0
0
0
0
0
0
0
0.0
0
0
0
0
0
0
0
0
0
0.11956078702705682
0
0
1.4135906836959506
0.19188552623891314
1.0492180226701815
0
0
0
0
0
0
0
0
1.7147401746434663
1.2672970513888524
3.1476540680105445
0
0
3.4383841070347136
0
1.146128035678238
0
0
0
0.8450980400142568
0
0
0
0
0
0.263033731459525
0
0
0.5136526663438554
0
0
0
0
0
0
0
0
0
0
0.08123570181652817
0
0
0
0
0
0.0
0
0
0
0
0.09476560309939129
0
0
0
0
0
0
0
0
0
0
0
0
0
0
0
0
0
0.6342446746993636
0
0
0
0
0
0
0
0
0
0
0
0
0
0
0
0
0
0
0
0
0
0
0
0
0.4057653461839942
0
0
0
0
0
0
0
0
0
0
0
0
0
0
0.9721521947451777
0
0
0
0
0
0
0
0
0
0
0
0
0
0
0
0
0
0
0
0
0
0
0
0
0
0
1.4471580313422192
0
0
0
0
0
0
0
0
0
0
0
1.1593805729658226
0
1.146128035678238
0
0.22943914285322783
0
0
0
0
0
1.146128035678238
0
0
0
3.83371859045053
0
0
0
0
0
0
0.22967408712831291
0
0
0
0
0
0
0
1.146128035678238
0
0
0
0
0
0
0
0
0
0
0
0
0.35024801833416286
0
0.6020599913279624
0.4471580313422192
0
0
0.4057653461839942
1.496376054012401
0
0
0
0
1.4471580313422192
0
0
0
0
0
0
0
0
0
0
0.0
0
0
0
0.8668364398557811
0
0
1.146128035678238
0
0
0
0
0
0
0
0
0
0
0
0
1.0492180226701815
0
0
0
0
1.7481880270062005
0
0
0
0
1.7481880270062005
0
0
0
0
0
0
1.7481880270062005
0
0
0
0
0
0
0
0
0
0
0
0
0
0
0
1.4471580313422192
0.7067953418479753
0
0
0
0
0
0
0
0
0
0
0
0
0
0
0
0.8132003168596139
0
0
0
0
0
0.13389357926122644
0
0
0
0
0
0
0
0
0
0
0
0
0
0
0
0
0
0
0
2.6760271238343023
0
0
0
0
0
0
0
0
0.9700367766225568
0
0
0
0
0
0
0
0
3.31179106765135
0
2.292256071356476
0.9426181546801167
0
0
0
0.43838410703471403
0
0
0
0.5756565787167394
0
0
0
0
0
0
1.4787465657086831
0.7939455175668755
0
0
0
0
0
0
0
0
0
0
0
0
0.9700367766225568
0
0
0
0
0
0
0
0
0
0
0
0
0.9594276311945658
0.5399589088176163
0
2.1762721774011027
0
0
0
0
0
0
0
0
0
0
0
0
0
0
0
0
0
0
0
0
0
0
0
0
0
0
0
0
0
0.7067953418479753
0
0
0
0
0
0
0
0
0
0
0
0
0
0
0
0
0
0.6342446746993636
0.06436936674280247
0
0
0
0
0
0
0
0
0
0
0
0
0
0
0
0
1.146128035678238
1.4471580313422192
0
0
0
0
1.4471580313422192
0
0
0
1.4471580313422192
0
0
0
0
0
1.271066772286538
0
0
0
0
0
0
0.2857900291072444
0
0
0
0
1.1431601164289775
0
0
0
0
0
0
0
0
0
0
0.49291552190289434
0
0
0
0
0
0
0
0
0
1.271066772286538
0
0
0
0
0
1.7481880270062005
0
0
0
0
0
0
0
0
0
0
0
0
0
0
0
0
0
0
0
0
0
0
0
0
0
0
0
0
0
0
0
0
0
0
1.4135906836959506
0
0
0
0
0.7481880270062005
0
0
0.4057653461839942
0
0.4713702599391036
0.5720967679505191
0.7481880270062005
0.7481880270062005
0
0
0
1.4471580313422192
1.7481880270062005
0
0
0
0
0
0
0
0
0
0
0
0
0
0
0.3368088607787805
0
0
0
0
0
0
0
0
0
0
0
0
0
0
0
0
0
0
0
0
0
0
0
0
0.7481880270062005
0
2.292256071356476
0
0.1434729444324682
0
0
0
0
0
0
0
0
0
0
0
0
0
0
0
0
0
1.4471580313422192
0
0
0
1.0492180226701815
0
0
0
0
0
0
0
0.7067953418479753
0
0.3368088607787805
0
0
0
1.7481880270062005
0
0
0
0
0
0
0
0
0
0
0
0
0
0
0
0
0
0
0
0
0
0
0
0
0
0
0
0
0
0
0
1.035478211255853
1.4471580313422192
1.9400735532451137
0
0
0
0
0
0
1.035478211255853
0
1.806179973983887
0
0.22967408712831291
0
0
0
0
0
0
0
0
0
0
0.33321467903538243
0
0
0
0
0.13540417028646495
0
0
0
0
0
0
0
0
0
0
0
0
1.271066772286538
0
0
0
0
0
0
0
0
0
0
0
0
0
0
0
0
0
0
0
0
0
0
0
0
0
0
0
0
0
0
0
0
0
0
0
0
0
0
0
0.21670910996394527
0
0
0
0
0
0
0
0
0
0
0
0
0
0
0.5177391056279265
0
0
0
0
0
1.146128035678238
0
0
0
1.7481880270062005
0
0.1571234199797012
0
0
1.146128035678238
0
1.4471580313422192
0
0
0
0
2.120386025543926
0
0
0
0
0
0
0
0
0
0
0
0
0
0
0
0
0
0
0
0
0
0
0
0
0
0
0
0
0
0
0
0
0
0
0.015794267183231882
0
0
0
0
0
0
0
0
0.9700367766225568
0
0
0
0.4259687322722811
0
0
0
0
0
0
0
0
0
0
0
0
0
0
0
0
0
0
0
0
0
0
1.271066772286538
0
0
0
0
0.6690067809585756
0
0
0
0
0
0
0
0
0
0
0
1.271066772286538
0
0
0
0
0
0
0.4259687322722811
0
0
0
0
0
0
0
0
0
0
0
0
0
0
0
0
0
0.9700367766225568
0
0
0
0
0
0
0
0
0
0
0
0
0
0
0
0
0
0.9030899869919435
0.5440680443502757
0
0
0
0.5720967679505191
2.292256071356476
0
0
0
0
0
0
1.0881360887005513
0
0
0
0
0
0
0
0
0
0
0
0
0
0.7004960366683257
0
0
0
0
0
0
0
0
0
0
0
0
0
0
0
0
0
0
0
0
0
0
0
1.0492180226701815
0
0
0
0
1.0273053326877108
0
0
0
0
0
0.5720967679505191
0
0
0
0
0
0.5715800582144888
1.4471580313422192
0.20084036889183965
0
0
0
0
0
0
0
0
2.098436045340363
1.7481880270062005
0
0
0
0
0
1.271066772286538
0
0.6020599913279624
0
0
0
0
0
0
0
0
0
0
0
0
0
0
0
0
0
0
0
0
0
0
0
0
0
0
0
0
0
0
0
0
0
0
0
0
4.584512142712952
0.9700367766225568
1.146128035678238
0.6664293580707649
0
0
1.0507440550024887
0
0.5136526663438554
0
0
1.146128035678238
0
0
0
0
0
0
0
0
0
0
0
0.9030899869919435
0
0
0
0
0
0
0
0.2677871585224529
0
2.542133544573076
0
0.9721521947451777
0
0.17998630293920545
0
0
0
0
0
0
2.292256071356476
0
0
0
0
0.8767682140694281
0
0
0
0
0
0
0
0
0
0
0
0
0
0
0
0
0
0.16840443038939024
1.6901960800285136
0
0
0.5125811719477582
0
0
0
0
0
0
0
0
0
0
1.4471580313422192
0
0
0
0.9030899869919435
0
0
0
0.6087213525638635
0
0
0
0
0
0
0
0
0
0
1.4471580313422192
0
0
0
0
0
0
0
0
0
0
0
0
0
0
0
0
0
0
0
0
0.12493873660829992
0
0
0
0.3168242628472131
0
0
0
0.379902052923427
0.6664293580707649
0
0
0
0.4471580313422192
0
0
0
0
0
0.3599726058784109
0
0
0
0
0
1.7481880270062005
0
0
0
0
0
0
0
0
0
0.27106677228653797
0
1.271066772286538
2.9101103298676705
0
0
0
0
0
0
0
0
0
0
0
0
0
0
0
0
0
0
0.33321467903538243
0
0
0.24303804868629442
1.146128035678238
0
0
0
0
0
0
0
0
0
0
0
0
0
0
0
0
0
0
0
0
0
0
0
0
0
0
0.8943160626844384
0
0
0
0
0
0
0.1579426718323188
0
0
0
0
0.33321467903538243
0
0
0
0
0
0
0
0
0
0
0
0
0
0.6342446746993636
0
0.4057653461839942
0
0
0
0
0.36797678529459443
0.16840443038939024
0
0
0
0
0
0
0
0
0
0
0
0
0
0
0
0
0
0
0
0
0
0
0
0
0.8450980400142568
0
0
0
0
0
0
0
0
0
0
0
0
0
0
0
0
0
0
0
0.20084036889183965
0
0.20411998265592482
0
0
0
0
0
0
0
0
0
0
0.9700367766225568
0
0
0
0
0
0
0
0
0
0
0
0
0
0
0
0
0
0
0
0
0
1.146128035678238
0
0
0
0
0
0
0
0
0
0
0
0
0
0.24303804868629442
0
0
0
0
0
0
0
0
0
0
0
0
0
0
0
0
0.0313013500478261
0
0
1.4471580313422192
0
0
0
2.070956422511706
0
0
0
0
0
0
0
0
0
0
0
0
0
0
0
0.5125811719477582
0
0
0
0
0
0
0
0
0
0
0.4471580313422192
0
0
0
0
0
0
0.9030899869919435
0
0
0
0
0
0
0
0
0
0
0
0
0.8943160626844384
0
0.5735978571330695
0
0
0
0
0
0
0
0
0
0
0
0
0
0
0
0
0
0
0
0
0
0
0
0
0
0
0
0
0
0
1.4471580313422192
0
0
0
0
0
0
0
0
0
0
0
0
0
0
0
0
0
0
0
0
0
0
0
2.8943160626844384
0
0
0
0.38646019098860757
0
0
0
0
0
0
0
0
0
0
0
0.023476012535869575
0
0
0
0
0
0
0
0
0
0
0.6342446746993636
0.9030899869919435
0
0
0
0
0
0
0
0
0
0
0
0
0
0
0
0
0
0
0
0
0
0
0
0
0
0
0
0.1899510264617135
0
0
0
0
0
0
0
0
0
0
0
0
0
0
0
0
0
0.45934817425662583
1.2041199826559248
0
0
0
0.6020599913279624
0
0
0
0
0
0
0
0.292256071356476
0
0
0
0
0
0
0
0.9700367766225568
0
0.6020599913279624
0
0
0
0
0
0
0
0
0
0
0
0
0
0
0
0
0
0
0
0
0
0
0
0
0
0
0
0
0
0
0
1.0881360887005513
0
0
0
0
0
1.496376054012401
0
0.36797678529459443
0
0
0
0
0
0
0
0
0
0
0
0
0
0
0
0
0
0
0
0
0.23196778791074693
0.38646019098860757
0.6690067809585756
0
0
0
0
0
0
0
0.4471580313422192
0
0
0
0
0
0
0
0
0
0
0
0
0
0
0
0
0
0
0
0
0
0
0
0
0
0
0
0
0
0
0
0
0
0
0
0
0
0
0
0
1.146128035678238
0
0
0.8547796190777107
0
0
0
0
0
0
0
0
0
0.08123570181652817
2.070956422511706
0
0.36797678529459443
0
0
0
0
1.3328587161415297
0
0
0.7481880270062005
0
0
0
0
0
0
0
0
0
0
0
0
0.1899510264617135
0
0
0
0
0
0
0
0
2.5352941200427703
0
0
0
0
0
0
0
0
0
0
0
0
0
0
1.0492180226701815
0
0
0
0
0
0
0
0.4259687322722811
0
0
0
0
0
0
0
0.9700367766225568
0
0
0
0
0
0
0
0
0
0
0
0
0
0.43838410703471403
0
0
0
0
1.271066772286538
0
0
0
0
0
0
0
0
0
0.1931081002284074
0.06694678963061322
1.7481880270062005
0
0
0.0
0
0
0
0
0.146128035678238
0
0
0
0.15650675023913052
0
0
0.06317706873292753
0
0
0
0
0
0.3479516818661204
0
0
0
0.2953081360210899
0
0.2574774669712099
0
0.9700367766225568
0
1.9716620876115774
0
0.15218033814096588
0
0
0.6020599913279624
0
0
0
0
0
1.271066772286538
0
0
0.0
0
0
0
0
0
0.0717364722162341
0
0
0
0
0.3599726058784109
0
0
0
0
0
0
0
0
1.4471580313422192
0
0
0
0.9700367766225568
0
0
0.13389357926122644
0
0
0.7481880270062005
0
0
1.0492180226701815
0
0
1.0492180226701815
0
0
0.11738006267934789
0
0
0
0
0
0
1.2041199826559248
0
0
0.28492653969257026
0.040617850908264086
0
0
0
0
0
0
0.9030899869919435
1.7481880270062005
1.4471580313422192
0
0
0
0
0
1.632204133050827
0
0.6501273298918357
0
0
0
0
0
0
0
0
0
0
0
0
0
0
0
0
0
0
0
0
0.6342446746993636
0
0
0
0
0
0
0
0
0
0
0
0
0.7067953418479753
0
0
0.34172078129850547
0
0
1.0492180226701815
0
0
0
0
0
0
0
0
0
0
0
0
0
0
0
0
0
0
0
0
0
0
0
0
0
0
0
0
0
0
0
0
0
0
0
0.6342446746993636
0
0
0
0.4471580313422192
0
0
0
0
0
0
0
0
0
0.2857900291072444
0
0
0
0
0
0
0
0
0
0
0
0
0
0
0
0.08543019532462637
0
0
0.7067953418479753
0
0.3168242628472131
0
0
0
0
0
0
0
0
0
0
0
0.5421335445730759
0
0
0
0
0
0
0
0
0
0
0
0
0
0.3168242628472131
0
0
0
0
0
0.0313013500478261
0
0
0
0
1.0492180226701815
0
0
0
0
0
0
0
0
0
0
0
0
0
0
0
0
0
0
0
0
0
0
0
0
0.46943442605337143
0
0
0
0
0
0
0
0
0
0
0
0
0
0
0
0
0
0
0
0
0
0
0
0
0
0
0
0
0
0
0
0
0
0
0
0.040617850908264086
0
0
0
0
0
0
0
0
0
0
0
0
0
0
0
0
0
0
0
0
0
0
0
0
0
0
2.098436045340363
0
0
0
0
0
0
0
0
0
0
0
0
0
0
0
0
0
0
0
0
0
0
0
0
0
0
0
0
0
0
0
0
0
0
0
0
0
0
0
0
0
0
0
0
0
0
0
0
0
0
0
0.8519374645445622
0
0
0
0
0
0
0
0
0
0
0
0
0
0
0
0
0
0
0.4997549464331997
0
0
0
0
0
0
0
0
0
0
0
0
0
2.2357901567110963
0
0
0
0
0
0
0
0
0
0
0
0
0
0
0
0
0.5136526663438554
1.4787465657086831
0
0
0
0
0
0
0
0
0
0
0
0
0
0
0
0
0
1.9716620876115774
0
0
0
0
0
0
0.9995098928663994
0
1.35533386143269
0
0
0
0
0
0.032184683371401235
0
0
0.36797678529459443
0
0
0
0
0.5440680443502757
0
0
0
0
0.4471580313422192
0
1.7481880270062005
1.271066772286538
0.146128035678238
0
0.09476560309939129
0
0
1.2041199826559248
0
0
0
0
0
0
0
0
0
0
0
0
0
0
0
0.73064017839119
0
0
0
0
0
0
0
0
0
0
0
0
0
0
0
0
0
0.08543019532462637
0
0
0
0
0
0
0
0
0
0.35024801833416286
0.36797678529459443
0
0
1.4471580313422192
0
0
0
0
0.3168242628472131
0
0
0
0
0
0
0
0
0
0
0
0
0
0
0
0.20308925454132043
0.6020599913279624
0
0
0
0.5421335445730759
0
0.09564862962164546
0
0
0
0
0.24609011335090827
0
0
0
0
0
0.46943442605337143
0.5416166811458598
0.21670910996394527
0
0.3837710524778263
0
0.0
0
0
0
0
0
0
0
0
1.6901960800285136
0
0
0
0
0
0
0
0
0
0
0
0
0.0
0
0
0
0
0
0
0.4713702599391036
0
0
0
0
0
0
0
0
0.9700367766225568
0
0
0
0.0
0.9700367766225568
0
0
0.49291552190289434
0
0
0
0
0
0
0
0
0
0
0
0
0
0
0.10473535052001297
0.17086039064925274
0
0.40621251085939486
0
0
0
0
0
0
0
0
0
0
0.35024801833416286
0
0.36797678529459443
0
1.146128035678238
0.24987747321659984
0
0
0
0
0.8450980400142568
0
0
0
0
0
0
0
0
0
0
0
0
0
0
0
0
0.40617850908264086
0
0
0
0
0
0
0
0
0
0
0
0
0.5177391056279265
0
0
0.6020599913279624
0.16433208775108704
0
0
0
0
0
0.6501273298918357
0
0
0.6092677636239613
0
0
0
0
0
0
0
0
0
0
0.9843604534036331
0
0
0
0
0
0
0
0
0
