0
0
0
0
0
0
0
0
0
0
0
0
0
0
0
0
0
0
0
0
0
0
0
0
0
0
0
0
0
0
0
0
0
0
0
0
0
0
0
0
0
0
0
0
0
0
0
0
0
0
0
0
0
0
0
0
0
0
0
0
0
0
0
0
0
0
0
0
0
0
0
0
0
0
0
0
0
0
0
0
0
0
0
0
0
0
0
0
2.0070203428757267
0
0
0
0
0
0
0
0
0
0
0
0
0
0
0
0
0
0
0
0
1.7481880270062005
0
0
0
0
0
0
0
0
0
0
0
0
0
0
0
3.8132003168596142
0
0
0
0
0
0
0
0
0
0
0
0
0
0
0
0
0
0
0
0
0
0
0
0
0
0
0
0
0
0
0
0
0
0
0
0
0
0
0
0
0
0.9030899869919435
0
1.271066772286538
0
1.271066772286538
0
0.9700367766225568
0
0
0
0
0
0
0
0
0
0
0
0
0
0
0
0
0
0
0
0
0
0
0
0
0
0
0
0
0
0.6342446746993636
0
0
0
0
0
0
0
0
0
0
0
0
0
0
0
0
0
0
0
0
0
0
0
0
0
0
1.146128035678238
0
0
0
0
0
0
0
0
0
0
0
0
0
0
0
0
0
0
0
0
0
0
0
0
0
0
0
0
0
0
0
0
0
1.7481880270062005
0
0
0
0
0
0
0
0
0
0
0
0
0
0
0
0
0
0
0
0
0
0
0
0
0
0
0
0
0
0
0
0
0
0
0
0
0
0
0
0
0
0
0
0
1.7481880270062005
0
0
0
0
0
0
0
0
0
0
0
0
0
0
0
0
0
0
1.7481880270062005
0
0
0
0
0
0
0
0
0
0
0
0
0
0
0
0
0
0
0
0
0
0
0
0
0
0
0
0
0
0
0
0
0
0
0
1.7481880270062005
0
0
0
1.4471580313422192
0
0.8115306923679884
0
0
0
0.21520941664870227
0
0
0
0
0
0
0
2.120386025543926
0
0
0
0
0
0.7939455175668755
0
0
0
0
0
0
0
0
0
0
0
0
0
0
0.8450980400142568
0
0
0
0
0
0
0
0
0
0
1.2041199826559248
0
0
0
0
0
0
0
0
0.9030899869919435
0
0.35024801833416286
0
0
0
0
0
0
0.5720967679505191
0
0
0
0
0
0
0
0
0
0
0
0
0
0
0
0
0.146128035678238
0
0
0
0
0
0
0
0
0
0
0
0
1.146128035678238
0
0
0
0
0
0
0
0
0
0
0
0
0
0
0
0
0
0
0
0
0
0
0
0
0
0
0
0
0.6690067809585756
0
0
0
0
0.0984360453403633
0
0
0
0.023912157405411364
0
0.3599726058784109
0
0
0
0
0
0
0.9700367766225568
0
0
0
0
0
2.0070203428757267
0
0
0
0
0
0
0
0
0
0
1.7481880270062005
0
0
0
0
0
0
0
0
0
0
0
0
0
0
0
1.7481880270062005
0
0
0
0
0
0
0
2.8943160626844384
1.0881360887005513
0
0
0
0
1.806179973983887
0.01565067502391305
0
0
0
0
0
0
0
0
0
0
0
0
0.0
0
0.0313013500478261
0
0
0
0
0
0
0
0
0
0.04695202507173915
0
0
0
0
0
0
0
0
0
0
0
0
0
0
0
0
0
0
0
0
0
0
0
0
0.28492653969257026
0
0
0
0
0
1.7481880270062005
0
0
0
0
0
0
0
0
0
0
1.7481880270062005
0
0
0
0.2708083405729299
1.496376054012401
0
0
0
0.22967408712831291
0
0.7004960366683257
0
0
1.271066772286538
0.7939455175668755
0
0
0
0
0
0
0
0
0
0
0
0
0
0
0
0
0
0
0
1.271066772286538
0
1.271066772286538
0
0
0
0
0
0
0
0
0
0
0
0
0
0
0
0.7067953418479753
1.7481880270062005
0
0
0.5440680443502757
0
0
0
0
0
0
0
0
0
0.21670910996394527
0
0
0
0
0
0
0
0
0
0
0
1.146128035678238
0
0
0
0
0
0
0
0
0
0
0.2857900291072444
0
0
0
0
0
0
0
0
0
0
0
0
0
0
0
0
0
0
0
0
0
0
0
0
0
0
0
3.496376054012401
0
0
0
0
0
2.1298436613614053
0
0
0
0
0
2.292256071356476
0
0
0
0
0
0
0
0
0
0
0
0
0
0
0
0
0
0.6690067809585756
0
0
0
0
0
0
0
0
0
0
0
0
0
0
0
0.5421335445730759
0
0
0
0
0
1.271066772286538
0
0
0
1.0492180226701815
0
0
1.7481880270062005
0
0
0.7359535705891889
0
0
0.5440680443502757
0
0
0
0
0
2.542133544573076
0
0
0
0
0
0
0
0.46943442605337143
0
0
0
0
1.7481880270062005
0
0
0
0
0
0
2.8943160626844384
0
0
0
0
0
0
0
0
0.9700367766225568
0
0
0
0
0
0
0
0
0
0
0
0
0.5177391056279265
0
0
0
0.73064017839119
0.36797678529459443
0
0
0
0
0
0
0.14214840464908693
0.0984360453403633
0
0
0
0
0
0
0
3.8132003168596142
0
0
0
0
0
0.3142468399594024
0
0
0
3.998576148424589
0
0
0
0
0
0
0
0
0
0
0
0
0
0
0
0
0
0
0
0
0
0
0
0
0
0
0
0
0
0
3.496376054012401
0
0
0
0.24987747321659984
0
1.2172960385519827
0
0
0
0
0
0
0
0.48607609737258883
0.4259687322722811
0.5136526663438554
0
0
0
1.0205999132796242
0
0
0
0
0
0
0
0
0
0
0
0
0
0
0
0
0
0
0
0
0
0
0
0
0
0
0
0
0
0
0
0
0
0
0
0
0
0
0
0
0
0
0
0
0
0
0
0
0
0
0
0
0
0
0
0
0
0
0.9030899869919435
0
0
0
0
1.146128035678238
0
0
0
0.7939455175668755
0
0
0
0
0
0
0
0
0
0
0
0
0
0
0
0
0
0
0.46943442605337143
0
0
0
0
0
0
0
0
0
0
0
0
0
0
0
0
0
0
0
0
0
0
0
0
0
0
0
0
0
0
0
0
0
0
0
0
0
0
0
0
0
0
0
0
0
0.22827050721144881
0
1.271066772286538
0
0
0
0
0.7067953418479753
0
0
0
0
0.8450980400142568
0
0
0
0
0
0
0
0
0
0
0
0
0
0
0
0
0
0
0
0
0
0
0
0
0
0
0
0
0
0
0
0
0
0
0
0
0
0.08543019532462637
0
0
0
0
0
0.0
0
0
0
0.0
0
0
0
0
0
0
0
0
0
0.5440680443502757
0
1.7481880270062005
0
0
0
0
0
0
0
0
0
0
0
0
1.035478211255853
0.6501273298918357
0
0
2.098436045340363
0
0
1.4471580313422192
0
0
0
0
0
0
0
0
0
0
0
0
0
0
0
0
0
0
0
0
0
0
0
0
0
0
0
0
0
0
0
0
0
0
0
0
0
0
0
0
0.8450980400142568
1.271066772286538
0
0
0
0
0
0
0
0
0
0
0
0
0
0
0
0
0
1.7481880270062005
0
0
0
0
0
0
0
0
0
0
0.8450980400142568
0.8450980400142568
0
0
0
0
0
0
0
0
0
0
0
0.6020599913279624
0
0
0
0
0
0
0
0
0
0
0
0
0
0
0
0
0
0
0
0
0
0
0
0
0
0
0
0
0
0
0
0
0
0
0
0
0
0
0
0
0
0
0
0.1899510264617135
0
0
0
0
0
0.09497551323085675
0
0
0
0
0
0
0
0
0
0
0
0
0
0
0
0
0
0
0
0
0
0
0
0
0.09497551323085675
0
0
0
0.07609016907048294
0
0
0
0
0
0
0
0
0
0
0
0
0
0
0
0
0
0
0
1.2041199826559248
0
0
0
0
0
0
0
0
0
0
0
0.023912157405411364
0
0
0
0
1.7481880270062005
0.49291552190289434
0
0.8450980400142568
0
0
0
0
0
0
0
0
0
0
0
0
0
0
0
0
0
0
0
0
0
0
0
0
0
0
0
0
0
0
0
0
0
0
0
0
0
0
0
0
0
0
0
0
0
0
0
0
0
0
0
0
0.4429622040316349
0
0
0
0
0
0
0
0
0
0
0
0
0
0
0.9700367766225568
0
0
0
0
0
0
0
0
0
0
0.06694678963061322
0
0
0
0
0
0
0
0
0
0
0
0
0
0
0
0
0
0
0
0
0.6690067809585756
0
0
0
0
0
0
0
0
0
0
0
0
0
0
0
0
0
0
0
0.7939455175668755
0.9030899869919435
0
0
0
0
0
0
0
0
0
0
0
0.6342446746993636
0
0
0
0
0
0
0
0
0
0
0
0
0
0
2.292256071356476
0
0
0
0
0
0
0
0
0
0
0
0
0
0
0
0
0
0
0
0
0
0
0
0
0
0
0
0
0
0
1.271066772286538
0
0
0
0
0
0
0
0
0
0
0
0
0
0
0
0
0
0
0
1.4471580313422192
0
0
1.496376054012401
0
0
0
0.7481880270062005
0
0
0
0
0
0
0
0
0
0
0
0
0
0
0
0
0
0
0
0
0
0
0
0
0
0
0
0
0
0
0
0
0
0
0
0
0
0
0
0
0
0
0
0
0.10473535052001297
0
2.098436045340363
0
0
0
0
0
0
0.01565067502391305
0
0
0
0
0
0
0
0.6342446746993636
0
0
0
0
0
0
0
0
0
0
0
0
0
0
0
0
0
0
0
0
0
0
0
0
0
0
0
0
0
0
0
0
0
0
0
0
0
0
0
0
0
2.542133544573076
0
0
0
0
0
0
0
0
0
0
0
0
0
0
0
0
0
0
0
0
0
0
0
1.7481880270062005
0.7481880270062005
0
0
0
0
0
0
0
0
0
0
0
0
0
0
0
0
0
0
0
0
1.0492180226701815
0
0
0
0
0
0
0
0.4471580313422192
0
0
0
0
0
0
0
0
0
0
0.8450980400142568
0
1.146128035678238
0
0
0.20308925454132043
0
1.4471580313422192
0
1.271066772286538
0
0
0
0
0
0
1.6739837195506246
0
0
0
0
0
0
0
0
0
0
0
0
0
0
0
0
0
0
0
0
0
0
0
0
0
0
0
0
0
0
0
0
0
0
0
0
0
0
0
0
0
0
0
0
0
0
0
0
0
0
0
0
0
0
0
0
0
0
0
0
0
0
0
0
0
0
0
0
0
0
0
0
0
0
0
0
0
0
1.271066772286538
0
0
1.7481880270062005
0
0
0
0
0
0
0
0
0
0
0
0
0
0
0
0
0
1.7481880270062005
1.2041199826559248
0
0
0
0
0
0
0
0
0
0
0
0
0
0
0
0
0
0
0
0
1.0881360887005513
0
0
0
0
0
0
0
0
0
0
0
0
0
0
0
0
0
0
0
0
0
0
0
0
0
0
0
0
0.9030899869919435
0
0
0
0
0
0
0
0
0
1.0492180226701815
0
0
0
0.3168242628472131
0
0
0
0
0
0
1.4471580313422192
0
0
0
0
0
0
0
0
0
0
0
0
0
0
0
0
0
0
0
0
0
0
0
0
0
0
0
0
0
0
0.5136526663438554
1.9716620876115774
0
0
0
0.38646019098860757
0
0.8450980400142568
0
0
0
0
0
0
0
0
0
0
0
0
1.7481880270062005
0
0
0
0
0
0
0
0
0
0
0
0
0
0
0
0
0
0
0
0.5399589088176163
0.35024801833416286
0
0
0
0
0
0
0
0
0
0
0
0
0
0
0
1.271066772286538
0
0
0
0
0
0
0
0
0
0
0
3.8801471064902273
0
0
0
0
0
0
0
0
0
0
0
0
0
0
0
0
0
0
0
0
0
0
0
0
0
0
0
0
0
0
0
0
0
0
0
0
0
0
0
0
0
0
1.1593805729658226
0.36797678529459443
0
0
0
0
0.6284121031200778
0
0
0
0
0
1.7481880270062005
0
0
0
0.33321467903538243
0
0
0
0
0.5715800582144888
0
0
0
0.2708083405729299
0
0
0
0
0
0
0
0
0
0
0
0
0
0
0
0.13389357926122644
0
0
0
0
0
0
0
0
0
0
0
0
0
0
0
0
0
0
0
0
0
0
0
0
0
0
0
0
0
0
0
0
0
0
0
0
0
0
0
0.4471580313422192
0
0
0
0
0
0
0
0
0
0.4057653461839942
0
0
0
0
0
0
1.0492180226701815
0
0
0
0
0.9030899869919435
0
0
0
0
0
0
0
0
0
0
0
0
0
0
0
0
0.24303804868629442
1.7481880270062005
0
0
0
0
0
0
0
0
0
0
0
0
0
0
0
0
0
0
0
0
0
0
0
0.9858310438057887
0
0
0
0
0
0
0
0
0
0
0
0
0
0
0
0
0
0
0
0
0.38646019098860757
0
0
0
0
0
0
0
0
0
0
0
1.4471580313422192
0
0
0
1.4471580313422192
0
0
0
0
0
0
0
0
0
0
0
0
0
0
0
0
0
0
0
0
0
0
0
0
0
0
0
0
0.3347339481530661
0
0
0
0
0
0
0
0
0
0
0
0.36797678529459443
0
0
1.2684893493987273
1.146128035678238
0
0
0
0
0
0
0
0
0
0
0
0
0
0
0
0
0
0
0
0
0
0
0
0
0
0
0
0
0
0
0
0.4471580313422192
0
0
0
0
0
0
0
0
0
0
0
0
0
0
0
0
0
0
0.7939455175668755
0
0
1.4471580313422192
0
0
0
0
0
0
0
0
0
0
0
0
0.3168242628472131
0
0
0
0
0.8450980400142568
0
0
0
0
1.0492180226701815
0
0
0
0.8450980400142568
0
0
0
0
0
0.93973214857089
0
1.271066772286538
0
1.7481880270062005
0
0.07609016907048294
0
0
0
0.03912668755978263
0.7067953418479753
0
0
0
0
0
0
0
0
0
0.9030899869919435
0
0
0
0
0
0
0
0
0
0
0
0
0
0
0
0.9030899869919435
0
0
0
0
0
0
0
0
0
0
0
0
0
0
0
1.271066772286538
0
0
0
0
0
0
0
0
0
0
0
0
0
0
0
0
0
0
0
0
1.4471580313422192
0
0
0
0
0
0
0
0
0
0
0
0
0
1.4471580313422192
0
0
0
0
0
0
0
0
0
0
0
0
0
0
0
0
0
0
0
0
0
0
0
0
0
0
0
0
0
0
0
0
0.4057653461839942
0
1.7481880270062005
0
0
0.2568263331719277
0
0
0
0
0
0
0
0
0
0
0
0
0
0
0
0
0
0
0
0
0
0
0
0
0
0
0
0
0
0.6664293580707649
0
0
0
0
1.7481880270062005
0
0
0
0
0
0
0
0.7939455175668755
0
0
0
0
0
0
0
0
0
0
0
0
0
0
0
0
0
0
0
0
0
0
0
0
0
0
0
0.9388688521067429
0
0
0
0
0
0
0
0
0
0
0
0
0
0
0
0
0
0
0
0
0
0
0
0
0
2.8943160626844384
0
0
0
1.146128035678238
0
0
0
0
0
0
0
0
0
2.098436045340363
0
0
0
0
0.06436936674280247
0
0
0
0
0
0
0
0
0
0.9858310438057887
0
0
0
0
0
0
0
0
0
0
0
0
0
0
0
0
0
0
0
0
0
0
0
0
0
0
0
0
0
0
0
0
0
0
0.7067953418479753
0
0
0
2.9101103298676705
0
0
0
0
0
0
0
0
1.7481880270062005
0
1.7481880270062005
0
0
0
0
0
0
0
0.8132003168596139
0
0
0
0
0
0
0
0
1.4471580313422192
0.6342446746993636
0
0
0
0
0
0
0.7067953418479753
0
0
0
0
0
0
0
0
0
0
0
0
0
0
0
0
0
0
0
0
0
0
0
0
0
0
0
0
0
0
0
1.4471580313422192
0
0
0
0
2.098436045340363
0
0
0
0
0
0.6690067809585756
0
0
0
0
0
1.4582282921177665
0
1.0492180226701815
1.7481880270062005
0.0
0
0.7067953418479753
0
0
0
0
0
0
0
0
0
0
0
1.271066772286538
1.4471580313422192
0
0
0
0
0
0
0
2.120386025543926
0
0.13540417028646495
0
0
0
0
0
0
0
1.4471580313422192
0.4057653461839942
0
3.496376054012401
0
0
0
0
0
2.292256071356476
0
0
0
0
0
0
0
0
0
0.11956078702705682
0
0
0
0
0
0
1.146128035678238
0.24303804868629442
0
0
1.4471580313422192
0
0
0
0.6020599913279624
0
0
0
0
1.7481880270062005
0
0
0
0.5052132911681707
0
0
0
0.1912972592432909
0
1.7481880270062005
0
0
0
0
0
0
0.16840443038939024
0
0
0
0
0
0
0
0.9186963485132517
0
0
0
0
0
0
0
0
0
0
0
0
1.7481880270062005
0
1.7481880270062005
0
0
0
0
0
0
0
0
1.4471580313422192
0
0
0
0
0
0
0
0
0
0
0
0
0
0
0
0.0789713359161594
0.7939455175668755
0.19188552623891314
0
0
0
0
0
0
0
0
0
0
0
0
0
0
0
0
0
0
0.7359535705891889
0
0
0
0
0
0
0
0
0
0
0
0
0
0
0
0
0
0
0
0
0
0
0
0
0
0
0
0
0
0
0
0
0
0
0
0
0
0
0
0
0
0
0
0
0
0
0
0
0
0
1.3414740940266576
0
0
0
2.8943160626844384
0
0
0
0
0
0
0
1.146128035678238
0
0
0
0
0
0
0
2.430380486862944
0
0
0
1.806179973983887
0.9030899869919435
0
0
0
0
0
0
0
0
0
0
0
0
0
0
0
0
0
0
0
0
0
0
0
0
0
0
0
0
0
2.9101103298676705
0
0
1.4135906836959506
0
0
0
0
0.5136526663438554
0
0
0
0
0
0
0
0
0.46943442605337143
0
0
0
0
0
0
0
0
0
0
0
3.496376054012401
0
0
0
3.496376054012401
0
0
0
0
0.1571234199797012
0
0
0
0
1.146128035678238
0
0
0.1931081002284074
0
0
0
0
0
2.7092699609758304
0
0
0
0
0
0
0
0
1.4471580313422192
0
0
0
0
0
0
0
0
0
0
0
0
0
0
0
0
0
0
0.032184683371401235
0
0.6020599913279624
0
0
0
0
0
0
0
0
0
0
0
0
0.7939455175668755
1.6901960800285136
0
0
0
0
0
0.6123599479677745
0
0
0
0
0
0
0
0
0
0
1.0507440550024887
0
0
0
0
0
0
0.4259687322722811
0
0
0
2.244564081018601
0
0
0
0
0
0
0
0
0
0
0
0
0
0
0
0
0
0
0
0
0
0.3142060515600389
0
0
0
0
0
0
0
0
0
0
0
0
0
0
0
0
0
0
0
0
0
0
0
0
0
0
0
0
0.0
0
0
0
0
0
0
0
0
0
0
0
0.12873873348560494
0
0
0
0
0
0
0
2.244564081018601
0
0
0
0
0
1.619876726452849
0
0
0
0
0
0
0.4259687322722811
0
0
0
0
0
0
0
0
0
0
0
0
0
0
0
0
0
0
0
0
0
0
0
0
0
0
0.6020599913279624
0
1.6901960800285136
1.4471580313422192
0
0
0
0
0
0
0
0
0
0
0
0
0
0
0
0
0
0
0
0
0
0
1.7481880270062005
0
0
0
0.24987747321659984
0
0
0
0
0
0.9700367766225568
0
0
0
0
0
0
0
0
0
0.9504727885416393
0
0
0
0
0
0
0
0
0
0
1.7481880270062005
0
0
0
0
0
0
0
0
0
0
0
0
0
0
0
0
0
0
0
0
0
0
0
0
0
0
0
0
0
0
0
0
0
0
0
0
0
0
0
0
0
0
0
0
0
0
0
0
0
0
0
0
0
0
0
0
0
0
0
0
0
0
0
0
0
0
1.7481880270062005
0
0
0
0
0
0
0
0
0
0
0
0
0
0
0
0
0
0
0
0
0
1.4471580313422192
0
0
0
0
0
0
0
0
0
0
0
0
0
0
0
0
0
0
0
0
0
0
0
0
0
0
0
0
0
0
0
0
0
0
0
6.991558920597294
0
0
0.6664293580707649
0
0
0
0
0
0
0
0.27106677228653797
0
0
0.3837710524778263
0
0
0
0
0
1.7481880270062005
37.02668946666969
1.7481880270062005
0.7359535705891889
0
0.0
0
0
0
1.0492180226701815
0.7067953418479753
0
0
0
0.8450980400142568
0.5756565787167394
0
0
0
0
0
0
0
0
0
0
0
0
0
0
0
0
0
1.7481880270062005
0
2.542133544573076
0
7.34452615869127
1.4471580313422192
0
0
0
0
0
0
0
0
0
0
0
0
0
0
0.8450980400142568
0
0.6020599913279624
0
0
0
0
0
0
0
0
0
0
0
0
0
0
0
0
0
0
0
0
0
0
0
0
0
0
0.007825337511956526
0
0
0
0
0
0
0
0
0
0
0
0
0
0
0.1899510264617135
0
0
0
0
0
0
1.4471580313422192
0
0
0
0
0.9858310438057887
0
0
0
0
0
1.4135906836959506
0
0
0
0
0
0
0
1.7481880270062005
0
0
0
1.2186375325781846
1.0492180226701815
0
0
0.38646019098860757
0
0
0
0
0
0
0
0
0
0
0
0
0
0
0
0
0
0
0
0
0
0
0
0
0
0
0
0
0
0
0
0.4259687322722811
0.11598389395537347
0
0
0
0
0
0
0
0
0
0
0
0
0
0
0
0
0
0
0
0
0
0
0
0
0
0
0
0
0
0
0
0
0
0
0
0.4057653461839942
1.587891035133751
0
0
0
0
0
0
0
0
0.5440680443502757
0
0
3.496376054012401
0
0
0
0
0
0
0
0
0
0
0
0
0
0
0
0
0
0
0
0
0.4016807377836793
0
0
1.806179973983887
0
0
0
0
0
0
0
0
0
0
0
0
0
0
0
0
0
0
0
0
1.7481880270062005
0
0
0
0
0
0
0
0
0.0789713359161594
0
0
0
0
0
0
0
0.9700367766225568
0
0
0
0
0
0
0
0
0
0
0
0
0
0
1.4471580313422192
1.4135906836959506
0.5421335445730759
0
0
0
0
0
0
0
0
0
0
0
0
0
0
0
0
0
0.5136526663438554
0
0.5177391056279265
0
0
0
0
0
0
0
0
0
0
0
0
0
0
0
0
0
0
0
0
0
0
0
0
0
0
0.7291141460588833
0
0
0
0
0
0
0
0
0
0
0
0
0
0
0
0
0
0
0
0
0
0
0
0
0
0
0
0
0
0
0
0
0
0
0.5236767526000649
0
0
0
1.7481880270062005
0
0
0
0
0
0
0
0
0
0
0
0.22967408712831291
0
0
0.031588534366463764
0
1.0273053326877108
0
0
0
0
0
0
0
0
0
0
0
0
0
0
0
0
0
0
0
0
0
0
0.16247140363305634
0
0
0
0
0
0
0
0
0
0
0
0
0
0
0
0
0
0
0
1.7481880270062005
1.7481880270062005
0
0
0
0
0
0
0
0
0
0
0
0
0
0
0
0
0.5720967679505191
0
0.6020599913279624
1.6901960800285136
0.8450980400142568
0
0
0
0
0
1.217442705127727
0
0.28492653969257026
0
0
0
0
1.146128035678238
0
0
0
0
0
0
0
0
0
0
0
0
0
0.5720967679505191
0
0
0
0
0
0
0
0
0
0
0
0
0
0
0
0
0
0
0
0
0
0
0
0
0
0
0
0
0
0
0
0
0
0
0
0
0
0
0
0
0.5399589088176163
0
0
0
0
0
0
0
0
0
3.4383841070347136
0
0.584512142712952
0
0
0
0
0
0
0
0
0.9030899869919435
0
0
0
0
0
0
0
0
4.341474094026657
0
0
0
0
0
0
0
0
0
0
0
0
0
0
0
0
4.850183883112784
0
0.46943442605337143
0
0
0
0
0
0
0
0
0
0
0
0
0
0
0
0
0
0
0
0
0
0
0
0
0
0
0
0
0
0
0.9030899869919435
0
0
0.031588534366463764
0
0
0
0
0
1.271066772286538
0.09497551323085675
0
0
0
0
0
0
0
0
0
0
0.6342446746993636
0
0
2.8943160626844384
0
0
0
0
0.4713702599391036
0
0
0
0
0
0
0
0
0.5720967679505191
0.7481880270062005
0
0
0
0
0
1.3540417028646496
0.04695202507173915
0
0
0
1.271066772286538
0
0
0.5440680443502757
0
0
0
0
0
0
0
0.1931081002284074
0
0
0
0
0
0
0
0
0
0
0
0
0
0
0
0
0
0
0
0
0
1.4471580313422192
0
0
0
0
0.08543019532462637
0
0
0
0
0
0
1.496376054012401
0
0
0.9700367766225568
1.0492180226701815
0
0
0
0
0
0
1.7481880270062005
0
1.271066772286538
0
0
0.20084036889183965
0
0
0.032184683371401235
0
1.4471580313422192
0
0
0
0
0
0
0
0.35024801833416286
0
0.9030899869919435
0
0
0
0
0
0
0
0
0
0
0
0
0
0
0
0
0
0
0
0
0
0
0
0
0
0
0
0
0
0
0
0
0
0
0
0
0.0
0
0.3599726058784109
0
0
0
0
0
0
0
0
0.12185355272479226
0
0
0
0
1.806179973983887
0
0.6664293580707649
0
0
0
0
0
0
0
0
0
0.6284936799188048
0
0
0
0
0
0
0
0
0
0
0
0
0
0
0
0
0
0
0
0
0
0
0
0
0
0
0
0
0
0.35024801833416286
0
0
0
0
0.9388688521067429
0
1.0492180226701815
0
0
0
0
0
0
0
0
0
0
0
0
0
0
0
0
0.9030899869919435
0
0
0
0
0
0
0
0
0
0
0
1.7481880270062005
0
0
0
0
0.0
0
0
0
0
0
0
0
0
0
0.16738510183787955
0
0
0
0
0
0
0.9700367766225568
0
0
0
0
0
0
0
0
1.0492180226701815
0
0
0
0.9030899869919435
0
0
0
0
0
0
0
0
0
0
0.04782431481082273
0
0
0
0
0
0
0
0
0
0
0
0
0
0.08123570181652817
0.4471580313422192
0
0
0
0
0.0
0
0
0
0
0.031588534366463764
0
0
0
0
0
0
0
0
0
0
0
0
0
0
0
0
0
0
0
0
0
0
0
0
0.2899597348884337
0
0
0
0
0
0
0
0
0
0
0
0
0
0
0
0
0
0
0
0
0
0
0
0
0
0
0
0
0
0
0
0
0
0
0
0
0
0
0
0
0
0
0
0
0
0
0
0
0
0
0
1.7481880270062005
0
0
0
5.244564081018601
17.481880270062003
0
0
1.4471580313422192
0
0
0
0
0
0
0
1.7481880270062005
0
0
0
0
0
0
0
0.11471957142661392
1.7481880270062005
0
0
0
0
0
0
0
0
0.8519374645445622
0
0
0
0
0
0
0
0
0
0
0
0
0
0
0
0
0
0
0
0
1.7481880270062005
0
0
0
0
0
0
0.35024801833416286
0
0
0
0
0
2.028826730919971
0
0
0
0
0
0
0
0
0
0
0
0
0
0
0
0
0.0
0
0
0.7939455175668755
0.6501273298918357
0
0
0
0
0
0
0
0
0
0
0
0
0
0
0
0
0
3.496376054012401
0
1.7481880270062005
0
0
0.3168242628472131
0
0
0
0
0
0
0
0
0
0
0
0
0
0
0
1.4471580313422192
0
0
0
0
0
0
0
0
0
0
0
0
0
0
0
0
0
0
0
0
0
0
0
0
0
0
0.5421335445730759
1.271066772286538
0
0
0
0
0
0.5177391056279265
0
0
0
0
0
0
0
0
0
0
0
0
0
0
0
0
1.146128035678238
0
0
0
0
0
0
0
0
0
0
0
0
0
0.8519374645445622
0
0
0
0
0
0
0
0
0.10473535052001297
0
0
0
0
0
0
0
0.19188552623891314
0.6020599913279624
0.6020599913279624
0
0
0
0
0
0
0
0
1.0492180226701815
0
0
0
0
0
0
0
0
0
0
0
0
0
0
0
0
0
0
0
0
0
0
0
0.17998630293920545
0
1.0881360887005513
0
0
0
0
0
1.7481880270062005
0
0
0
0
0
0
0
0
0
0
1.7481880270062005
0
1.7481880270062005
0
0
0
0
0
0
0
0
0
0
0
0
0
0
0
1.4471580313422192
0
0
0
0
0
0
0
0
0
0
0
0
0
0.41840088382821605
0
0
0
0
0
0
1.587891035133751
0
0
0
0
0
0
0
0
0
0
0
0
0
0.9030899869919435
0
0
0
0
0
0
0
0
5.244564081018601
0
0
0
0
0
0
0.49291552190289434
0
0
0
0
0
0
0
2.572110261965199
0
0
0
0.7939455175668755
0
0
0
0
0
0
0
0
0
0
0
0
0
0
0
0
0
0
0
0
0
0
0
0
0
0
0.4057653461839942
0
0
0
0
0
0
0
0
0.5440680443502757
0
0
0
0
0
0
0
0
0
0
0
0
0
0
0
0
0
0
0
0
0
0
0
0
0
0
0
0
0
0
0
0
0
0
0
0
0
0
0
0
0
0
0
0
0
0
0
0
0
1.271066772286538
0
1.7481880270062005
0
0
0.16840443038939024
0
0
0
0
0
0
0
0
0
0
0
0
0
0
0
0
0
0
1.271066772286538
0
0
0
0
0
0
0.6020599913279624
0
0
0
0
0
0
0
0
0
0
0
0
0
0
0
0
0
0
0
0
0
0
0
0
0
0
0
0
0
0
0
0
0
0
0
0
0
0
0
0
0
0
0
0
0
0
0
0
0
0
0
0
0
1.7481880270062005
0
1.7481880270062005
0
0
1.4471580313422192
0
0
0
0
0
0
0
0
0
0
0
0
0
0
0
0
0.5440680443502757
0
0
0
0
0
0.9030899869919435
0
0
0
0
0
0
0
0
2.8166065563202287
0
0
0
0
0
0
0
0
0
0
0
0
0
0
0
2.070956422511706
0
0
0
0
0
0
0
0
0
0
0
0
0
0
0
0
0
0
0
0
0
0
0
0
0
0
0
0
0
0
0
0
0
0
0
0
0
0
0
0
0
0
0
0
0
0
0
0
0
0
0
0
0
0.6690067809585756
0
0
0
0
0
0
0
0
0.9388688521067429
0
0
0
0
0
0
0
0
0
0
0
0
0
0
0
0
0
0
0
0
2.542133544573076
0
0
0
0
0
1.146128035678238
0
0
0
0
0
0
0
1.7481880270062005
0
0
0
1.146128035678238
0
0
0
0
0
0
0
0
0
0
0
0
0
0
0
0.015794267183231882
0
0.20411998265592482
0
0
0
0
0
0
0
0
0
0
0
0
0
0
0
0
0
0
0
0
0
0
0
0
0
0
0
0
0
0
0
0
0
0
1.4471580313422192
0
0
0
0
0
0
0
0
0
0
0
0
0
0
0
0
0
0
0
0
0
0
0
0
0
0
0.7481880270062005
0
0
1.4471580313422192
0
0
0
0
0
0
0
0
0
0
0
0
0
0
5.788632125368877
0
0
0
0
0
0
0
0
0
2.292256071356476
0
0
0
0
0
0
0
0
0
0
0
0
0
0
0.4471580313422192
0
0
0
0
0
0
0
0
0
0
0
0
0
0
0
0.35024801833416286
0
0
0
0
0
0
0
0
0
0
0
0
0
0
0
0
0
0
0
0
0
0
0
3.1476540680105445
1.4471580313422192
0
0
0
0
0
0
0
0
0
0
0
0
0
0
0
0
0
0.20084036889183965
0
0
0
0
0
0
0
0
0
0
0
0
0
0
0.8115306923679884
0
0
0.6020599913279624
0
0
0
0
0
0
0
0
0
0
0
1.4471580313422192
0
0
0
0
0
0
0
0
0
0
0
0
0
0
0
1.035478211255853
0
0
0
0
0
0
0
0
1.146128035678238
0
0
0
0
0
0
0
0.2568263331719277
0
0
0
0
0
0
0
0
0
0
0
0
0
0
0
0
0
0
0
0
0
0
0
0
0
0
0
0
0
0
0
0
0
0
0
0
0
0
1.7481880270062005
0
0
0
0
0
0
0
0
0
0
0
0
0
0
0
0
0.7067953418479753
0
0
0
0
0
0.6020599913279624
0.2562905859738791
0
0.38646019098860757
0
0
0
0
0
0
0
0
0
0
0
0
0
0
0
0
0
0
0
0
0
0
0
0
0
0
0
0
0
0
0
0
0
0
0
0
0
0
0
0
0
0
0
1.4471580313422192
0
1.4471580313422192
0
0
0.24987747321659984
0
0
0
0
0
0
0
0.1899510264617135
0.9996440371061472
1.7481880270062005
0
0
0
0
0
0
0
0
0.17998630293920545
0
0
0
0
0
0
0
0
0
0
0
0
0
0
0
0.27106677228653797
0
0
0
0
0
0
0.6342446746993636
0
0
0
0
0
0
0
0
0
0
0
0
1.0492180226701815
0
0
1.0492180226701815
0
0
0
0
0
0
0
0
0
0
0
0
0
0
0
0
0
0
0
0
0
0
0
0
0
0
0
0
0
0
0
0
0
0
0
0
0.015794267183231882
0
0
0
0
0
0
0
0
0
0
0
0
0
0
1.4471580313422192
0
0
0
0
0
0
0
0
0
0
0
0.16840443038939024
0
0
0
0.2857900291072444
0
0
0
0
0
0
0
0
0
0
0
1.7481880270062005
0
0
1.1441935359010382
0
0
0
0
0
0
1.271066772286538
0
0
0
0
0
0
0
0
1.271066772286538
0
0
0
0
0
0
0.6342446746993636
0
0
0.06694678963061322
0
0.40823996531184964
0
0
0
0
0
0
0
1.7481880270062005
0
0
2.9101103298676705
0
0
0
0
0
0
0
0
0
0
0
0
0
0
0
0
0
0
0
0
0
0
0
0
0
0
0
0
0
0
0
0
0
0
0
0
0
0
0
0
0
0
0
0
0
0
0
0
0
0
0
0
0.0626027000956522
0
0
0
0
0
0
1.5532173168837793
0
0
0
0
0
0
0
0
0
0
1.146128035678238
0.5177391056279265
0
4.341474094026657
0
0.17086039064925274
0
1.7481880270062005
0
0
0
3.2860409823736
0
0
0
0
0.4471580313422192
1.146128035678238
0
0
0
0
0
0
0
0
0
0
0
0
0
0
0
0
0
1.1441935359010382
0
0
0
0
0
0
0
0
0
0
0
0
0
0
0
0
0
0
0
0
0
0
0
0
0
0
0
0
2.292256071356476
0
0
0
0
0
0
0
1.7481880270062005
0
0
0
0
1.4471580313422192
0
1.7481880270062005
1.0492180226701815
1.0492180226701815
0
0
0
0
0
0
0
0
0
0
0
0
0
0
0
1.1593805729658226
0
0
0
2.098436045340363
0
0.24303804868629442
0
0
0
0
0
0.15650675023913052
0
0
0
0
0
0
0
0
0
0
0
0
0
0
0
0
0
0
0
0
0
0
0
0
0
0
0
0
0
0
0
0.5440680443502757
0
0
0
0
0
0
0
0.1899510264617135
0
0
0
0
0
0
0
0
0
0
1.4471580313422192
0.8450980400142568
0
0
0
0
0
0.22967408712831291
0
0
0
0
0
0
0
0
0.9700367766225568
0
0
0
0
0
0
0
0
0
0
0
0
0
0
0
1.7481880270062005
0
0
0
0
0
0
0
1.7481880270062005
0
0
0
0
0
0
0
0
0
0
0
0
0
0
0
0
0
0
0
0
0
0
0
0
0
0
0
0
0
0
0
0
0
0
0
0
0
0
0
0
0
0
0
0
0
0
0
0
0
0
0.11598389395537347
0
0.6690067809585756
1.587891035133751
0
0
0
0
0
0
0
1.7481880270062005
0
0
0
0
0
0
0
0
0
0
0
0
0
0
0
0
0
0
0
0
0
0
0
0
0
0
0
0
1.7481880270062005
0
0
0
0
0
0
0
0
0
0
0
0.6020599913279624
0.46943442605337143
0.09497551323085675
0
0
0
0
5.246090113350908
0
0
0
0
0.040617850908264086
0.5177391056279265
0
0
0
0
0
0
0.6664293580707649
0
0
0
0
0
0
0
0
0
0
0
0
0
0
0.9700367766225568
0
0
0
0
0
0
0
0
1.7481880270062005
0
0
0
0
0
0
0
0
0
0
0
0
0
0
0
0
0
0.8115306923679884
0.9700367766225568
0
0
0
0
0
0
0
0
0
0
0
0
0
0
0
0
2.1762721774011027
0
0
0.7004960366683257
0
0
0
0
0
6.361158076631778
0.292256071356476
0
0
0.9721521947451777
0
0
0
0
1.806179973983887
0
1.7481880270062005
0
1.7481880270062005
0
1.7481880270062005
0.06436936674280247
0.6694678963061322
0
0
0
0.0
0
0
0
0
1.46128035678238
0
0
0
0.007825337511956526
0
0
0.031588534366463764
0
0
1.035478211255853
0.09497551323085675
0
0.2899597348884337
0
0
0
0.04921802267018165
0
0.41840088382821605
0
0.9700367766225568
1.1593805729658226
1.4787465657086831
0
0.15218033814096588
0
0
0.9030899869919435
0
0.9030899869919435
0
0
0
0
0
0
0.0
0
0
0
0
0
0.1434729444324682
0
0
0
0
0.17998630293920545
0
0
0
0
0
0
0.43341821992789054
0
0
0
0
0
0
0
0
0
0.9030899869919435
0
0
0
0
0
0
0
0
0
0
0.0313013500478261
0
0
0
0
0
0
0
0
0
0.09497551323085675
0.12185355272479226
0
0
0
0
0
0
0
0
0
0
0
0
0
0
0.5440680443502757
0
0.21670910996394527
0.4057653461839942
0
0
0
0
0
0
0
0
0
0
0
0
0
0.7359535705891889
0
0
1.3414740940266576
0
0
0
0
0
0
0
0
0.7939455175668755
0
0
0
0
0
0
0
0
0
0
0
0
0
0
0
0
0
0
0
0
0
0
0
0
0
0
0
0
0
0
0
0
0
0
0
0
0
0
0
0
0
0
0
0
0
0
0
0.9700367766225568
1.2684893493987273
1.7481880270062005
0
0
0.4471580313422192
0
0
0
0
0
0.7067953418479753
0
0
0
0
0
0
0
0
0
0
0
0
0
0.9700367766225568
0
0
0.4057653461839942
0
0.7067953418479753
0.08543019532462637
0
0
0
0
0.9504727885416393
0
0
0
0
0
0
0
0
0
0
0
0
0
0.5177391056279265
0
0
0
0
0
0
0
0
0
0
3.496376054012401
0.3168242628472131
0
0
0
0
0
0.023476012535869575
0
0
0
0
0
0
0
0
0
0
0
0
0
2.8943160626844384
0
0
0
0
0
0
0
0
0
0
0
0
0
0
0
0
0
0
0
0
0
0
0
0
0
0
0
0
0
0
0
0
0
0
0
0
0
0
0
0
0
0
0
0
0
0
0
0
0
0
0
0.6092677636239613
0
0
0
0
0
0
0
0
0
0
0
0.7939455175668755
0
0
0
0
0
0
0
0
0
0
0
0
0
0
0
0
0
0
0
0
0
0
0
0
0
0
0
0
0
0
0
0
0
0
0
0
0
0
0
0
0
0
0
0
0.6664293580707649
0
1.7481880270062005
0
0
0
0
0
0
0
0
0
1.7481880270062005
0
0
0
0
0
0
0
0
0
0.8519374645445622
0
0
0
0
0
0
0
0
0
0
0
0
0
0
0
0
0
0
2.123958522341099
0
0
0
0
2.542133544573076
1.7481880270062005
0
0
0
0
0
0
0
0.4471580313422192
0
0
0
0
0
0
0
0
0
0
0
2.5352941200427703
0
0
0
0
0.2568263331719277
0
0
0
0
0
0
0
0
0
0
0
1.0492180226701815
0
0
0
0
0
0
0
0
0
0
0
0
0
0
0
0
0
0
0
0
0
0.0965540501142037
0
0
0
0
0
0
0
0
0
0
0
0
0
0
0
0
0
0
0.0789713359161594
0
0
0
0
0
0
0
0
0
0
0
0
0
0
0
0
0
0
0.292256071356476
0
0
0
0
0
0
0
0
0
0
0
0
0
0
0
0
0
0.34172078129850547
0
0
0
0
0
0
0
0
0.9030899869919435
0
0
1.5532173168837793
0
0
0
0
0
0
0.6336485256944262
0
0
0
0
0
0
0
0
0.5136526663438554
0
0
0
0
0
0
0.2843249563578486
1.2041199826559248
1.271066772286538
0
0
0.5421335445730759
0
0.16738510183787955
0
0
0.6342446746993636
0
0.6398342947123615
0
0.73064017839119
1.7481880270062005
0
0
0
0.6770208514323248
0
0
0
0
0.0
0
0
0.27106677228653797
0
0
0
0
0
0
0.4713702599391036
0
0
0
0
0
0
0
0
0
0
0
0.0
0
0
0
0
3.3803921600570273
0
0
0
0
0
0
0
0
0
1.4471580313422192
0
0
0
0
0.0
0
0
0
0
0.4471580313422192
0
0
0
0
0
0
0
0
0
0
0
0
0
0.10473535052001297
0.17086039064925274
0
0
0
0
0
0
0.20308925454132043
0
0
0
0
0
0
0
0.36797678529459443
0
0
0.6246936830414996
0
0
0
0
0
0
0
1.271066772286538
0
0
0.5177391056279265
0
0
0.7939455175668755
0
0
0
0
0
1.7481880270062005
0
0.2843249563578486
0
0
0
0
0
0
0
0
0
1.4471580313422192
0.46943442605337143
0
0
0
0
0.3010299956639812
0.2817121504304349
0
0
0
0
0
0.21670910996394527
0
0
0
0
0
0
0
0
0
0.7729203819772151
0
1.0492180226701815
0
0
0
0
0
0
0
0
0
0
0
