0
0
0
0
0
0
0
0
0
0
0
0
0
0
0
0
0
0
0
0
0
0
0
0
0
0
0
0
0
0
0
0
0
0
0
0
0
0
0
0
0
0
0
0
0
0
0
1.4471580313422192
0
0
0
0
0
0
0
0
0
0
0
0
0
0
0
0
0
0
0
0
0
0
0
0
0
0
0.5177391056279265
0
0
0
0
0
0
0
0
0
0
0
0
0
0
0
0
0
0
0
0
0
0
0
0
0
0
0
0
0
0
0
0
1.4471580313422192
0
0
0
0
0
0
0
0
0
0
0
0
0
0
0
0
0
0
0
0
0
0
0
0
0
0
0
0
0.7939455175668755
0
0
0
0
0
0
0
0
0
0
0
0
0
0
0
0
0
0
0
0
0
0
0
0
0
0
0
0
1.0492180226701815
0
0.9030899869919435
0
0
0
0
0
0
0
0
0
0
0
0
0
0
0.9030899869919435
0
0
0
0
0
0
0
0
0
0
0
0
0
0
0
0
0
0
0
0
0
0
0
0
0
0
0
0
0
0
0
0
0
0
0
0
0
0
0
0
0
0
0
0.38646019098860757
0
0
0
0
0
0
0
0
0
0
0
0
0
0
0
0
0
0
2.542133544573076
0
0
1.271066772286538
0
0
0
0
0
0
0
0
0
0
0
0
0
0
0
0
0
0
0
0
0
0
0
0
0
0
0
0
0
0
0
0
0
0
0
0
0
0
0
0
0
0
0
0
0
1.4471580313422192
0
0
0
0
0
0
0
0
0
0
0
0
0
0
0
0
0
0
0
0
0
0
0
0
0
0
0
0
0
0
0
0
0
0
0
0
0
0
0
0
0
0
0
0
0
0
0
0
0
0
0
0
0
0.24303804868629442
0
0
0
0
0
0
0
0
0
0
0
0
0
0
0
0
0
0
0
0
0
0.4057653461839942
0
0
0
0.1434729444324682
0
0
0
0
0
0
0
0
0
0
0
0
0
0
0
0
0
0
0
0
0.21670910996394527
0
0
0
0
0.5720967679505191
0
0
0
0
0
0
0
0
0
0
0
0
0
0.6020599913279624
0
1.0492180226701815
0
0
0
0
0
0.5756565787167394
0
0
0
0
0
0
0
0
0
0
0
0
0
0
0
0
0
0
0
0
1.0492180226701815
0
0
0
0
0
0.146128035678238
0
0
0
0
0.9030899869919435
0
0
0
0
0
0
0
0
0
0
0
0.8450980400142568
0
1.4471580313422192
0
0
0
0
0
0
1.271066772286538
0
0
0
1.146128035678238
0
0
0
0
0
0
0
0
0.9030899869919435
0
0
0
0
0
0
0.46943442605337143
0.14765406801054495
0
0
0
0.2869458888649364
0
0
0
0
0
0.2568263331719277
0
0
0.9700367766225568
0
0
0
0
0
0
0
0
0
0
0
0
0
0
0
0
0
0.6020599913279624
0
0
0
0
0
0
0
0
0
0
0
0
0
0
0
0
0
0
0
0
0
0
0
0
0
0
0
0
0
0.08607871263152178
0
0
0
0
0
0
1.0273053326877108
0
0
0
0
0
0.0
0
0.10172938765543484
0
0
0
0
0
0.6342446746993636
0
0
0
0.04695202507173915
0
0
0
0
0
0
0
0
0
0
0
0
0
0
0
0
0
0
0
0
0
0
0
0
0
0
0
0
0
0
0
0
0
0
0
0
0
0
0
0
0
0
0
0
0
0.2708083405729299
0
0
0
0
0.45934817425662583
0
1.0507440550024887
0
0
0
0
0
0
0
0
0
0.9700367766225568
0
0
0
0
0
0
0
0
0
0
0
0
0
1.271066772286538
0
0
0
0
0
0
0
1.146128035678238
0
0
0
0
0
0
0
0
0
0
0
0
0
0
0
0
0
0
0
0
0
0
1.0492180226701815
0.21670910996394527
0
0
0
0
0
0
0
0
0
0
0
0
0
0
0
0
0
0
0
0
0
1.4471580313422192
0
0
0
0
0
0
0
0
0
0
0
0
0
0
0
0
0
0
0
0
0
0
0
0
0
0
0
0
0
0
0
0
0
0
0
0
0
0
0
0
0
0
0
0.7481880270062005
0
0
0
0
0
0
0
0
0
0
0
0
0
1.7481880270062005
0.6690067809585756
0
0
0
0
0
0
0
0
0
0
1.146128035678238
0
0
0
0
0.8132003168596139
0
0
0
0
0
0
0.12185355272479226
0
0
0
0
0.4057653461839942
0
0
0
0
0
0
1.0881360887005513
0
0
0
0
0
1.271066772286538
0
0
0.4471580313422192
0
0
0
0
0.46943442605337143
0
0
0
0
0
0
0
0
0
0
0
0
0
0
0
0
0
0
0
0
0
0
1.4471580313422192
1.4471580313422192
0
0
0
0
1.271066772286538
0
0
0
0
1.035478211255853
0
0
0.9700367766225568
0.146128035678238
0
1.146128035678238
0
0
0
0
0
0.06317706873292753
0.04921802267018165
0
0
0.24303804868629442
0.36797678529459443
0
0
0
0
0
0
0
0.46943442605337143
1.146128035678238
0.1571234199797012
0
0
0
0.33321467903538243
0
0
0
0
0
0
0
0
0
0
0
0
0
0
0
0
0.36797678529459443
1.7481880270062005
0
0
0
0
0
0
0
0
0
0
0.6336485256944262
0
0
0
0
0
0.24987747321659984
0
0.4057653461839942
0
0
0
0
0
0
0
0.24303804868629442
0
0
0
0
0.5052132911681707
0.40823996531184964
0
0
0
0
0
0
0
0
0.9858310438057887
0
0
0
0
0
0
0
0
0
0
0
0
0
0.49291552190289434
0
0
0
0
0
0
0
0
0
0
0
0
0
0
0
0
0
0
0
0
0
1.146128035678238
0
0
1.7481880270062005
0
0
0
0
0
0
0
0
0
0
0
0
0
0
0
0
0
0
0
0.7939455175668755
0
0
0
0
0
0
0.24987747321659984
0
0
0
0
0
0
0
0
0
0
0
0
0
0
0
0
0
0
1.7481880270062005
0
0
0
0
0
0
0
0
0
0
0
0
0
0
0.7729203819772151
1.271066772286538
0
0
0
0
0
0
0
0
0
1.4471580313422192
0
0
0
0
0
0
0
0
0
0
0
0
0
0
0
0
0
0
0
0
0
0
0
0
0
1.146128035678238
0
0
0
0
1.0492180226701815
0
1.7481880270062005
0
0
0
0
0
0
0
0
0
0
0.43341821992789054
0
0
0
0.6690067809585756
0
0
0
0
0
0
0
0
0
0
0
0
0
0
0
0
0
0
0
0
0.0
0
0
0
0.0
0
0
0
0
0
0
0
0
0
0
0
0
0.8030369999862974
0
0
0
0
0
0
0
0
0
0.6020599913279624
0
0.5177391056279265
0.43341821992789054
0
0
1.0492180226701815
0
0
0
0
0
0
0
0
0
0
0
0
0
0.21670910996394527
0
0.6690067809585756
0
0
0
0
0
0
0
0
0
0
0
0
0
0
0
0
0
0
0
0
0
0
0
0
0
0
0
0
0
0
0
0
0
0
0
0
0
0
0
0
0
0
0
0
0
0
0
0
0
0
0
0
0.24987747321659984
0
0
0
0
0
0
0
0
0
0
0.9700367766225568
0
0
0
0
0.6020599913279624
0
0.6020599913279624
0.602521106675519
0
0
0
0
0
0
0
2.9101103298676705
0
1.2684893493987273
0
0
0
0
0
0
0
0
0
0
0
0
0
0
0
0
0
0
0
0
0
0
0
0
0
0
0
0
0
0
0
0
0.28492653969257026
0
0.8420221519469512
0
0
0
0.1899510264617135
0
0
0
0
0
0
0
0
0
0
0
0
0
0
0
0
0
0
0
0
0
0
0
0
0.1899510264617135
0
0
0
0.15218033814096588
0
0.5720967679505191
0
0
0
0
0
0
0
0
0
1.146128035678238
0
0
0
0
0
0
1.7481880270062005
1.2041199826559248
0
0
0
0
0
0
0
0
0
0
0
0.7891011943785751
0
0
0
0
0
0
0
0.8450980400142568
0
0
1.6901960800285136
0
0
0
0
0
0
0
0
0
0
0
0
0
0
0
0
0
0
0
0
0
0
0
1.7481880270062005
0
0
0
0
0
0
0
0
0
0
0
0
0
0
0
0
0
0
0
1.146128035678238
0
0
1.4471580313422192
0
0
0.14765406801054495
0
0
0
1.146128035678238
0.7729203819772151
0
0
0
0
0
0
0
0
0
0
0
0
0
0.40823996531184964
0
0
0
0
0
0
0.06694678963061322
0
0
0.19188552623891314
0
0
0
0
0
0
0
0
1.7481880270062005
0
1.0492180226701815
0
0
1.7481880270062005
0
0
0
0
0
0.7481880270062005
0
0
0
0
0
0
0
0
0
0
0
0
0
0
0
0
0
0
0
0
0
0
0
0
0
0
0
0
0
0
0.6342446746993636
0
0
0
0
0
0
0
0
0
0
0
0
0
1.6901960800285136
0
0
0
0
0
0
0
0.3368088607787805
0
0
0
0
0
0
0
0
1.4471580313422192
0
0
0
0
0
0
0
0
0
0
0
0
0
0
0
0
0
0
0
0
0
1.9400735532451137
0
0
0
0
0
0
0
0
0
0
0
0
0
0
0
1.496376054012401
0
0
0
0
0
1.7481880270062005
0
0
0
0
0
0
0.3168242628472131
0
0
0
0
0
0
0
0
0
0
0
0
0
0
0
0
0
0
0
0.6336485256944262
0
0
0
0
0
0
0
0
0
0.7704789995157831
0
0.3010299956639812
0
0
0
0.10473535052001297
0
0
0
0
0
0
0
0
0.148681412727174
0
0
0
0
0
0
0
0.6342446746993636
0
0
0
0
0
0
0
1.7481880270062005
0
1.4471580313422192
0
0
0
0
0
0
0
0
0
1.9027340240980908
0
0
0
0
0
0
0
0
0
1.4471580313422192
0
0
0
0
0
0.4259687322722811
0
0
0
0
0
0
0
0
0
0
0
0
0
0
0
0
1.0492180226701815
0
1.4471580313422192
0
0
0
0
0
0
0
0
1.146128035678238
0
0
0
0.6690067809585756
0
0
0
0
0
0.20411998265592482
0
0
0
0
0
0
0
0.9700367766225568
0
0
1.4471580313422192
0
0
0
0
0
0
0
0
0
0
0
0
0
0
0
0
0
0
0
0
0
0
0
0
0
0
0.08123570181652817
0
0
0
0
0
0
0
0
0
0
0.30436067628193175
0
0
0
1.4471580313422192
0
0.4057653461839942
0
0
0
0
0
0
0.4057653461839942
0
0
0
0
1.7481880270062005
0
0
0
0
0
0
0
0
0
0
0.49291552190289434
0
0
1.7481880270062005
0
0
0
0
0
0
0
0
0
0
0
0
0
0
0
0
0
0.9700367766225568
0
0
0
0.7481880270062005
0.48607609737258883
0
0
0
0
2.860483839752596
0
0
0
0
0.38646019098860757
0
0
0
1.4471580313422192
0
0
0
0
0
0
0
0
0
0
0
0
0
0
0.4259687322722811
0
0
0
0
0
0
0
0.3010299956639812
0
0
0
0
0
0
0
0
0
0.35024801833416286
0
0
0
0
0
0
0
0
0
0
0
0
0
0
0
0
0
0
0.36797678529459443
0
0
0
0
0
0
0
0
0
0
0
0
0
0
0
0
0
0
0
0
0
0
0
1.587891035133751
0
0.9700367766225568
0
0
0
0.9030899869919435
0
0
0
0
1.4471580313422192
0
0
0
0
1.0492180226701815
0
0
0
0.3168242628472131
1.4471580313422192
0
0
0.4471580313422192
0
0
0
0.8450980400142568
0
0
0
0
0
0.9030899869919435
0
0
0
0
0.7067953418479753
0
0
0
0
0
0
0
0
0.7481880270062005
0
1.146128035678238
0
0
0
0
0
0
0
0
0
0
0
2.0070203428757267
0
0
0
0
0
0
0
0
0
0
0
0
0
1.271066772286538
0
0
0
0
0
0
0
0
0
0
0
0
0.6342446746993636
0
0
0
0
0
0
0
0
0
0
0
0
0
0
0
0
0
0
0
0
0
0
0
0
0
0
0
0
0
0
0
0
0
0
0
0
0
0
0
0
0
0
1.7481880270062005
0
0
0
0
0
0
0
0
0
0
0
0
0
0
0
0
0
0
0
0
0
0
0
0
0
1.7481880270062005
0
0
0
0
1.7481880270062005
0
0
0
0
0
0
0
0.36797678529459443
0
0
0
0
0.5236767526000649
0
0
0
0
0
0
0
0
0
0.6664293580707649
1.146128035678238
0
0
0.9030899869919435
0
0
0
0.17998630293920545
0.2708083405729299
0
0
0
0
0
0
0
0
0
0
0
0
0
0
0
0.13389357926122644
0
0
0
0
0
0
0
0
0
0
0
0
0
0
0
0
0
0
0
0
0
0
0
0
0
0
0
0
0
0
0.27106677228653797
0
0
0
0
0
0
0
0
0
0
0.6020599913279624
0
0
0
0
0
0
0
0.4057653461839942
0
0
0
0
0
0
1.0492180226701815
0
0
0
0
0.3010299956639812
0
0
0
0
0
0
0.292256071356476
0
0
0
0
0.3168242628472131
0
0
0
0
0.48607609737258883
0
0
0
0
0
0
0
0
0.7481880270062005
0
0
0
0
0
0
0
0
0
0
0
0
0
0
0
0
0
0
0
0
0
0
1.271066772286538
0
0
0
0
0
0
0
0
0
0
0
0
0
0
0
1.7481880270062005
0
0.24987747321659984
0
0
0
0
0
0
0
0
0
0
0
0
0
0
0
0
0
0
0
0
0
0
0
0
0
0
0
0
0
0
0
0
0
0
0
0
0
0
0
1.271066772286538
0.20084036889183965
0
0
0
3.612359947967774
0
0
0
0
0
0
0
0.7359535705891889
0.13540417028646495
0
0
0
0
0
0
0
0
0
0
0
0
0
0
0
0
0
0
0
0
0
0
0
0
0
0
0.4259687322722811
0
0
0
0
0
0
0
0
0
0
0
0
0
0
0
0
0
0
0
0
0
0
0
0
0
0
0
0
0
0
0.7939455175668755
0
0
0
0
0
0
0
0
1.4471580313422192
0
0
0.6336485256944262
0
0
0
0
0
0.6336485256944262
0
0
0
0
0
0
0
0
0
0
0
0
0
0.08543019532462637
0
0
0
0
0
0.3804508453524147
0
0
0
0.07825337511956526
0
0
0
0.9504727885416393
0
0.38646019098860757
0
0
0
0
0
0
0
0
0
0
0
0.46943442605337143
0
0
0
0
0
0
0
0
1.806179973983887
0
0
0
0
0
0
0
0
0
0
0
0.7729203819772151
0
0
0
0
0
0
0
0
0
0.7067953418479753
0
0
0
0
0
0
0
0.5720967679505191
0
0
0
0
0
0
0
0
0
0
0
0
0
0
0
0
0
0
0
0
0
0
0
0
0
0
0
0
0.9700367766225568
0
0
1.271066772286538
0
0
0
0
0
0
0
0
0
0
0
1.7481880270062005
0
0
0
0
0
0
1.0492180226701815
0
0
0
0
0
0
0
0.7704789995157831
0
0.2857900291072444
0
0
0
0
1.46128035678238
0
0
1.806179973983887
0
0
0
0
0
0
0
0
0
0
0
0
0
0
0.11471957142661392
1.0492180226701815
0
0
0
0
0
0
0
0
0
0
0
0
0
0
0
0
0
0
0
0
0
0
0
0
0
0
0
0
0
0
0
0
0
0.7939455175668755
0
0
0
0.7067953418479753
0
0
0
0
0
0
0
0
0
0
0
0
0
0
0
0
0
0
0
0
0.292256071356476
0.9700367766225568
3.2860409823736
0
0
0
0
0
0
0
0
0
0
0
0
0
0
0.4471580313422192
0
0
0
0
0
0
0
0
0
0
0
0
0
0.06436936674280247
0
0
0
0
0
0
0
0
0
0
0
0
0
0
0
0
0.2568263331719277
0
0
0
0
0
0
0
0
0
0
0
0
0
0
0
2.992752108024802
0
0
0
0
0
0
0
0
0
0
0
0.7067953418479753
0.8450980400142568
0
0
0
0
0.4259687322722811
0
0
0
0
0
0
0
0
0
0
0
1.4471580313422192
0
1.271066772286538
0
0
0.27106677228653797
0
0
0
0
0
0.20084036889183965
0
0
0
0.6342446746993636
0
0
0
0
0
0
0
0
0
0
0
1.7481880270062005
0
0
0
0
0
0
0
0
0
0
0
0
0
0.7359535705891889
0
0
0
0
0
0
0
1.0492180226701815
0
0
0
0
0
0
0
0
0
0
0
0
0
0
0
0
0
0
0
0
0
0.9721521947451777
0
0
0
0.0
0
0
0
0
0
0
0
0
0
0
0
0
0.36797678529459443
0
0
0
0
0.7481880270062005
0
0
0
0
0
0
2.1664667245834393
0
1.146128035678238
0
0
0
0
0
0
1.6230613847359767
0.9030899869919435
0
0
0
0.6336485256944262
0
0
1.146128035678238
0
0
0
0
0
0
0
0
0
0.21520941664870227
1.0273053326877108
0
0
0
0
0
0
0.48607609737258883
0.38646019098860757
0.4471580313422192
0
0
0
1.4471580313422192
0.6020599913279624
0.6690067809585756
0
0
0
0
0
0
0
0
2.070956422511706
0
0.16840443038939024
0.21520941664870227
0
0
0
0
0
0
0.49291552190289434
0
0.5052132911681707
0
0
0
0
0
0
0
0.22967408712831291
0
0
0.9700367766225568
0
0
0
0.007825337511956526
0
0
0
0
0
0
0
0
0
0
0
0
0
0
0
0
0
0
0
0
0
0
0
0
0
0
0.9700367766225568
0
0
0
1.7481880270062005
0
0.11055987028262318
0.7939455175668755
0.19188552623891314
0
0
0
0
0
0
0
0
0
0
0
0
0
0
0
0
0.6690067809585756
0
0.36797678529459443
0
0
0
0.9700367766225568
0
0
0
0
0
0
0
0
0
0
0
0
0
0
0
0
0
0
0
0
0
0
0
0
0
0
0
0
0
0
0
0
0
0
0
0
0
0
0
0
0
0
0
0.7939455175668755
0
0
0
0
0
0
0
0
0.36797678529459443
0
0
0
0
0
1.146128035678238
0
0
0
1.4471580313422192
0
0
0
0
0
0
0
0.6020599913279624
0
0
0
0
0
0
0
0
0
0
0
1.4471580313422192
0
0
0
0
0
0
0
0
0
0
0
0
0
0
0
0
0
0
0
0
0
0
0
0
0.9700367766225568
2.3818365527006264
0
0
0
0
0
0
0
0.5177391056279265
0
0
0
0
0
0.7067953418479753
0
0
0
0
0
0
0
0
0
0.6020599913279624
0
0
0
0
0
0
0
1.2684893493987273
0
0
0
0
0
0
0.0965540501142037
0
0
0
0
0
0
0
0
0
0
0
0
0
0
0
0
0.7481880270062005
2.292256071356476
0.5177391056279265
0
0.5720967679505191
0
0
0
0
0
0
0
0
0
0
0
0
0.8689864510278333
0
0
0
0
0
0
0
0
0.49291552190289434
0
1.806179973983887
0
0
0.3837710524778263
0
0
0
0
0
0
0
0.20411998265592482
0
0
0
0
0
0
0
0
0
0
0
0
0
0
0
0
0
0
0
0
0
0
0
0
0
0
0
0
0
0
0
0
0
0.9700367766225568
0
0
0
0
0
0
0.7939455175668755
0
0
0.3142060515600389
0
0
0
0
0
0
0
0
0.7939455175668755
0
0
0
0
0
0
0
0.38646019098860757
0
0
0
0
0
0
0
0
0
0
0
0.0
0
0
0
0
0
0
0
0
0
0
0
0.1931081002284074
0
0
0
0
0
0
0
0
0
1.0492180226701815
0
0
0
0.3599726058784109
0
0
0.20411998265592482
0
0
0
0
0
0
0
0
0
0
0
0
0.12493873660829992
0
0
0
0
0
0
0
0
0
0
0
0
0
0
0
0.21670910996394527
0
1.2041199826559248
0
0
0
0
0
0
0
0
0
0
0
0
0
0
0
0
0
0
0
0
0
0
0
0
0
0
0
0
0.21670910996394527
0.12493873660829992
0.6342446746993636
0.33321467903538243
0
0
0
0
0
0
0
0
0.21670910996394527
0
0
0
0
0.3168242628472131
0
0
0
0.7481880270062005
0
0
0
0
0
0
0
0
0
0
0
0
0
0
0
0
0
0
0
0
0
0
0
0
0
0
0.4057653461839942
0
0
0
0
0
0
0
0
0.20411998265592482
0
0
0
0
0
0
0
0
0
0
2.070956422511706
0
0
0
0
0
0
0
0
0
0
0
0
0
0
0
0
0
0
0
0
0
1.146128035678238
0
0
0
0
0
0
0
0
0.34172078129850547
0
0
0
0
0
0
0
0
0
0
0
0
0
0
1.7481880270062005
0
0
0
0
0.14765406801054495
0
0
0
0
0
0
0
0
0
0
0
0
0
0
0
0
0
0
0
0
0
0
0
0
0
0
0.6342446746993636
0
0
0
0
0
0
0.36797678529459443
0
0
0.33321467903538243
0
0
0
0
0
0
0
0.5421335445730759
0.7939455175668755
0
0.19188552623891314
0
0
0
0.7481880270062005
0
0
0
0
0.36797678529459443
0
0.0
0
0
0
0
0
0
0
0
0
0.19188552623891314
0.9700367766225568
0
0
0
0
0
0
0
0
0
0
0
1.271066772286538
0
0
0
0
0
1.4471580313422192
0
0
0
0
0
0.2843249563578486
0
0
0
0
0
0
0
0
0
0
0
0
0
0
0
0
1.271066772286538
0
0
0
0
0
0
0
0
0
0
0
0
0
0
0
0
0
0
0
0
0
0
0
0
0.07042803760760873
0
0
0
0
0
0
0
0
0
0
0
0
0
0
1.0447306455394243
0
0
0
0
0
0
0
0
0
0
0
0.49291552190289434
0
0
0
0
0
0
0
0
0
0
0
0
0
0
0
0
0
0.40621251085939486
0
0
0
0
0
0.5440680443502757
0
0
0
0
0
0
0
0
0
0
0
0
0
0
0
1.587891035133751
0
0
0
0
0
0
0
0
0
0
0
0
0
0
0.23196778791074693
0
0
0
0
0
0
0.7067953418479753
0
1.4471580313422192
0
0
0
0
0
0
0
0
0
0
0
0
0
0
0
0
0
0
0
0
0
0
0
0.38646019098860757
0.46943442605337143
0.8519374645445622
0.4057653461839942
0
0
0
0
0
0
0
0
0
0
0
0.46943442605337143
0
0
0
0.17998630293920545
0
0.6342446746993636
0
0
0
0
0
0
0
0
0
0
0
0
0
0
0
0.3347339481530661
0
0
0
0.38646019098860757
0
1.271066772286538
0
0
0
0
0
0
0
1.4471580313422192
0
0
0
0
0
0
0.43341821992789054
0.4471580313422192
0.11598389395537347
0
0
0
0
0
0.33321467903538243
0
0
0
0.06317706873292753
0
0
0
0
0
0
0
0
0
0
0
0
0
0
0
0
0
0
0
0
0
0
0
0
0
0
0.6336485256944262
0
0
0
0
0
0
0
0
0
0
0
0
0
0
0
0
0
0
0
0
0.7481880270062005
0
0
0
0
0
0
0
0
0
0
0
0
0
0
0
0
0.7939455175668755
0
0.1571234199797012
0.5440680443502757
0
0
0
0.9721521947451777
0
0
0
0
0
0
0
0
0
0
0
0
0
0
0
0
0
0
0
0
0
0
0
0
0
0
0
0
0
0
0
0
0
0
0.20947070104002594
0
0
0
0
0
0
0
0
0
0
0
0
0
0
0
0
0
0
0.09476560309939129
0
1.0273053326877108
0
0
0
0
0
0
0
0.7067953418479753
0
0
0
0
0
0
1.4471580313422192
0
0
0
0
0
0
0.2568263331719277
0.20308925454132043
0
0
0
0
0
0
0
0
0
0
1.146128035678238
0
0
0
0
0
0
0
0
0
0
0
0
0
0
0.6284936799188048
0
0
0
0
0
0
0
0
0
0
0
0
0
0
0
0
0
0
0
0
0
0.3804508453524147
0
0.28492653969257026
0
0
0
0
0
0
0
0
0
0
0
0
0
0
0
0
0
0.3010299956639812
0
0
0
0
0
0
0
0
0.17998630293920545
0
0
0
0
0
0
0
0
0
0
0
0
0
0
0
0
0
0
0
0
0
0
0
0
0.36797678529459443
0
0
0
0
0
0
0
0.17998630293920545
0
0
0
0
0
0
0
0
0
0
0
0.43838410703471403
0
0
0
1.4471580313422192
0.20308925454132043
0
0
0
0
0
0.8450980400142568
0
0
0
0
0
0
0
0
0
0
0
0
0
0
0
0
0
0
0
0
0
0
0
4.850183883112784
0
0.9388688521067429
0
0
0
0
0
0
0
0.9030899869919435
0
0
0
1.4471580313422192
0
0
0
0
0.6020599913279624
0
0
0.4997549464331997
0
0
0
0
0
0
0
0
0
0
0
0
0
0.1579426718323188
0
0
0
0
0
0
0.5698530793851405
0
0
0
0
0
0
0
0
0
0
0
0
0
0
0
0
0
1.4471580313422192
0.1571234199797012
1.7481880270062005
0
0
0
0
0
0
0
0.5720967679505191
0
0
0
0
0
0.9030899869919435
0
0.07825337511956526
0
0
0
0
0.43341821992789054
0
0
0
1.7481880270062005
0
0
0
0
0
0.12873873348560494
0.1571234199797012
0
0
0
0
0
0
0
0
0
0
1.9400735532451137
0
0
0
0
0
0
0.21670910996394527
0
0
0
0
0
0
0
0.2562905859738791
0.8450980400142568
0
0
0
0
0
2.992752108024802
0
1.7481880270062005
0
1.0492180226701815
0
0
0
0
0
0
0
0
0
0
0
0.3347339481530661
0
0
0.32184683371401235
0
0
0
0
0
0
0
0
0
0
0
0
0
0
0
0
0
0
0
0
0
0
0
0
0
0
0
0
0
0
0
0
0
0
0
0
0
0
0
0
0
0
0
0
0
0
0.4259687322722811
0
0.0
0
0.3599726058784109
0
0
0
0
0
0
0.2708083405729299
0
0.20308925454132043
0
0
0
0
1.2041199826559248
0
0
0
0
0
0
0
0
0
0
0.4471580313422192
0.6284936799188048
0
0
0
0.5720967679505191
0
0
0
0
0
0
0
0
0
0
0
0
0
0
0
0
0
0
0
0
0
0
0
0
0
0.35024801833416286
0
0
0
0
0
0
0
0
0
0
0
0
0
0
0
0
0
0
0
0
0
0
0
0
0
0
0
0
0
0
0
0.33321467903538243
0
0
0
0
0
0
0
0
0.0
0
0
0
0
0.7481880270062005
0
0
0
0
0.1912972592432909
0
0
0.7067953418479753
0.3837710524778263
0
0
0
0
0
0
0
0
0
0.2857900291072444
0
1.0492180226701815
0
0
0
0
0
1.271066772286538
2.8943160626844384
0
0
1.0492180226701815
0
0
0
0
0.0717364722162341
0
0
0
0
0
0
0
0
0
0
0
0
0
0
0
0
0
0
0
0.0
1.146128035678238
0
0
1.4471580313422192
0.0789713359161594
0
0
0
0
0
0
0
0
0
0
0
0
0
0
0
0
0
0
0
0
0
0
0
0
0.3479516818661204
0
0
0
0
0
0
0
0
0
0
0
0
0
0
0
0
0
0
0
0
0
0
0
0
0
0
0
0
0
0
0
0
0.7291141460588833
0
0
0
0
0
0
0
0
0
0
0
0
0
0
0
0
0
0
0
0
0
0
0
0
0
0
0
0
0
0
0
0
0
0
0
0
0
0
0.38646019098860757
0
0
0
0.34415871427984174
0
0
0
1.0492180226701815
0
1.146128035678238
0.7481880270062005
0.5177391056279265
0
0
0
0
0
0
0
0
0.9186963485132517
0
0
0
0.6020599913279624
0
0
0
0
0
0
0
0
0
0
0
0
0
0
0
0
0.35024801833416286
0
0.6020599913279624
0
0
0
0.8115306923679884
0
0
0
0
0
0
0
0
0
0
0
0
0
0
4.341474094026657
0
0.0
0
0
0
0
0
0
0
0
0
0
0
1.146128035678238
0
0
0
0
0
0
0
0
0
0
0
0
0
0
0.3168242628472131
1.9027340240980908
0
0
0
0
0
0
0
0
0
0
0.8450980400142568
0
0
0
0
0
0
0
0
0
0.6020599913279624
0
1.146128035678238
0
0
0
0
0
0
0
0
0
0
0
0
0
0
0
1.271066772286538
0
0
0.8132003168596139
0
0
0
0
0
0.3347339481530661
0
0
0
0
0
0.7067953418479753
0
0
0
0
0
0
0
0
0
0
0
0
0
0
0
0
0
0
0
1.4471580313422192
0
0
0
0
0
0
0
0
0
0
1.4471580313422192
0
0
0
0.6284121031200778
0
0
0
0.43838410703471403
0
0
0
0.19188552623891314
0
0
0
0
0
0
0
0
0
0
0
0
0
0
0
2.6760271238343023
0
0
1.146128035678238
0.5720967679505191
0
0
0
0
0
0
0
0
0
0
0
0
0.6020599913279624
0.3837710524778263
0.17998630293920545
0.9700367766225568
1.0881360887005513
0
0
0
0
0
0
0
0
0
0
0
0
0
0
0
1.7481880270062005
0
0
0
0
0
0
0
0
0
0
0
0
0
0
0
0
0
0
0
0
0
0
0
0
0
0
0
0
0
0
1.7481880270062005
0
0.22529278359980864
0
0
0
0
0.9700367766225568
0
0
0
0
0
0
0
0
0
0
0
1.146128035678238
0
0
0
0
0
0
0
0.6342446746993636
0
0
0
0
0
0
0.7067953418479753
0
0
0
0
0
0
0
0.2857900291072444
0
0
0
0
0.5715800582144888
0
0
0
0
0
0
0
0
1.4471580313422192
0.6342446746993636
1.4787465657086831
0
0
0
0
0
0
0
1.4471580313422192
0
1.271066772286538
0
0
0
0
0
0
0
0
0
0
0
0
0
0
0
0
1.7481880270062005
0
0
0
0
0
0
0
0
0
1.146128035678238
0
0
1.4471580313422192
0
0
0
0.8450980400142568
0
0
0
0
0
0
0
0
0
0
0
0
0
0
0
0.8943160626844384
0
0.5720967679505191
1.496376054012401
0
0
0
0
0
0
0
0.9858310438057887
1.271066772286538
0
0
0
0.2568263331719277
0
0
0
0
0
0
0
0.16840443038939024
0
0
0
0
0
1.7481880270062005
0
0
0
0
0
0
0
0
0
0
0
0
0
0
0
0
0
0
4.489128162037202
0.6020599913279624
0
2.3818365527006264
0.04782431481082273
2.292256071356476
0
0
0
0
0
0
0
0
0
0
0
0
0
0
0
0
0
0
0
0
0
0
0
0
0
0
0
0
0.7067953418479753
0
0.3368088607787805
0
0
0
0
0
0
0
0
1.035478211255853
0
0
0
1.271066772286538
0
0.4471580313422192
0
0
0
0
0
0
0
0
0
0
0
0
0
0
0
0
0
0
0
0
0
0
0
0
0
0
1.146128035678238
0
0
0.5177391056279265
0
0
0.4471580313422192
0.9186963485132517
0
0
0
0
0
0
0
0
0
0
0.6664293580707649
0
0
0
0
0.13540417028646495
0.5720967679505191
0
0
0
0
0
0
0
0.49291552190289434
0
0
0
0
0.7481880270062005
1.4471580313422192
0
0
0
0
0
0
0
0
0
0
0
0
0
0
0
0
0
0
0
0
0
0
0
0
0
0
0
0
0
0.6690067809585756
0
0
0
0
0
0
0
0.43341821992789054
0
0
0
0.2568263331719277
0
0
0
0
0
0
1.4471580313422192
0
0
0
2.5886955281396324
0
0.46943442605337143
0
0
0
0
0
0
0
0
0
0.1571234199797012
0
0
0
0
0
0
1.271066772286538
0
0
0
0
0
0
0
0
0
0
0
1.271066772286538
0
0
0
0
0
0
0
0
0
0
0
0
0
0
0
0
0
0
0
0
0
0
0
0
0
0.015794267183231882
0
0.20411998265592482
0
0
1.4471580313422192
0
0
0
0
0
0
0
0
0
0
0
0
0
0
0
0
0
0
0
0
0
0
0
0
0
0
0
0
0
0
0
0
0.9700367766225568
0
0
0
0
0
0
0
0
0
0
0
0
0
0
0
0
0
0
0
0
0.9030899869919435
0.4259687322722811
0
0
0
0
0
0
0
0
0
0
0
0
0
1.4471580313422192
0
0
0
0
0
0
0
0
0
0
0
0
0
0.49291552190289434
0
0
0
0
0
0
0
0
0.5440680443502757
0
0
0
0
0
0
0
0
0
0
0
0
0
0
0
0
0
0
0
0
1.4471580313422192
0
0
0
0
0.35024801833416286
0
0
0
0
0
0
0
0
0
0
0
0
0
0
0
0
0
0
0
0
0
0
0
0
0
0
0
0
0.5136526663438554
0
0
0
0
1.4471580313422192
0
0
0
0
0
0
0.5715800582144888
0
0.2677871585224529
0
0
0
0
0
0
0
0
0
0
0
0
0
0
0.4057653461839942
0
0
0
0
0
0.4057653461839942
0
0
0
0
0
0
0
0
0
0
0
0
0
0
0
0
0
0
0
0
0
0.49291552190289434
0
0
0.5177391056279265
0
0
1.4471580313422192
0
0
0
0
0
0
0
0
0
0
0
0
0
0.2568263331719277
0
0
0
0
0
1.7886321253688768
0.8450980400142568
0
0
0
0.3168242628472131
0
0
0
1.806179973983887
0
0
0
0
0
0
0
0.06694678963061322
0
0
0
0
0
0.17998630293920545
0
0
0
0
0
0
2.292256071356476
1.4471580313422192
0
0
0.2857900291072444
0.292256071356476
0
0
0
0
0
0
0
0
0
0
0
0
0
0
0
0
0
0
0
0
0.6020599913279624
0.08543019532462637
0
0
0
1.4471580313422192
0
0
0
1.0881360887005513
0
1.4471580313422192
0
0
0
0
0
0
0
0
0.3804508453524147
0
0
0
0
0
0
0
0
0
0
0
0
0
0
0
0
0
0
0
0
0
0
0
0
0.5177391056279265
0
0
0
0
0
0
0.4997549464331997
0
0
0
0
0
0
0
0.09497551323085675
0
0
0
0
0.8943160626844384
0
0
0
0
0
0.5399589088176163
0
0
0
0
0
0
0
0
0
0
0
0
0
0
0
0
0
0
0
0
0
0
0.6342446746993636
0
0
0
0
0
0
0
0
0
0
1.271066772286538
0
0
0
0
0
0
0
0
0
0.6690067809585756
0
0
0
0
0
0
0
0
0
0
0
0
0
0
0
0
0
0
0
0
0
0
0
0
0.4471580313422192
0
0
0
0
0
0
0.23691400774847823
0
0
0
0
0.33321467903538243
0
0
0
0
0.8115306923679884
0
0
0
0
0
0
0
0
0
0
0
0
0.9700367766225568
0
0
0
0
0
0
0
0.2857900291072444
0
0
1.0492180226701815
0
0
0
0
0
0
0
0
0
0
0
0
0
0
0
0
0
0
0
0
0
0
0
0
0
0
0
0
0
0
1.4471580313422192
0
0
0
0.6342446746993636
0
0
0.13389357926122644
0
0.8164799306236993
0
0
0
0
0
0
0
0
0
0
0
0
0
0
0
0
0
0
0
0
0
0
0.6020599913279624
0.7067953418479753
0
0
0
0
0
0
0
0
0
0
0
0
0
0
0
0
0
0
0
0
0
0
0.48607609737258883
0
0
0
0
0
0
0
1.7481880270062005
1.146128035678238
0
0
0
0
0
0
0
0.07825337511956526
0
0
0
0
0
0
1.035478211255853
0
0
0
0
0
0
0
0.6020599913279624
0
0
0
0
0
0
0
0
0.9030899869919435
0
1.7481880270062005
0
0
0
0
0
0
0
0
0
0
0
0
0
0
0
0
0
0
0
0
0
0
0
0
0
0
0
0
0
0.22943914285322783
0
0
0
0
0
0
0
0
0
0
0.35024801833416286
0
0
0
0
0
0
0
0
0
0
0
0
0
0
0
0
0
0
0
0
0
0
0
0
0
0
0
0
0
0
0
1.0492180226701815
0
0
0
0
0
0
0
0
0
0
0
0
0
0
0
0
0
0
0
0
0
0.24303804868629442
0
0
0
0
0
0.10172938765543484
0
0
1.271066772286538
0
0
0
0
0
0
0
0
0
0
0
0
0
0
1.7481880270062005
0
1.271066772286538
0
0
0
0
0
0
0
0
0
0
0
0
0
0
0
0
0
0
0
0.379902052923427
0
0
0
0
0
0
0
0
0
0
0
0
0
0
0
0
0
0.22967408712831291
2.4082399653118496
1.271066772286538
0
0
0
1.7481880270062005
0
0
0
0
0
0
0.146128035678238
0
0
0.9030899869919435
0
0
0
0
0
0
0
0
0
0
0
0
0
0
0
0
0
0
0
0
0
0
0
0.36797678529459443
0
0
0
0
0
0
0
0
0
0
0
0
0
0
0
0
0.36797678529459443
0
0
0
0
0
0
0
0
0
0
0
0
0
0
0
0
0
0
0
0
0
0
0
0
0
0
0.05799194697768673
0
0
0.7939455175668755
0
0
0
0
0
0
0
0
0
0
0
0
0
0
0
0
0.9700367766225568
0
0
0
0
0
0
0
0
0
0
0
0
0
0
0
0
0
0
1.146128035678238
0
0
0
0
0
0
0
0
0
0
0
0
0.3010299956639812
0
0.28492653969257026
0
0
1.4471580313422192
0
0
0
0
0
0
0.12185355272479226
0
0
0.36797678529459443
0
0
0
0
0.6664293580707649
0
0
1.496376054012401
0
0
0
0
0
0
0
0
0
0
0
0
0.379902052923427
0
0
0
0
0
0
0
0
0
0
0
0
0
0
0
0
0
0
0
0
0
0
0
0
0
0
0
0
0
0
0
0.4259687322722811
0
0
0
0
0
0
0
0
0
0
0
1.0881360887005513
0
0
0
0
0
0
0
0
0.7067953418479753
0.146128035678238
0
0
0.24303804868629442
0
0
0
0
0.9030899869919435
0
0
0
0
0
0
0.0965540501142037
0.06694678963061322
0
0
0.8450980400142568
0.0
0
0
0
0
0
0
0
0
0.1252054001913044
0
0
0.06317706873292753
1.271066772286538
0
0
0.09497551323085675
0
0.1739758409330602
0
1.4471580313422192
0
0.24609011335090827
0
0.1931081002284074
0
0
0
0.49291552190289434
0
0.07609016907048294
0
0
0
0
0
0
0
1.4471580313422192
0
0
0
0.0
0
0
0
0
0
0.11956078702705682
0
0
0
0
0
0
0
0
0
1.271066772286538
0
0.21670910996394527
0
0
0
0
0
0
0
0
0.06694678963061322
0.9030899869919435
0
0
0
0
0
0
0.8450980400142568
0
0
0
0.0313013500478261
0
0
1.271066772286538
0
0
0
0.6020599913279624
0
0
0.4748775661542837
0.12185355272479226
0
0
0
0
0
0
0
0
0
0
0
0
0
0
0.5440680443502757
0
0.21670910996394527
0
0
0
0
0
0
0
0
0
0
0
0
0
0
0
0
0
0
0
0
0
0
0
1.146128035678238
0
0
0.7939455175668755
0
0
0
0
0
0
0
0
0
0.2562905859738791
0
1.7481880270062005
0
0
0
0
0
0
1.271066772286538
0
0
0
1.4471580313422192
0
0
0
0
0
0
0
0
0
0.6690067809585756
0
0
0
0.6342446746993636
0
0
0
0
0
0
0
0
0
0
0
0
0
0
0
0
0
0
0
0
0
0
0
0
1.0492180226701815
0
0
0
0
0
0
0
0
0.8450980400142568
0
0
0
0
0.4057653461839942
0
0
0.17086039064925274
0
0
0
0
0.6336485256944262
0
0
0
0
0
0
0
0
0
0
0
0.5421335445730759
0
0
0
0
0
0
0
0
0
0
0
0
0
0
0
0
0
0
0
0.0313013500478261
0
0
0
1.806179973983887
0
0
0
0
0
0
0
0
0
0
0
0
0
0
0
0
0
0.11598389395537347
0
0
0
0
0
0
0
0
1.146128035678238
0
0
0
0
0
0
0
0
0
1.7481880270062005
0
0
0
0.9700367766225568
0
0
0.6690067809585756
0
0
0
0
0
0
0
0
0.9030899869919435
0
0
0
1.7481880270062005
0
0
0
0
0.2843249563578486
1.496376054012401
0
0
0
0
0
0
0
0
0
0.7481880270062005
0
1.0492180226701815
0.9700367766225568
0
0
0
0
0
0
0
0
0
0
0
0
0
0
0
0
0
0
0
0
0
0
0
0
0
0
0
0
0
0
0
0
0
0
0
0
0.7939455175668755
0
0
0
0
0
0
0
0
0
0
0.6342446746993636
0
0
0
0
0
0
0
0
0
0
0
1.7481880270062005
0
0
0
0
0.8519374645445622
0
0
0
0
0
0
0
0
0
0
0
1.271066772286538
0
0
0
0
0
0
0.6246936830414996
0
0
0.8115306923679884
0
0
0
0
0
0
0
0
0
0
0
0
0
0
0.7729203819772151
1.0492180226701815
0
0
0
0
0
0
0.8450980400142568
0
0
0
0
0
0
0
0
0
0
0
0
0
0
0
0
0
0
0
0
1.4471580313422192
0
0
1.4787465657086831
0
0
0
0
0
0
0.12493873660829992
0
0
0
0.4259687322722811
0
0
0
0.06436936674280247
0
0
1.839883926472972
0
0
0
0
0
0
0
0
0
1.3414740940266576
0
0
0
0.292256071356476
0
0.11055987028262318
0
0
1.505149978319906
0
0
0
0
0
0
0
0
0
0
0
0
0
0
0
0
0
0
0
0
0
0
0
0.6342446746993636
0
0
0
0
0
0
0
0
0
0.2562905859738791
0
0
0
0
0
0
0
0
1.806179973983887
0
0
0.5177391056279265
0
0
0
0.7067953418479753
1.271066772286538
0
0.3168242628472131
0
0
0
0
0
0
0
0
0
0
0
0
0
0
0.46943442605337143
0.20308925454132043
0.6020599913279624
0
0
0
0.5421335445730759
0
0.0717364722162341
0
0
0
0
0.0984360453403633
0
0.43838410703471403
0
0
0
0
0.2708083405729299
0.43341821992789054
0
0
0
0.0
0
0
0.5421335445730759
0
0
0
0
0
1.6901960800285136
0.1571234199797012
0
1.146128035678238
0
0
0
0
0
0
0
0
0
0.0
0
0
0
0
0
0
0.1571234199797012
0
0
0
0
0
0
0
0
0
0
0
0
0.0
0
0
0
0.49291552190289434
0.4471580313422192
0
0
0
0
0
0.40621251085939486
0
0
0
0
0
0.35024801833416286
0
0.20947070104002594
0.08543019532462637
0.7939455175668755
0.5416166811458598
0
0
0.12493873660829992
0
0.2843249563578486
0
0
1.7481880270062005
0
0
0
0
0
0
0
0.12493873660829992
0
0
0
0
0
0
0
0
0
0
1.035478211255853
0
0
0
0
0
0
0
0
0
0
0.20308925454132043
0
0
0
0
0
0
0
0
0
0
0
0
0.5177391056279265
0
0.3010299956639812
0
0.0939040501434783
0
0
0
0
0
0.21670910996394527
0
0
0.40617850908264086
0
0
0
0
0
0
0.38646019098860757
0
0
0
0.9351424307334514
0
0
0
0
0
1.7481880270062005
0
0
0
