0
0
0
0
0
0
0
0
0
0
0
0
0
0
0
0
0
0
0
0
0
0
0
0
0
0
0
0
0
0
0
0
0
0
0
0
0
0
0
0
0
0
0
0
0
0
0
0
0
0
0
0
0
0
0
0
0
0
0
0
0
0
0
0
0
0
4.807354922057604
0
0
0
0
0
0
0
1.7198920808072646
0
0
0
0
0
0
0
0
2.2138304078330235
0
0
1.2837929660005913
0
0
0
0
0
0
0
0
0
0
0
0
0
0
0
0
0
0
0
0
0
0
0
0
0
0
0
0
0
0
0
5.807354922057604
0
0
0
0
1.7198920808072646
0
0
0
0
0
0
0
0
0
0
0
0
2.6374299206152916
0
0
0
0
0
0
0
9.614709844115207
0
0
0
0
0
0
0
0
0
0
0
0
0
0
0
0
0
1.1634987322828796
0
0
0
0
0
0
0
0
0
0
0
0
0
0
0
0
0
0
0
0
0
0
0
2.6374299206152916
0
0
0
0
0
0
0
0
0
0
0
0
3.0
0
0
0
2.106915203916512
0
0
0
0
0
0
0
0
0
0
0
0
0
0
0
0
0
0
0
1.1069152039165118
0
1.6374299206152918
0
0
0
0
0
0
0
0
0
0
0
0
0.9493739269300321
0
0
0
0
2.222392421336448
2.807354922057604
0
3.807354922057604
0
0
0
0
0
0
0
0
0
1.1069152039165118
3.222392421336448
0
0
0
0
0
0
0
0
0
0
0
1.8073549220576042
0
0
0
0
3.222392421336448
0
0
0
0
0
0
0
1.2837929660005913
0
0
2.4854268271702415
0
0
0
0
0
0
0
0
0
0
0
0
0
0
0
0
0
0
0
0
0
0
2.106915203916512
0
0
0
0
0
0
0
0
0
0
0
0
0
0
0
0
0
0
0
0
0
0
0
0
0
0
0
0
0
4.444784842672896
0
0
0
0
0
0
0
0
0
0.8073549220576041
0
0
0
0
5.807354922057604
0
0
0
0
0
0
0
0
0
0
0
0
0
0
4.807354922057604
0
0
0
0
0
0.23830340248321474
0
0
0
0
0
0
0
0
0
0
0
0
0
7.912289761845875
0
0
0
0
0
0
0.7198920808072646
0
0
0
1.9004643264490857
0
0
0
0
0
0
0
0
0
0
0
0
0
0
0
0
0
0
0
0
0
0
1.9122897618458754
0
0
0
0
0
0
0
0
0
0
0
0
0
0
0
0
0
0
0
2.347923303420307
0
3.807354922057604
0
0
0
0
3.3979877901916917
0
0
0
0
0
0
0
0
0
0
0
0
0
0
0
0
5.614709844115208
0
0
0
0
0
0
0
0
0
0
0
0
0
0
0
0
0
0
0
0
0
0
0
0
0
0
0
0.8073549220576041
1.5594274086140185
0.16349873228287956
0
0
0
0.4766068049664295
0
0
0
0
0
0
0
0
0
0
0
2.444784842672896
3.807354922057604
3.4854268271702415
0
0
0
4.807354922057604
0
0
0
0
0
0
0
0
0
0
0
0
0
0
4.222392421336448
0
0
0
0
0
0
0
0
0
0
0
0
0
0
0
0
0
0
0
0
0
0
0
0.12997604266472176
0
0
0
0
0
0
1.7063172233414576
0
0
0
0
1.8009286528981712
0.0
0
0.3119425023953323
0
0
0
0
0
0
0
0
0
0.12997604266472176
0
0
0
0
0
0
0
0
0
0
0
0
0
0
0
0
0
19.229419688230415
0
0
2.0
0
0
0
0.6310036514558588
0
0
0
0
0
0
0
0
0
0
0
0
0
0
0
0
0
0
0
0
0.4498029174395205
0
0
0
0
0.7629608026991507
0
3.490496196848639
0
0
0
0
0
0
0
0
0
0
0
0
0
0
0
0
0
0
0
0
0
0
0
0
0
0
0.6780719051126377
0
0
0
0
0
0
0
0
0
0
2.807354922057604
0
0
0
0
0
0
0
0
0
0
0
0
0
0
0
0
0
0
0
0
0
0
0
0
0
0
0
0
0
0
0
0
0
0
0
0
0
0
0
0
0.9493739269300321
4.970853654340483
0
0
0
0
0
0
0
0
0
0
0
0
0
0
0
0
0
0
0
0
0
0
0
0
0
0
0
0
0
0
0
0
0
0
0
0
0
0
0
0
0
0
0
0
0
0
0
0
0
0
0
0
0
0
0
0
2.222392421336448
0
0
0
0
0
0
0
0
0
0
0
0
0
0
0
0
0
0
0
0
0
0
0.8095774805166518
0
0
0
0
1.3479233034203069
0
0
0
0
0
0
0
0
0
0
0
0
0
2.222392421336448
0
1.4854268271702418
6.970853654340483
0
0
0
1.5594274086140185
0
0
0
0
0
0
0
0
0
0
0
0
0
0
0
0
0
0
0
0
0
0
0
0
0
0
0
0
0
0
0
0
0
0
0
0
0
1.456280481510725
0
0
0
0
0
0
0
0.10493483978827096
0.49049619684863865
0
0
0.8073549220576041
1.222392421336448
0
2.4854268271702415
0
4.222392421336448
0
0
0
0
0
0.5219527031953558
0
1.2837929660005913
0
0
0
0
0
0
0
0
0
0
0
0
0
0
0
0
0
0
0
0
0
0
0
0
0
0
0
0
0
0
0
0
0
0
0
0
0
0
0
0
0
0
0
0
0
0
2.422064766172812
1.4150374992788437
0.8531586116707288
0
0
0.5594274086140185
0.6780719051126377
0
0
0
0
0
0
0
0
0
0
0
0
0
0
0
0
0
0
0
0
0
0
0
0
0
0
0
0
0
0
0
0
0
0
0
0
0
0
0
0
0
0
0
0
0
0
0
0
0
0
0
0
0
0
0
0
0
0
0
0
0
0
0
0
0
0
0
0
0
0
0
0
0
0
2.4902249956730627
0
0
0
0
0
0
0
0
0
0
0
0
0
0
0
0
0
0
0
0
0
0
0
0
8.444784842672895
0
0
0
0
0
0
4.222392421336448
0
0
0
0
0
0
0
0
0
0
0
0
0
0
0
0
0
0
0
0
0
0
0
0
0
0.7582982111399
0
0
0
0
0
0
0
0
0
0
0
0
0
0
0
0
0
0
0
0
0
0
0
0
0
0
0
0
0
0
0.7198920808072646
0
0
0
0
0
0
0
0
0
0
2.807354922057604
0
0
0
0
0
0
8.444784842672895
0.28379296600059134
0
0
0
0
0
0.0
0
0
0
0.0
0
1.4397841616145293
0
0
0
0
0
1.0524674198941355
0
5.422064766172813
0
0
2.2865410041330376
0
0
0
0
0
0
0
0
0
6.0
0
0
0
0
0
0
4.222392421336448
0
0
0
0
0
0
0
0
0
1.6374299206152918
0
0
0.7198920808072646
0
0
4.222392421336448
0
0
0
0
0
0
2.106915203916512
0
0
0
2.807354922057604
0
0
0
0
0
0
6.667177264009345
0
0
0
0
0
0
2.106915203916512
0
0
0
0
0
0
0
0
0
0
0
0
0
0
0
0
0
0
0
0
0
0
0
0
0
0
0.41503749927884376
0
0
4.213830407833024
0
0
0
0
0
0
0
3.222392421336448
0
5.614709844115208
0
0
0
0
0
0.22239242133644802
0
0
0
0
0
0
0
0
0
2.106915203916512
0
0
0
0
0
0
0
0
0
0
0
0
0
0
3.222392421336448
0
0
0
0
0
0
0
0
0
0
0
0
0
0
1.3479233034203069
0
0
1.2620073029117176
0
0.5594274086140185
0
0
0
0.3155018257279294
0
0
0
0
0
0
0
0
0
0
0
0
0
0
0
0
0
0
0
0
0
0
0
0
0.6310036514558588
0
0
0
1.2638303518998333
0
0
0
0
0
0
0
0
0
0
0
0
0
0
0
0
0
0
0
2.0
0
2.347923303420307
0
0
0
0
0
0
0
0
0
0.7149102074496443
0
0
0
0
0
0
0
0
0
0
0
0
0
0
0
0
0
0
0
0
0
0
0
0
0
0
0
0
0
0
0
0
0
0
0
0
0
0
0
0
0
0
0
0
0
0
0
0
0
0
0
0
0
0
0
0
0
0
0
0
0.49049619684863865
0
0
0
0
0
0
0
0
0
0
6.970853654340483
0
0
0
0
0
0
0
0.6780719051126377
0
0
0
0
0
0
0.22239242133644802
0
0
3.187149603076459
0
0
0
0
0
0
0
0
0
3.807354922057604
0
0
0
0
0
0
0
0
0
0
0
0
0
0
0
0
0
0
0
0
0
0
0
0
11.614709844115207
0
0
2.6374299206152916
0
0
0
4.807354922057604
0
0
0
0
0
0
0
0
0
0
0
0
0
0
3.222392421336448
0
0
0
0
0
0
0
0
0
0
0
0
0
0
0
1.118854817228037
1.1069152039165118
0
0
0
0
0
0
0
0
0
0
0
0
0
0
0
0
0
4.807354922057604
0
0
0
0
0
0
0
0
0
0.8073549220576041
5.614709844115208
0
0
0
0
0
0
0
0
0
0
5.807354922057604
0
4.807354922057604
0
0
0
0
0
0
0
0
0
0
0
0
0
0
0
0
0
2.6374299206152916
0
0
0
0
0
0
0
0
0
0
0
0
4.807354922057604
0
0
0
0
0
1.0524674198941355
0
0
0
0
0
0
0
0
0
0.8531586116707288
0
2.0
0
0
0
0.6958466068406136
0
0
0
0
0
0
0
4.444784842672896
0.3379377109282766
0
0
0
2.6374299206152916
0
0
0
2.106915203916512
2.0
0
0
0
0
0
0
0
0
0
0
0
0
0
0
0
0.8531586116707288
0
0
0
0
0
0
0
0
0
0
0
0.41503749927884376
0
0
1.7063172233414576
0
0
0
1.4150374992788437
0
0
0
0
0
0
0
0
0
0
0
0
0
0
0
0
0
0
0
0
0
0
0
0
0
0
0
0
0
0
0
0
0
2.807354922057604
0
0
0
2.034215715337913
0
0
0
0
0
0
0
0
0
4.222392421336448
0
1.6147098441152081
0
0
0
0
0
0
0
0
0
0
0
0
0
0
0
0
0
0
0
0
0
0
0
0
0
0.4047887402583259
0
0
0
0
0
0
5.614709844115208
0
0
0
0.5055321407599334
0
0
0
0
0
0
0
6.320745611749536
0
0
0
0
0
0
0
0
0
0
0
0
0
0
0
0
0
0
0
0
0
0
0
0
0
0
0
0
0
0
0
0
0
0
0
0
0
0
0
0
0
0
0
0
0
0
2.422064766172812
0
0
0
0
0
0
0
0
0
1.2837929660005913
0
0
0
0
0
0
0
0
0
0
0
0
11.614709844115207
4.222392421336448
0
0
0
0
0
0
0
0
0
0
0
0
1.0
0
0
0
0
0
0
0
0
0
0
1.5594274086140185
0
0
0
0
0
0
0
0
0
0
0
0
2.549719682461167
0
0
0
0
0
0
0
0
0
0
0
0
2.222392421336448
0
0
0
2.347923303420307
0
0
0
0
0
0
0
0
0
0
0
0
0
0
0
0
0
3.0
0
0
0
8.444784842672895
0
0
0
0
0
0
0
0
1.2837929660005913
0
0
0
0
0
0
0
0
0
0
0
0
0
0
0
0
0
0
0
0
0
0
0
0
0
0
0
0
0
0
0
0
0
0
0
0
0
0
0.8531586116707288
0
0
0
0
0
0
0
0
0
0
0
0
0
0
0
0
0
0
0
0
0
0
0
0
0
0
0
0
0
0
0
0
0
0
0
0
0
0
0
1.1958031128573088
0
0
0
0
0
0
0
0
0
0
0
0
0
0
0
0
0
0
0
0
0
0
0
0
0
0
0
0
0
0
0
0
0
0
0
0
0
0
0
0
0
0
0
0
0
0
0
0
0
2.6374299206152916
0
0
0
0
0
0
0
0
0
0
0
0
0
0
0
0
0
0
0
0
0
0
0
0
0
0
0
0.3479233034203068
0
0
0
0
0
0
0
0
0
1.1069152039165118
0
0
0
0
0
4.807354922057604
0
1.1958031128573088
0.4498029174395205
0
0
0
0
0
0
0
0
0
0
0
0
0
0
0
0.22239242133644802
0
0
3.222392421336448
0
0
0
2.6374299206152916
0
0
0
0
0
0
2.104934839788271
2.347923303420307
0
0
0
0
0
0
0
0
4.807354922057604
0
0
0
0
0
0
0.9004643264490856
0
0
0
0
0
0
0
0
1.4854268271702418
0
0
0
0
0
0
0
0
0
0
0
0
0
1.8073549220576042
0
3.807354922057604
0
0
0
0
0
1.0
0
0
0
2.347923303420307
0
0
0.9708536543404833
0
0
0
0
2.104934839788271
0
0
0
0
0.8073549220576041
0
3.807354922057604
0
0
0
0
0
0
0
0
0
0
0
0
0
0
0
0
4.213830407833024
0
0
0
0
0
3.2748598412305836
0
0
10.524674198941355
0
0
0
0
0
0
0
0
1.1069152039165118
0
0
0
0
0
4.807354922057604
0
0
0
0
0
0
0.41503749927884376
0
0
0
0
0
0
0
0
0
0
0
0
0
0
0
0
0
0
0
0
0
0
0
0
0
0
0
0
0
0
0
0
0
0
0
0
0
0
0
0
0.8895696853457921
0
0
0
0
0
0
1.6374299206152918
0
0
0
0
1.222392421336448
0.4498029174395205
0
0
0
0.7629608026991507
0
0
0
0
0
0
0
0
0
0
0
0
0
0
0
0
0
0
0
0
0
0
0
0
0
0
0
0
0
0
0
0
0
0
0
2.807354922057604
0
0
2.222392421336448
0
0
0
0
0
0
0
0
0
0
0
0
0
0
0
0
0
0
0
0
0
0
0
0
0
0
0
0
0
0
0
0
1.0524674198941355
0
0
0
0
0
3.4854268271702415
0
0
0
0
0
0
0
0.5675859320011827
0
0
2.347923303420307
0
0
0.7582982111399
0
0
0
0.3119425023953323
2.347923303420307
0
0
0
0
0
0
0
0
0
0
0
0
0
2.807354922057604
0
0
0
0
0
0
0
0
0
0
0
0
0
0
0
0
0
0
0
0
0
0
0
2.5675859320011827
0
0
0
0
0
0
0
0
0
0
0
0
0
0
0
0
0
0
0
0
0
0
0
0
0
0
0
0
0
0
0
0
0
0
0
0
0
0
0
0
0
0
0
0
0
0
0
0
0
0
0
0
0
0
0
0
0
0
0
0
0
0
0
0
0
0
0
0
0
0
0
0
0
0
0
0
0.8531586116707288
0
0.9493739269300321
0
0
0
0
0.48542682717024166
0
0
0
0
4.222392421336448
0
0
3.807354922057604
0
0
0
0
0
0
0
0
0
0
0
0
0
0
1.1069152039165118
0
0
0
0
0
0
0
0
0
0
0
0
0
0
0
0
0
0.8073549220576041
0
0
0
0
0
0
0.899605834879041
0
0
0
0
0
0
0
0
2.347923303420307
0
0
0
0
0
0
0
0
0
0
0
0
0
0
0
0
0
0
0
0
2.91256096302145
0
0
0
0
4.222392421336448
0
0
0
0
0
0
0
0
0
0
0
0
0
0
0
0
0
3.4854268271702415
0
0
0
0
4.222392421336448
0
0
0.32074561174953564
0
3.0
0
0
0
0
0
0
0
0
0
0
5.807354922057604
1.0524674198941355
0
1.5594274086140185
0.8531586116707288
0
0
0
0
0
0
0
0
0
0
0
0
0
0
0
0
0
0
0
0
0
0
0
0
0
0
0
0
0
0
0
0
0
1.4150374992788437
0
0
4.807354922057604
0
0
0
0
3.0
0
0
0
0
0
0
0
0
0
0
0
0
0
2.347923303420307
0.8895696853457921
0
0
0
0
0
0
0
0
0
0
2.347923303420307
0
0
0
0
0
0
0
0
0
0
0
0
0
0
0
0
0
0
0
0
0
0
0
0
0
0
0
0
0
0
0
0
0
5.807354922057604
0
0
0
7.912289761845875
0
0
0
0
0
0
0
0
0
0
0
0
0
0
0.0
0
0
0
0
0
0
0
0
0
0
0
0
0
0
0
0
0
2.4854268271702415
0
0
0
0
0
0
0.4498029174395205
0
0
0
0
1.8073549220576042
0
0
0
0
0
0
0
0
0
2.0
0
0
0
0
0
5.614709844115208
0
3.222392421336448
0
0
0
0.15886893498880983
0.8531586116707288
0
0
0
0
0
0
0
2.5675859320011827
0
0
0
0
0
0
0
0
0
0
0
0
0
0
1.118854817228037
0
0
0.5594274086140185
2.2241650898433374
0
0
0
0
0
0
0
0
0.5594274086140185
0
0
0
0
0
11.614709844115207
0
1.5259216053983014
0
0
0
0
0
0
0.15597125119766614
0
0
0
0
0
0
0
0
0
0
0
0
0
0
0
0
0
0
0
0
0
0
0
0
0
0
0
0
0
0
0
0
0.20986967957654193
0
0.6374299206152918
0
0
0
0
0
0
0
0
0
0
0
0
0
0
0
0
0
0
0
0
0
4.695846606840614
0
2.0
0
0
0
0
0
0
0
0
0
0
0
0
0
0
0
0
0
0
0
3.807354922057604
0
0
0
0
0
0
0
0
0
0
0
0
0
0
0
0
0
0
0
0
0
0
0
0
0
0
0
0
0
0
0
0
0
0
0
0
0
0
0
0
0
0
0
0
0
0
0
0
0
0
0
0
0
0
0
0
0
0
0
0
1.6374299206152918
0
2.6374299206152916
0
0
0
0
0
0
0
0
0
0
0
0
0
0
0
0
0
0
0
0
0
0
0
0
5.274859841230583
0.8531586116707288
0
0
0
0
0
0
0
0
0
0
0
0
0
0
0
0
0
0
0
0
0
0
0
0
0
0
0
0
0
0
0
0
0
0
0
0
0
0.10691520391651188
0
0
0
0
0
0
0
0
0
0
0
0
5.807354922057604
0
0
0
0
0
0
0
0
0
0
0
0
0
0
0
0
0
0
0
0
1.0691520391651188
2.347923303420307
0
0
0
0
0
0
0
3.2748598412305836
0
0
7.614709844115208
0
0.6374299206152918
0
0
0
0
0
0
0
0.6780719051126377
0
0
0
0
0
0
1.8073549220576042
1.9004643264490857
0
0
0
0
0
0
0
0
0
0
0
0
0
0
0
0
0
0
0
0
0
0
0
0
0
0
0
0
0
0
0
0.6780719051126377
0
0
0
0.3479233034203068
0
0
0
0
0
0
0
0
0
0
0
0
0
0
0
0
0
0
0
0
0
0
0
0
0
0
0
0
0.0
2.106915203916512
0
0
0
0
0
0
0
0
0
0
0.9622368352486069
0
0
0
0
0
0
0
0
3.187149603076459
0
0
0
0
5.38111400785789
0
0
0.6780719051126377
0
0
0
0
0
0
2.326997464565759
0
0
0
0
0
1.660149997115375
0
0
0
0
0
0
0
0
0
0
0
0
0
0
0
0.7198920808072646
0
0
0
2.807354922057604
0
0
0
0
0
0
0
0
0
0
0
0
4.807354922057604
0
0
5.807354922057604
0
0
0
0
0
0
11.614709844115207
0
2.0
0
0.7198920808072646
0.41503749927884376
0
1.1069152039165118
0
0
0
0
0
0
0
0
0
0
0
0
0
0
0
0
0
0
0
0
0
0
0
0
0
0
0
0
0
0
0
0
0
0
0
0
0
0
2.222392421336448
0
0
0
1.6374299206152918
0
0
0
0
0
0
0
0
0
0
1.3561438102252754
0
0
0
0
0
0
4.222392421336448
0
0
1.9004643264490857
0
0
0
0
0
0
0
0
0
0
0
0
0
0
0
0
0
0
0
0
0
0
0
0
0
0
0
0
0
0
0
1.1351718640023654
0
0
0
0
0
0
0
0
0
0
0
0
0
0
0
0
0
0
0
0.16349873228287956
0
0
0
0
0
0
0
0
5.807354922057604
0
0
0
0
0
0
0
0
0
0
0
0
0
0
0
0
0
2.106915203916512
0
0
0
0
0
0
0
0
0
0
4.222392421336448
0
0
0
0
0
0
0.9004643264490856
0
0
0.6374299206152918
0
0
0
2.4854268271702415
0
0
0
0
1.222392421336448
0
0.0
0
0
0
0
0
0
0
0
0
0
0
0
0
0
0
0
0
0
0
0
0
0
0
0
0
0
0
0
0
0
0
0
0
0
2.0239437012916297
0
0
0
1.3479233034203069
0
0
4.222392421336448
0
0
0
0
0
2.807354922057604
0
0
0
4.222392421336448
0
0
0
0
0
0
0
0
0
0
0
0
0
0
0
0
0
0
0
0
0
0
0
0
0.05199041706588871
0
0.48542682717024166
0
0
0
0
0
0
0
0
0
0
3.0
0
0.6310036514558588
0
0
0
0
0
0
0
0
0
0
0
0
0
0
1.5594274086140185
0
0
0
0
0
0
0
0
0
0
0
0
0
0
0
0
0
0
1.2837929660005913
0
0
0
0
0
0
0
0
0
0
0
2.222392421336448
0
0
0
0
3.4854268271702415
0
0
0
0
0
0
0
0
0
0
0
0
0
0
0
0.5779352338271875
0
0
0
0
0
0
0
0
0
0
0
0
0
0
0
0
0
0
0
0.7582982111399
0
0
0
0
0
0
0
0
0
0
0
0
3.851378898001774
0
0
0
0
0
0
0
0
0
1.6374299206152918
0
0
1.8073549220576042
4.912289761845876
4.6782822258420556
0
0
0
0
0
0
12.667177264009343
0
0
0
0
0
0
0
0
0
0
0
0
0
0
0.22239242133644802
0
0
0
0
0
0
0
0
0
0
0
0
0
0
0
0
2.6374299206152916
0
0
5.807354922057604
0.7198920808072646
0
0.7705803117695833
0
0
0
0
2.347923303420307
0
0
0
0
0.47220677904721936
0
0
0
0
0
0
0
3.222392421336448
0
0
0
0
0
0
0
0
0
0
0
0
0
0
0
0
0
0
3.1574022596824065
0
0
0
0
0
6.0
3.2748598412305836
0
4.807354922057604
0
0
0
0
0
0
0.8531586116707288
0
1.7198920808072646
0
0
0
0.5675859320011827
0
0
0
0
0
0
0
0
0
2.0
0
0
0
0
0
0
0
1.5658581095860673
0
0
0
0
1.6147098441152081
0
0
0
0
0
0
0
0
0
0.9493739269300321
0
0
0
2.0
0
0
0
0
0
0
0
0
0
0
0
0
0
0
0
0
0
0
0
0
0
0
0
0
0
0
0
0
3.0
0
0
0
0
0
0
0
3.0518432107966027
0
0
0.6296090387296258
0
0.8531586116707288
0
0
0
0
0
0
0
0
0
0
0
0
0
0
0
0
0
0
0
0
0
1.7063172233414576
0.13492958008610864
0
0
0
0
0
0
0
0
0
0
0
0
0
0
0
0
0
0
0
0
0
0
0
0
0
0.5219527031953558
0
0
0
0
0
0
0
0
0
0
0
1.9004643264490857
0
0
0
0
0
0
0
0
0
0.7582982111399
0
0.3155018257279294
0
2.6374299206152916
0
0
0
0
0
0
0
0
0
0
0
0
0
0
0
0
0
0
0
0
1.0
0
0
0
0.5979015564286544
0
0
0
0
0
0
0
0
0
0
0
0
0
0
0
0
0
0
0
0
0
0
0
0
3.6671772640093443
0
0
0
2.106915203916512
0
0
0
0.5979015564286544
0
0
0
0
0
0
0
0
0
0
0
0.48542682717024166
0
0
0
0
0.9445070606027605
0
0
0
0
0
0
0
0
0
0
0
0
0
0
0
0
0
0
0
0
0
0
0
0
0
4.807354922057604
0
0
0
0
0
1.5594274086140185
0
0
0
0
0
0
0
0
0
0
0
0
0
0
0
1.9004643264490857
0
0
0
1.2451124978365313
0
0
0
0
0
0
0
0
0
0
0
0
0
0.10493483978827096
0
0
0
0
0
0
0.6310036514558588
0
0
0
0
0
0
0
0
0
0
0
0
1.4150374992788437
0
3.6147098441152083
0
0
0
0
0
0
0
0
0
0
0
0
0
0
0
0
0
0
0
0.4498029174395205
0.18196645973061049
0
0
0
0
1.4397841616145293
0
0
0
0
0
0
0
0
0
0.32074561174953564
1.0439054063907116
0
0
0
0
0
0
0
0
0
0
0
0
0
0
0
0
0
2.159676242421794
0
0
0
0
0
0
0
0
2.807354922057604
0
0
0
0
0
0
0
0
0
0
0
0
0
0
0
0
0
0
0
0
0
0.44478484267289603
0
0
0
0
0
0
0
0
0
0
0
0
0
0
0
0
7.601857305796343
0
0
0
0
0
0
0
0
0
0
0
0
0
0
0
0
0
4.222392421336448
0
3.4854268271702415
0
0
0
0
0
0
0
0
0
0
0
0
1.4150374992788437
0
0.0
0
0.5979015564286544
0
0
0
0
0
0
0.4498029174395205
0
0.5397183203444346
0
0
0
0
0
0
0
0
0
0
0
0
0
0
0
0
0
0
0.5979015564286544
0
0
0
0
0
0
0
0
0
0
0
0
0
0
0
0
0
0
0
0
0
0
0
0
0
0
0
1.1634987322828796
0
0
0
0
0
0
0
0
1.6782822258420556
1.0524674198941355
0
0
0
3.2748598412305836
0
0
0
0
0
0
0
0
0
0
12.641491223499072
0
0
0
0
0
0
0
0
0
0
0
0
0
0
0
0.0
0
0
0
0
0
0
0
0
3.807354922057604
0.07943446749440491
0
0
0
1.9122897618458754
0
0
0
0
0
0
0
0
0
0.9493739269300321
0
0
0
0
0
0
0
0
0
0
0
0
0
0
0
0
0.6354757399552393
0
0
0
0
0
0.7629608026991507
0
0
0
0
0
0
0
0.2698591601722173
0
0
0
0
0
0.0
0
0
0
0
0.10493483978827096
0
0
0
0
0
0
0
0
0
0
0
0
0
0
0
0
0
0
0
0
0
0
0
0
0.19264507794239583
0
0
0
0
0
0
0
0
0
0
0
0
0
0
0
0
0
0
0
0
0
0
0
0
0
0
0
0
0
0
0
0
0
0
0
0
0
0
0
0
3.807354922057604
0
0
0
0
2.0
0
0
0
0
0
0
0
0
0
0
0
0
0
0
0
0
0
0
0
0
0
0
0
0
0
0
0
0
0
0.38109016735550627
0
0
0
0
0
0
0
0
0
0
0
0
0
0
0
0
0
0
0
0
0
0
0
0
0
0
0
0
0
1.2837929660005913
0
0
0
0
0
0
0
0
0
0
0
0
0
0
2.4854268271702415
0
0
0
0
0
0
0
0
0
0
0
1.8073549220576042
0
0
0
0.0
0
0
0
1.4397841616145293
0
0
0
0
0
0
0
0
0
0
0
0
0
0
0
0
0
0
0
0
0
0
2.104934839788271
0
0
0
0
0
0
0
0
0
0
0
0
3.0
0
0
0
0
0
0
0
0
0
0
0
0
0
0
0
0
0
0
0
0
0
0
0
0
0
0
0
0
0
0.9004643264490856
0
0
0
0
0
0.8895696853457921
0
0
0
0
0
0
0
0
0
0
0
0
0
3.0
0
0
0
0
5.807354922057604
4.444784842672896
0
0
0
0
0
0
0
0
0
0
4.222392421336448
0
0
0
0
0
0
0
0
0
0.6958466068406136
0
0
4.807354922057604
0.48542682717024166
0
0
0
0.6374299206152918
0
2.0
0
0
0
0
0
0
0
0
0
0
0
0
0
0
0
0
0
0
0
0
0
0
0
0
0
0
0
0
0
0
0
1.2748598412305836
0
3.222392421336448
0
0
0
0
0
0
0
0
0
0
0
0
0
0
0
4.807354922057604
0
0
0
0
0
0
0
0
0
0
0
0
0
0
0
0
0
0
0
0
0
0
0
0
0
0
0
0
0
0
0
0
4.213830407833024
0.32074561174953564
0
0
0
2.6374299206152916
0
0
2.6374299206152916
0
0
0
0
0
0
0
0
0
0
0
0
0
0
0
0
0
0
0
0
0
0
0
0
0
0
0
0
0
0
0
0
0
0
0
0
0
0
0
0
0
0
0
0
0
0
0
0
0
0
0
0
2.8300749985576874
2.222392421336448
0
0
0
0
0
0
0
0
0
0
0
0
0
0
0
0
0
0
0
0
0
0
0
3.6147098441152083
0
0
0
0
0
0
0
0
0
0
0
0
0
0
0
0
0
0
0
0
0
2.347923303420307
0
0
0
0
0
0
0
0
0
1.0439054063907116
0
0
0
0
0
0
0
0
0
0
0
0
0
0
0.8531586116707288
0
0
0
0
0
0
0
0
0
0
0
0
0
0
0
0
0
0
0
0
0
0
0
0
0
0
0
0
0
0
0
0
0
2.0
0
0
0.23830340248321474
0
0
0
0
0
0
0
0
0
0
0
16.0
5.807354922057604
0
0
0
0
0
0
0
0
0
0
4.222392421336448
0
0
1.8073549220576042
0
0
0
0
0.5594274086140185
3.0
0
0
0
0
0
0
0
0
3.0
3.4854268271702415
0
0
0
2.9708536543404835
0
0
0
0
0
0
0
0
0
0
0
0
0
0
0
0
0
0
0
0
0
0
0
0
0
1.8073549220576042
0
0
0
0
0
0
1.4854268271702418
0.7629608026991507
0
0
0
0
0
0
0
0
0
0
0
0
0
0
0
0.899605834879041
0
0
0
0
0
0
0
0
0
0
0
0
0
0
0
0
0
0
0
0
0
0
0
0
0
0
0
0
11.614709844115207
0
2.106915203916512
0
0
0
0
0
0
0
0
0
1.4854268271702418
0
0
0
0
0
0
0
0
0
0
0
1.4397841616145293
0
0
0
1.7063172233414576
0
0
0
2.222392421336448
0
0
0
0
0
0
0
0
0
0
0
0
11.422064766172813
4.807354922057604
0
0
0
0
1.0439054063907116
0
0
0
0
0
0
0
0
0
0
0
4.807354922057604
0
0
0
0
0
0
0
0
0
0
0
0
0
0
0
0
0
0
0
0
0
0
1.9004643264490857
0
0
0
0
0
0
0
0
0
0.05246741989413548
0
0.6780719051126377
0
0
0
0
0
0
0
0
0
0
2.8300749985576874
0
0
0
0
0
0
0
0
0
0
0
0
0
0
0
0
0
0
0
0
0.7629608026991507
0
0
0
0
0
0.6780719051126377
0
0
0
0
0
1.9004643264490857
0
0
0
0
0
0
0
2.6374299206152916
0
0
0
0
3.0
0
0
0
0
0
0
0
0
0
0
0
0
3.4854268271702415
0
0
0
0
0
0
8.444784842672895
0
0
0
0
0
0
0
0
0
0
0
0
0
0
0
0
0
0
0
1.8073549220576042
0
0
0
0
0
0
0
0
0
10.844129532345626
0
0
0
0
0
0
0
0
0
0
0
0
0
0
0
0
0
0
0
0
0
0
0
0
0
0
0
0
0
0
0
0
0
0
0
0
0
0
0
0
0
0
1.7063172233414576
0
0
0
0
0
0
0
0
0
0
0
0
0
0.8895696853457921
0
0
0
0
0
0
0
0
0
0
0
0
2.4854268271702415
0
0
0
0
0
0
0
0
0
0
0
0
0
0
0
0
0
0
0
0
5.807354922057604
0
0
0
0
0
0
0
0
1.6374299206152918
0
0
0
0
0
0
0
0
0
0
0
0
0
3.807354922057604
1.1069152039165118
0
0
0
0
0
0
0
0
0
0
0
0
0
0
0
1.0524674198941355
0
0
0
0
0
0
0
0
0
0
0
0.44478484267289603
0
0
0
0.8073549220576041
0
1.793704669285963
0
0
0
0
0
0
0
0
1.5594274086140185
0
0.9493739269300321
0
0
0
0
6.0
0
0
0
0
0
0
0
0
0
0
0
0
0
1.118854817228037
0
0
0
0.5675859320011827
0
2.5675859320011827
0
0
0
0
0
0
0
0
0
0
0
0
0
0
0
0
0.2527660703799667
0
0
0
0
0
0
0
0
0
0
0
0
0
0
0
0
0
0
0
0
0
0
0
0
0
0
0
0
0
1.0
0
0
0
0
0
1.0524674198941355
0
0
0
0.3155018257279294
0
0
0
0
1.4854268271702418
0
0
0
0
0
0.5979015564286544
0
0
0
0
0
0
0
0
0
0
0
0
0
0
0
0
0
0
0
0
0
0
0
0
0
0
0
0
0
0
0
0
0
0
0
3.4854268271702415
0
1.1069152039165118
0
0
0.8073549220576041
0
0
0
0
0
0
0
0
0
0
0
0
0
0
0
0
0
0
0
0
0
0
0
0
0
0
0
0
0
0
0
0
0
0
0.10493483978827096
0
0
0
0
0
0
0
0
0
4.04376991026092
2.4854268271702415
0
0
0
0
0
0
0
0
0
1.3479233034203069
0
0
0
0
2.444784842672896
0.5594274086140185
3.4854268271702415
0
0
0.9493739269300321
0
0
0
0
0
0
0
0
0
0
0
0
0
0
0
0
0
0
0
0
0
0
0
0
0
0
4.222392421336448
0
0
0
0
0
1.1069152039165118
0
0
0
0
0
0
0
1.11196210668224
0
0.6780719051126377
0
0
0
0
0
0
0
0
0
0
0
0
0
0
0
0
0
0
0
0
0
0
0
0
0
0
0
0
0
0
0
0
0
0
0
0
0
0
0
0
0
0
0
0
0
0
0.8073549220576041
0
0
0
0
0
0
0
0
0
0
0
0
0
0
0
0
0.10398083413177742
0
0
0
2.4854268271702415
0
0
0
0
0
0
0
0
0
0
0
0
0
0
0
0
0
0
1.1351718640023654
0
0
0
0
0
1.5594274086140185
0
0
0
0
0
0
0
0
0
0
0
0
0
0
0
0
0
0
0
0
0
0
0
0
1.4854268271702418
0
0.7621803347110125
0
0
0
0
1.4854268271702418
0
0
0
0
0
0
0
0
0
0
0
0
0
0
0
0
0
0
0
0
0
0
0
0
0
0
1.9004643264490857
3.222392421336448
0
0
0
0
0
0
0
0
0
0
0
0
0
0
0
0
3.807354922057604
0
0
0
0
0
3.0
0
0
1.2837929660005913
0
0
0
0
0
0
0.8073549220576041
1.4854268271702418
0
0
0
0.3379377109282766
0
0
0
0
0
0
0
0
0
0
0
0
0
0
0
0
0
0
0
0
0
0
0
0
3.0
0
0
0
0
0
0
1.8073549220576042
0
0
0
0
0
0
0
0.9465054771837882
0
0
2.6374299206152916
0
0
0
0
0
0
0
0
0
0
0
0
0
0
0
0
0
0
0
2.0
0
0
0
0
0
0
0
0.48542682717024166
0
0
3.0
0
0
0
0
0
0
0
0
0
0
0
0
0
0
0
0
0
0
0
0
0
0
0
0
0
0
0
0
0
0
0
0
0
0
0
0
0
0
0
0
0
0
0
0
0
0
2.444784842672896
0
0
0
0
0
0
1.9004643264490857
0
0
0
0
0
0
0
0
0
0
0
0
0
0.38529015588479165
0
4.444784842672896
0
0
0
0
0
0
2.104934839788271
1.4854268271702418
0
0
0
0
2.6374299206152916
0
0
0
0
0
0
0
0
0
0
0
0
0
0
0
0
0
0
3.0
0
0
0
0
0
0
0
0
0
0
0
0
0
0
0
0
0
0
0
0.3155018257279294
0
0
0
0
0
0
0
0
0
0.13492958008610864
0
0
1.222392421336448
0
0
0
0
0
0
0
0
0
0
0
0
0
0
0
0
0
0
0
0
1.577509128639647
0
0
0
0
0
0
0
0
0
0
0
0
0
0
0
0
0
0
0
0
0
0
0
0
0
0
0
0
0
0
0
0
0
0
0
0
0
0
0
0
0
0
0
1.8073549220576042
0
0
2.326997464565759
0
0
0
0
0
0
0.48542682717024166
0
0
0.8073549220576041
0
0
0
0
0
0
0
0
0
0
0
0.32074561174953564
0.22239242133644802
0
0
0
0.0
0
0
0
0
0
0
0
1.7198920808072646
0.12997604266472176
0
0
0.10493483978827096
0
0
0
0.6310036514558588
0
1.3485155455967708
0
0
0
0.16349873228287956
0
0.9622368352486069
0
0
0
0
0
0.5055321407599334
0
0
0
0
0
0
0
0
0
0
0
0.0
0
0
0
0
0
0.07943446749440491
0
2.4854268271702415
0
0
0
0
0
0
0
0
0
1.4397841616145293
0
0
0
0
0
0
0
0
0.22239242133644802
0
0
0
0
0
0
0
0
0
0
0
0.07798562559883307
0
0
0
0
0
0
0
0
0
1.577509128639647
0.4047887402583259
0
0
0
0
0
0
0
0
0
0
0
0
0
0
0
0
0
0
0
0
0
0
0
0
0
0
0
0
0
0
0
0
0
0
4.456280481510725
0
0
0
0
0
0
0
0
0
0
0
0
0
0
0
0
0
0
2.2703437280047307
0
0
0
6.970853654340483
0
0
0
0
0
0
0
0
0
0
0
0
0
0
0
0
0
0
0
0
0
0
0
0
0
0
0
0
0
0
0
0
3.222392421336448
0
0
0
0
0
1.4854268271702418
0
0
0
0
0
0
0
5.807354922057604
0
0
0
0
0
0
0
0
0
0
0
0
0
0
1.3479233034203069
0
4.695846606840614
1.9865507620041394
0
0
0
0
0
0
0
0
0
0
0
0
0
0
0
0
0
0
0
0
0
0
0
0
0
0
0
0
0
0
2.104934839788271
0
0
0
0
0
0.07798562559883307
0
0
0
0
0
0
0
0
0
4.222392421336448
0
0
0
0
0
0
0
0
0
0
0
1.155870467654375
0
0
0
0
0
0
0
0
0
0
0
0
0
3.807354922057604
0
0
0
0
0
0
0
0
0
0
0
0
0
0
0
0
0
0
0
0
0
0
0
0
0
0
0
0
0
0.9445070606027605
0
0
0
0
0
0
0
0
1.5594274086140185
0
0
0
0
0
0
0
0
0
0
1.1634987322828796
0
0
4.222392421336448
0
0
0
0
0
0
0
0
0
0
0
0
0
0
0
0
0
0
0
1.1069152039165118
0
0
0
0
0
0
0
0
0
0
0
0
0
0
0.8531586116707288
0
0
0
0
0
0
0
0
0
0
0
0
4.222392421336448
0
0
0
0
0
0
0
0
0
0
0
0
0
0
0
0
0
0
0
0
0
0
0
0
0
0
0
0
1.7198920808072646
0
0
0
0
0
0
0
0
0
0
0
0
0
0
0
0
0
0
0
0
4.807354922057604
0
0
0
0
4.222392421336448
0
0
3.4126344466829153
0
0
0
0
0
0
0
0
0
0
0
0
0
0
0
0
0
0
0
0
0
0
0
0
0
2.905262494951906
0
5.402785958694514
0
1.4150374992788437
0
0
0
1.0691520391651188
0
0
0
0
0
0
0
0
11.614709844115207
0
0
0
1.4854268271702418
0
0
0
0.48542682717024166
0
0.3148045193648129
0
0
0
0
0
0
0
0
0
0
0
0
0
0
0
0
0
0
0.9708536543404833
0
0
0
0
0
0
0
0
0
0
0
0
0
0
0
0
0
0.28379296600059134
0
0
0
0
0
0
0
0
0
0
1.222392421336448
0
0
0
0
0
0
0
2.104934839788271
0
0
0
0
0
0
0
0
0.8531586116707288
0
0
0
0
0
0
0.13492958008610864
0
0
0
0
0
0
0.23830340248321474
0
0
0
0
0.6539949291315182
0
0
0
0
0
1.5594274086140185
0.4498029174395205
0
0
0.6374299206152918
0
0.0
0
0
0
0
3.4854268271702415
0
0
3.2748598412305836
0
1.0439054063907116
0
0
0
0
0
0
0
2.347923303420307
0
0
0
0.0
0
0
0
0
0
0
2.609763515976779
5.807354922057604
0
0
0
0
0
0
0
0
0
0
0
0.0
0
0
0
1.6374299206152918
1.4854268271702418
0
0
0
0
0
0.4498029174395205
2.6374299206152916
0
0
0
0
2.326997464565759
0
1.0437699102609204
0
0
1.799211669758082
0
0
1.2451124978365313
0
0.4047887402583259
0
0
0
0
0
1.1634987322828796
0
1.222392421336448
0
0
2.905262494951906
0
0
0
0
0
0
0
0
0
0
0
0
0
0
0
0
0
0
0
0
0
0.5397183203444346
0
0
4.807354922057604
0
0
0
0
0
0
0
1.5594274086140185
0
0
0
0
0
0.18196645973061049
0
0
0
0
0
0
0
0
1.3079898582630365
5.159676242421794
0
0
0
0
0
2.6958466068406137
0
0
0
21.688259064691252
0
