0
0
0
0
0
0
0
0
0
4.222392421336448
0
0
0
0
0
0
0
0
0
0
0
0
0
0
0
0
0
0
0
0
0
0
0
0
0
0
0
0
0
0
0
0
0
0
0
0
0
0
0
0
0
0
0
0
0
0
0
0
0
0
0
0
0
0
0
0
4.807354922057604
0
0
0
0
0
0
0
1.7198920808072646
0
0
0
0
0
0
0
0
0
5.807354922057604
0
2.5675859320011827
0
0
0
0
0
0
0
0
0
0
0
0
0
0
0
0
0
0
0
0
0
0
0
0
0
4.222392421336448
0
0
0
0
0
0
0
0
0
0
1.7198920808072646
0
0
0
0
0
0
0
0
0
0
0
0
7.912289761845875
0
0
0
0
0
0
0
0
0
0
0
0
0
0
0
0
0
0
0
0
0
0
0
0
0
0
0
0
0
0
0
0
0
0
0
0
0
0
0
0
0
0
0
0
0
0
0
0
0
2.6374299206152916
0
0
0
0
0
0
0
0
0
0
0
0
0
0
0
0
2.106915203916512
0
0
0
0
0
0
0
0
0
0
0
0
0
0
0
0
0
0
0
1.1069152039165118
0
0
0
0
0
0
0
0
0
0
0
0
0
0
0
0
0
0
0
2.222392421336448
2.807354922057604
0
3.807354922057604
0
0
0
0
0
0
0
0
0
0
3.222392421336448
0
0
0
0
0
0
0
0
0
0
0
1.8073549220576042
0
0
0
0
3.222392421336448
0
0
0
0
0
0
0
1.2837929660005913
0
0
2.4854268271702415
0
0
0
0
0
0
0
0
0
0
0
0
0
0
0
0
0
0
0
0
0
0
2.106915203916512
0
0
0
0
0
0
0
0
0
4.807354922057604
0
0
0
4.222392421336448
0
0
0
0
0
0
2.4854268271702415
0
0
0
0
0
0
0
0
0
0
0
0
0
0
0
0
0
0
0
0
0
0
0
0
0
0
0
0
0
0
0
0
0
0
0
0
0
0
0
0
0
0
0
0
0.07943446749440491
0
0
0
0
0
0
0
0
0
0
0
0
0
0
0
0
0
0
0
0
0.7198920808072646
0
0
0
0
0
0
0
0
0
0
0
0
0
0
0
0
0
0
0
0
0
0
0
0
0
0
1.2748598412305836
0
0
0
0
0
0
0
0
0
0
0
0
0
0
0
0
0
0
0
0
0
3.807354922057604
0
0
0
0
3.3979877901916917
0
0
0
0
0
0
0
0
0
0
0
0
0
0
0
0
2.807354922057604
0
0
0
0
0
0
0
0
0
0
0
0
0
0
0
0
0
0
0
0
0
0
0
0
0
0
3.4854268271702415
0.8073549220576041
0
0.16349873228287956
0
0
0
0.7149102074496443
0
0
0
0
0
0
0
0
0
0
0
2.444784842672896
0
0
0
0
5.807354922057604
4.807354922057604
0
0
0
0
0
0
0
0
2.0
0
0
0
0
0
0
0
0
0
2.222392421336448
0
0
0
0
0
0
0
0
0
1.4150374992788437
0
3.807354922057604
0
0
0
0
0
0
0
0.10398083413177742
0
0
0
0
0
0
0.8531586116707288
0
0
0
0
1.8009286528981712
0.0
0
0.3379377109282766
0
0
0
0
0
0
0
0
0
0.07798562559883307
0
0
0
0
0
0
0
0
0
0
0
0
0
0
0
0
0
0
0
0
2.0
0
0
0
0.3155018257279294
0
0
0
0
0
0
0
0
0
0
0
0
0
0
0
0
0
0
0
0
0.4498029174395205
0
0
0
0
0.7629608026991507
0
0
0
0
0
0
0
0
0
0
0
0
0
0
0
4.222392421336448
0
0
0
0
0
0
0
0
0
0
0
0
0.6780719051126377
0
0
0
0
0
0
0
0
0
0
0
0
0
0
0
0
0
0
0
0
0
0
0
0
0
0
0
0
0.7198920808072646
0
0
3.0
0
0
0
0
0
0
0
0
0
0
0
0
0
0
0
0
0
0
0
0
0
0
0
0
0
0
0
0
0
0
0
0
0
0
0
0
0
0
0
0
0
0
0
0
0
0
0
0
0
0
0
0
0
0
0
0
0
0
0
0
0
0
0
0
0
0
0
0
0
0
0
0
0
3.4854268271702415
0
0
0
0
0
0
0
0
0
0
0
0
0
0
0
0
0
0
0
0
0
0
0
0
0
0
0.9445070606027605
0
0
0
0
1.3479233034203069
0
0
0
0
0
0
0
0
0
0
0
0
0
2.222392421336448
0
1.4854268271702418
6.970853654340483
0
0
0
1.5594274086140185
0
0
0
0
0
0
0
0
0
0
0
0
0
0
0
0
0
0
0
0
0
0
0
0
0
0
0
0
0
0
0
3.222392421336448
0
0
0
0
0
1.456280481510725
0
0
3.222392421336448
0
0
0
0
0.2623370994706774
0.3269974645657591
0
0
0.8073549220576041
1.222392421336448
0
2.4854268271702415
0
0
0
0
0
0
0
0
0
1.2837929660005913
0
0
0
0
0
0
0
0
0
0
0
0
0
0
0
0
0
0
0
0
0
0
0
0
0
0
0
0
0
0
0
0
0
0
0
0
0
0
0
0
0
0
0
0
0
0
3.2294196882304163
1.4150374992788437
0.8531586116707288
0
0
1.118854817228037
0.6780719051126377
0
0
0
0
0
0
0
0
0
0
0
0
0
0
0
0
0
0
0
0
0
0
0
0
0
0
0
0
0
0
0
0
0
0
0
0
0
0
0
0
0
0
0
0
0
0
0
0
0
0
0
0
0
0
0
0
0
0
0
0
0
0
0
0
0
0
0
0
0
0
0
0
0
0
2.4902249956730627
0
0
0
0
0
0
0
0
0
0
0
0
0
0
0
0
0
0
0
0
0
0
0
0
0
0
0
0
0
0
0
4.222392421336448
0
0
0
0
0
0
0
0
0
0
0
0
0
0
0
0
0
0
0
0
0
0
0
0
0
0.7582982111399
0
0
0
0
0
0
4.695846606840614
0
0
0
0
0
0
0
0
0
0
0
0
0
0
0
0
0
0
0
0
0
0
0
0.7198920808072646
0
0
0
0
0
0
0
0
0
0
5.614709844115208
0
0
0
0
0
0
0
0.851378898001774
0
0
0
0
0
0.0
0
0
0
0.0
0
1.4397841616145293
0
0
0
0
0.9493739269300321
1.0524674198941355
0
0
0
0
1.1432705020665188
0
0
0
0
0
0
0
0
0
0
4.222392421336448
0
0
0
0
0
0
0
0
0
0
0
0
0
0
0
1.6374299206152918
0
0
0.7198920808072646
0
0
0
0
0
0
0
0
0
14.748406427415585
0
0
0
2.807354922057604
0
0
0
0
0
0
0
0
0
0
0
0
0
2.106915203916512
0
0
0
0
0
0
0
0
0
0
0
0
0
0
0
0
0
0
0
0
0
0
0
0
0
0
1.2451124978365313
0
0
0
0
0
0
0
0
0
0
0
0
0
0
0
0
0
0
0.22239242133644802
0
0
0
0
0
0
0
0
0
2.106915203916512
2.347923303420307
0
0
0
0
0
0
0
0
0
0
0
0
0
3.222392421336448
0
0
0
0
0
0
0
0
0
0
0
0
0
0
1.3479233034203069
0
0
1.2620073029117176
0
1.118854817228037
0
0
0
0.3155018257279294
0
0
0
0
0
0
0
0
0
0
0
0
0
0
0
0
0
0
0
0
0
0
0
0
0.9465054771837882
0
0
0
0.5055321407599334
0
0
0
0
0
0
0
0
0
0
0
0
0
0
0
0
0
0
0
0
0
2.347923303420307
0
0
0
0
0
0
0
0
0
0.4766068049664295
0
0
0
0
0
0
0
0
0
0
0
0
0
0
0
0
0
0
0
0
0
0
0
0
0
0
0
0
0
0
0
0
0
0
0
0
0
0
0
0
0
0
0
0
0
0
0
0
0
0
0
0
0
0
0
0
0
0
0
0
0.3269974645657591
0
0
0
0
0
0
0
0
0
0
3.4854268271702415
0
0
0
0
0
0
0
0.6780719051126377
0
0
0
0
0
0
0.22239242133644802
0
0
2.549719682461167
0
0
0
0
0
0
0
0
0
3.807354922057604
0
0
0
0
0
0
0
2.222392421336448
0
0
0
0
0
0
0
0
0
0
0
0
0
0
0
0
0
0
0
0
0
0
0
0
0
0
0
0
0
0
0
0
0
0
0
0
0
0
0
0
0
0
0
0
0
0
0
0
0
0
0
0
0
0
0.5594274086140185
1.1069152039165118
0
0
0
0
0
0
0
0
0
0
0
0
0
0
0
0
0
4.807354922057604
0
0
0
0
0
0
0
0
0
0.8073549220576041
2.807354922057604
0
0
0
0
0
0
0
0
0
0
0
5.807354922057604
0
0
0
0
0
0
0
0
0
0
0
0
0
0
0
0
0
0
0
0
0
0
0
0
0
0
0
0
0
0
0
0
0
0
0
0
0
1.0524674198941355
0
0
0
0
2.0
0
0
0
0
2.5594758350121865
0
1.0
0
0
0
0.3479233034203068
0
0
0
0
0
0
0
2.222392421336448
0.3899281279941653
0
0
0
0
0
0
0
0
1.0
0
0
0
0
0
0
0
0
0
0
0
0
0
0
0
0.8531586116707288
0
0
0
0
0
0
0
0
0
0
0
0.41503749927884376
0
0
1.7063172233414576
0
0
0
1.4150374992788437
0
0
0
0
0
0
0
0
0
0
0
0
0
0
0
0
0
0
0
0
0
0
0
0
0
0
0
0
0
0
0
0
0
2.807354922057604
0
0
0
1.3561438102252754
0
0
0
0
0
0
0
0
0
4.222392421336448
0
1.6147098441152081
0
3.4854268271702415
0
0
0
0
0
0
0
0
0
0
0
0
0
0
0
0
0
0
0
0
0
5.807354922057604
0
0.4047887402583259
0
0
0
0
0
0
0
0
0
0
1.0110642815198667
0
0
0
0
0
1.3479233034203069
0
2.106915203916512
0
0
0
0
1.3479233034203069
0
0
0
0
0
0
0
0
0
0
0
0
0
0
0
0
0
0
0
0
0
0
0
0
0
0
0
0
0
0
0
0
0
0
0
0
0
0
0
0
0
2.422064766172812
0
0
0
0
0
0
0
0
0
1.2837929660005913
0
0
0
0
0
0
0
0
0
0
0
0
0
0
0
0
0
0
0
0
0
0
0
0
0
0
1.0
0
0
0
0
0
0
0
0
0
0
0
0
0
0
0
0
0
0
0
0
0
0
0
1.2748598412305836
0
0
0
0
0
0
0
0
0
0
0
0
6.667177264009345
0
0
0
2.347923303420307
0
0
0
0
0
0
0
0
0
0
0
0
0
0
0
0
0
0
0
0
0
8.444784842672895
0
0
0
0
0
0
0
0
0
0
0
0
0
0
0
0
0
0
0
0
0
0
0
0
0
0
0
0
0
0
0
0
0
0
0
0
0
0
0
0
0
0
0
0
0
0
0
0.8531586116707288
0
0
0
0
0
0
0
0
0
0
0
0
0
0
0
0
0
0
0
0
0
0
0
0
0
0
0
4.222392421336448
0
0
0
0
0
0
0
0
0
0
0
0.5979015564286544
0
0
0
0
0
0
0
0
0
0
0
0
0
0
0
0
0
0
0
0
0
0
0
0
0
0
0
0
0
0
0
0
0
0
0
0
0
0
0
0
0
0
0
0
0
0
0
0
0
0
0
0
0
0
0
0
0
0
0
0
0
0
0
0
0
0
0
0
0
0
0
0
0
0
0
0
0
1.0437699102609204
0
0
0
0
0
0
0
0
0
1.1069152039165118
0
0
0
0
0
4.807354922057604
0
1.793704669285963
0
0
0
0
0
0
0
0
0
0
0
0
0
0
0
0
0.22239242133644802
0
0
3.222392421336448
0
0
0
2.6374299206152916
0
0
0
0
0
0
2.104934839788271
2.347923303420307
0
0
0
0
0
0
2.6374299206152916
0
0
0
0
0
0
0
0
0.9004643264490856
0
0
0
0
0
0
0
0
0
0
0
0
0
0
0
0
0
0
0
0
0
0
1.8073549220576042
0
3.807354922057604
0
0
0
0
0
1.0
0
0
0
0
0
0
0.9708536543404833
0
0
0
0
2.104934839788271
0
0
0
0
0.8073549220576041
0
0
0
0
0
0
0
0
0
0
0
0
0
0
0
0
0
0
0
0
0
0
0
0
1.6374299206152918
0
0
3.1574022596824065
0
0
0
0
0
0
0
0
1.1069152039165118
0
0
0
0
0
4.807354922057604
0
0
0
0
0
0
0
0
0
0
0
0
0
0
0
0
0
0
0
0
0
0
0
0
0
0
0
0
0
0
0
0
0
0
0
0
0
0
0
0
0
0
0
0
0
0
0
0.8895696853457921
0
0
0
0
0
0
1.6374299206152918
0
0
0
0
0
0.4498029174395205
0
0
0
0.7629608026991507
0
0
0
0
0
0
0
0
0
0
0
0
0
0
0
0
5.807354922057604
0
0
0
0
0
0
0
0
0
0
0
0
0
0
0
0
0
0
0
0
0
2.222392421336448
0
0
0
0
0
0
0
0
0
0
0
0
0
0
0
0
0
0
0
0
0
0
0
0
0
0
0
0
0
0
0
0
1.0524674198941355
0
0
0
0
0
3.4854268271702415
0
0
0
0
0
0
0
0.28379296600059134
0
0
2.347923303420307
0
0
1.0110642815198667
0
0
0
0.2599520853294435
0
0
0
0
0
0
0
0
0
0
0
0
0
0
2.807354922057604
0
0
0
0
0
0
0
0
0
0
0
0
0
0
0
0
0
0
0
0
0
0
0
0
0
0
0
0
0
0
0
0
0
0
0
0
0
0
0
0
0
1.9004643264490857
0
0
0
0
0
0
0
0
0
0
0
0
0
0
0
0
0
0
0
0
0
0
0
0
0
0
0
0
0
0
0
0
0
0
0
0
0
0
0
0
0
0
0
0
0
0
0
0
0
0
0
0
0
0
0
0
0
0
0
0
1.8987478538600642
0
0
0
0
0.48542682717024166
0
0
0
0
0
0
0
0
0
0
0
0
0
0
0
0
0
0
0
0
0
0
1.1069152039165118
0
0
0
0
0
0
0
0
0
0
0
0
0
0
0
0
0
0
0
0
0
0
0
0
0.4498029174395205
0
0
0
0
0
0
0
0
2.347923303420307
0
0
0
0
0
0
0
0
0
0
0
0
0
0
0
0
0
0
0
0
2.91256096302145
0
0
0
0
0
0
0
0
0
0
0
0
0
0
0
0
0
0
0
0
0
0
3.4854268271702415
0
0
0
0
4.222392421336448
0
0
0.32074561174953564
0
3.0
0
0
0
0
0
0
0
1.6374299206152918
0
0
0
1.0524674198941355
0
1.5594274086140185
0.8531586116707288
0
0
0
0
0
5.807354922057604
0
0
0
0
0
0
0
0
0
0
0
0
0
0
0
0
0
0
0
0
0
0
0
0
0
0
0
0
0
0
4.807354922057604
0
0
0
0
3.0
0
0
0
0
0
0
0
0
0.9004643264490856
0
0
0
0
2.347923303420307
1.11196210668224
0
0
0
0
0
0
0
0
0
0
0
0
0
0
0
0
0
0
0
0
0
0
0
0
0
0
0
0
0
0
0
0
0
0
0
0
0
0
0
0
0
0
0
0
0
0
0
0
0
0
0
0
0
0
0
0
0
0
0
0
0
0
0
0.0
0
0
0
0
0
0
0
0
0
0
0
0
0
0
0
0
0
0
0
0
0
0
0
0
0
0
0
0
0
1.8073549220576042
0
0
0
0
0
0
0
0
0
2.0
0
0
0
0
0
0
0
0
0
0
0
0.23830340248321474
0.8531586116707288
0
0
0
0
3.0
0
0
2.5675859320011827
0
0
0
0
0
0
0
0
0
0
0
0
0
0
1.118854817228037
0
0
0.5594274086140185
2.144730622348933
0
0
0
0
0
0
0
0
0.5594274086140185
0
0
0
0
0
0
0
0.7629608026991507
0
0
0
0
0
0
0.15597125119766614
0
0
0
0
0
0
0
0
0
0
0
0
0
0
0
0
0
0
0
0
0
0
0
0
0
0
0
0
0
0
0
0
0.10493483978827096
0
0.6374299206152918
0
0
0
0
0
0
0
0
0
0
0
0
0
0
0
0
0
0
0
0
0
4.695846606840614
3.222392421336448
6.0
0
0
0
0
0
0
0
0
0
0
0
0
0
0
0
0
0
0
0
0
0
0
0
0
0
0
0
0
0
0
0
0
0
0
0
0
0
0
0
0
0
0
0
0
0
1.4854268271702418
0
0
0
0
0
1.222392421336448
0
0
0
0
0
0
0
0
0
0
0
0
0
0
0
0
0
0
0
0
0
0
0
0
0
0
0
0
0
0
2.6374299206152916
0
0
0
0
0
0
0
0
0
0
0
0
0
0
0
0
0
0
0
0
0
0
0
0
0
0.8531586116707288
0
0
0
0
0
0
0
0
0
0
0
0
0
0
0
0
0
0
0
0
0
0
0
0
0
0
0
0
0
0
0
0
0
0
0
0
0
0.10691520391651188
0
0
0
0
0
0
0
0
0
0
0
0
0
0
0
0
0
0
0
0
0
0
0
0
0
0
0
0
0
0
0
0
0
0.855321631332095
2.347923303420307
0
0
0
0
0
0
0
3.2748598412305836
0
0
3.807354922057604
0
1.2748598412305836
0
0
0
0
0
0
0
2.034215715337913
0
0
0
0
0
0
1.8073549220576042
1.9004643264490857
0
0
0
0
0
0
0
0
0
0
0
0
0
0
0
0
0
0
5.807354922057604
0
0
0
0
0
0
0
0
0
0
0
0
2.034215715337913
0
0
0
0.3479233034203068
0
0
0
0
0
0
0
0
0
0
0
0
0
0
0
0
0
0
0
0
0
0
0
0
0
0
0
0
0.0
2.106915203916512
0
0
0
0
0
0
0
0
0
0
0.5345760195825594
0
0
0
0
0
0
0
0
3.187149603076459
0
0
0
0
4.185310895000581
0
0
0.6780719051126377
0
0
0
0
0
0
2.326997464565759
0
0
0
0
0
1.2451124978365313
0
0
0
0
0
0
0
0
0
0
0
0
0
0
0
0
0
0
0
2.807354922057604
0
0
0
0
0
0
0
0
0
0
0
0
0
0
4.807354922057604
0
0
0
0
0
0
0
0
0
2.0
2.4854268271702415
0.7198920808072646
0.41503749927884376
0
1.1069152039165118
0
0
0
0
0
0
0
0
0
0
0
0
0
0
0
0
0
0
0
0
0
0
0
0
0
0
0
0
0
0
0
0
0
0
0
0
0
0
2.222392421336448
0
0
0
0
0
0
0
0
0
0
0
0
0
0
1.3561438102252754
0
0
0
0
0
0
0
0
0
0
0
0
0
0
0
0
0
0
0.9493739269300321
0
0
0
0
0
0
0
0
0
0
0
0
0
0
0
0
0
0
0
0
0
0
1.1351718640023654
0
0
0
0
0
0
0
0
0
0
0
0
0
0
0
0
0
0
0
0.49049619684863865
0
0
0
0
0
0
0
0
0
0
0
0
0
0
0
0
0
0
0
0
2.6374299206152916
0
0
0
0
0
0
0
0
0
0
0
0
0
0
0
0
0
0
0
0
0
0
0
0
0
0
0.6374299206152918
0
0
0
2.4854268271702415
0
0
0
0
0
0
0.0
0
0
0
0
0
0
0
0
0
0
0
0
0
0
0
0
0
0
0
0
0
0
0
0
0
0
0
0
0
0
0
0
0
0
1.7540845411194124
0
0
0
1.3479233034203069
0
0
4.222392421336448
5.807354922057604
0
0
0
0
0
0
0
0
0
0
0
0
0
0
0
0
0
0
0
0
0
0
0
0
0
0
0
0
0
0
0
0
0
0.05199041706588871
0
0.48542682717024166
0
0
0
0
0
0
0
0
0
0
0
0
0.3155018257279294
0
0
0
0
0
0
0
0
0
0
0
0
0
0
0
0
0
2.347923303420307
3.807354922057604
0
0
0
0
0
0
0
0
0
0
0
0
0
0
1.2837929660005913
0
0
0
0
0
0
0
3.222392421336448
0
0
0
2.222392421336448
0
0
0
0
0
0
0
0
0
0
0
0
0
0
0
0
0
0
0
0
0.19264507794239583
0
0
0
0
0
0
0
0
0
0
0
0
0
0
0
0
0
0
0
0.2527660703799667
0
0
0
0
0
0
0
0
0
0
0
0
3.851378898001774
0
0
1.3479233034203069
2.6374299206152916
0
0
0
0
0
1.6374299206152918
0
0
1.8073549220576042
6.549719682461167
3.118854817228037
0
0
0
0.5979015564286544
0
0
0
0
0
0
0
0
0
0
0
0
0
0
0
0
0
0.22239242133644802
0
0
0
0
0
0
0
0
0
0
0
0
0
0
0
0
2.6374299206152916
0
0
0
0
0
0.38529015588479165
0
0
0
0
2.347923303420307
0
0
0
0
0.15740225968240645
0
0
0
0
0
0
0
3.222392421336448
0
0
0
0
0
0
0
0
0
0
0
0
0
0
0
0
0
0
3.1574022596824065
0
0
0
0
0
3.0
3.2748598412305836
0
0
0
0
0
0
0
0
0
0
1.7198920808072646
0
0
0
0.5675859320011827
0
0
0
0
0
0
0
0
0
1.0
0
0
0
4.807354922057604
0
0
0
1.5658581095860673
0
0
0
0
1.6147098441152081
0
0
0
0
0
0
0
0
0
0.9493739269300321
0
0
0
2.0
0
0
0
0
0
0
0
0
0
0
0
0
0
0
0
0
0
0
0
0
0
0
0
0
0
0
0
0
0
0
0
0
0
0
0
0
0.7629608026991507
0
0
0.41973935915308386
0
2.5594758350121865
0
0
0
1.2837929660005913
0
0
0
0
0
0
0
0
0
0
0
0
0
0
0
0
0
1.7063172233414576
0.2698591601722173
0
0
0
0
0
0
0
0
0
3.4854268271702415
0
0
0
0
0
0
0
0
0
0
0
0
0
0
0
0.5219527031953558
0
0
0
0
0
0
0
0
0
0
0
0
0
0
0
0
0
0
0
0
0
0.2527660703799667
0
0.3155018257279294
0
2.6374299206152916
0
0
0
0
0
0
0
0
0
0
0
0
0
0
0
2.0
0
0
0
0
1.0
0
0
0
0.5979015564286544
0
0
0
0
0
0
0
0
0
0
0
0
0
0
0
0
0
0
0
0
0
0
0
0
3.6671772640093443
0
0
0
2.106915203916512
0
0
0
0.5979015564286544
0
0
0
0
0
0
0
0
0
0
0
0.48542682717024166
0
0
0
0
0.8095774805166518
0
0
0
0
0
0
0
0
0
0
0
0
0
0
0
0
0
0
0
0
0
0
0
0
0
4.807354922057604
0
0
0
0
0
1.5594274086140185
0
0
0
0
0
0
0
0
0
0
0
0
0
0
0
1.9004643264490857
0
0
0
1.660149997115375
0
0
0
0
0
0
0
0
0
0
0
0
0
0.15740225968240645
0
0
0
4.222392421336448
0
0
0.3155018257279294
5.807354922057604
0
0
0
0
0
0
0
0
0
0
0
1.4150374992788437
0
3.6147098441152083
0
0
0
0
0
0
0
0
0
0
0
0
0
0
0
0
0
0
0
0.4498029174395205
0.07798562559883307
0
0
0
0
1.4397841616145293
0
0
0
0
0
0
0
0
0
0.32074561174953564
1.0439054063907116
0
0
0
0
0
0
0
0
0
0
0
0
0
0
0
0
0
2.8795683232290585
0
0
0
0
0
0
0
0
0
0
0
0
0
0
0
0
0
0
0
0
0
0
0
0
0
0
0
0
0
0
0.6671772640093441
0
0
0
0
0
0
0
0
0
0
0
0
0
0
0
0
0
0
0
0
0
0
0
0
0
0
0
0
0
0
0
0
0
0
0
0
0
0
0
0
0
0
0
0
0
0
0
0
0
9.905262494951906
0
0.0
0
0
0
0
0
0
0
0
0.4498029174395205
0
0.4047887402583259
0
0
0
0
0
0
0
0
0
0
0
0
0
0
0
0
0
0
0.5979015564286544
0
0
0
0
0
0
0
0
0
0
0
0
0
0
0
0
0
0
0
0
0
0
0
0
0
0
0
0
0
0
0
0
1.5594274086140185
0
0
0
1.118854817228037
1.0524674198941355
0
0
0
3.2748598412305836
0
0
0
0
0
0
0
0
0
0
2.106915203916512
0
0
0
0
0
0
1.1069152039165118
0
0
0
0
0
0
0
0
0.0
0
0
0
0
0
0
0
0
0
0.15886893498880983
0
0
0
1.9122897618458754
0
0
0
0
0
0
0
0
0
0.9493739269300321
0
0
0
0
0
0
0
0
0
0
0
0
0
0
0
0
0.07943446749440491
5.807354922057604
0
0.8531586116707288
0
0
0.7629608026991507
0
0
0
0
0
0
0
0.4047887402583259
0
0
0
0
0
0.0
0
0
0
0
0.10493483978827096
0
0
0
0
0
0
0
0
0
0
0
0
0
0
0
0
0
0
0
0
0
0
0
0
0.19264507794239583
0
0
0
0
0
0
0
0
0
0
0
0
0
0
0
0
0
0
0
0
0
0
0
0
0
0
0
0
0
0
0
0
0
0
0
0
0
0
0
0
3.807354922057604
0
0
0
0
0
0
0
0
0
0
0
0
0
0
0
0
0
0
0
0
0
0
0
0
0
0
0
0
0
0
0
0
0
0
0.38109016735550627
0
0
0
0
0
0
0
1.7198920808072646
0
0
0
0
0
0
0
0
0
0
0
0
0
0
0
0
0
0
0
0
0
1.2837929660005913
0
0
0
0
0
0
0
0
0
2.0
0
0
0
0
0
0
0
0
0
0
0
0
0
0
0
0
1.8073549220576042
0
0
0
0.0
0
0
0
1.4397841616145293
0
0
0
0
0
0
0
0
0
0
0
0
0
0
0
0
0
0
0
0
0
0
2.104934839788271
0
0
0
0
0
0
0
0
0
0
0
0
0
0
3.4854268271702415
0
0
5.807354922057604
0
0
0
0
0
0
0
0
0
0
0
0
0
0
0
0
0
0
0
0
0
0
0
0
1.8009286528981712
0
0
0
0
0
0.8895696853457921
0
0
0
0
0
0
0
0
0
0
0
0
0
3.0
0
0
0
0
0
0
0
0
0
0
0
0
0
0
0
0
0
0
0
0
0
0
0
1.222392421336448
0
0
0.6958466068406136
0
0
4.807354922057604
0.48542682717024166
0
0
0
0
0
2.0
0
0
0
0
0
0
0
0
0
0
0
0
0
0
0
0
0
0
0
0
0
0
0
0
0
0
0
0
0
0
0
1.2748598412305836
0
3.222392421336448
0
0
0
0
0
0
0
0
0
0
0
0
0
0
0
0
0
0
0
0
0
0
0
0
0
0
0
0
0
0
0
0
0
0
0
0
0
0
0
0
0
0
0
0
0
0
0
0
4.213830407833024
0.21383040783302376
0
0
0
0
0
0
2.6374299206152916
0
0
0
0
0
0
0
0
0
0
0
0
0
3.0
0
0
0
0
0
0
0
0
0
0
0
0
0
0
0
0
0
0
0
0
0
5.807354922057604
0
0
0
0
0
0
0
0
0
0
0
0
0
0
0
0
2.8300749985576874
2.222392421336448
0
0
0
0
0
0
0
0
0
0
0
0
0
0
0
0
0
0
0
0
0
0
0
0
0
0
0
0
0
0
0
0
0
0
0
0
0
0
0
0
0
0
0
0
0
2.347923303420307
0
0
0
0
0
0
0
0
0
0.5219527031953558
0
0
0
0
0
0
0
0
0
0
0
0
0
0
0.8531586116707288
0
0
0
0
0
0
0
0
0
0
0
0
0
0
0
0
0
0
0
0
0
0
0
0
0
0
0
0
0
0
0
0
0
2.0
0
2.6374299206152916
0.07943446749440491
0
0
0
0
0
0
0
0
0
3.807354922057604
0
10.0
0
0
0
0
0
0
0
0
0
0
0
0
0
0
0
0
0
0
0
0.5594274086140185
3.0
0
0
0
0
0
0
0
0
6.0
3.4854268271702415
0
0
0
1.4854268271702418
0
0
0
0
0
0
0
0
0
0
0
0
0
0
4.222392421336448
0
4.222392421336448
3.4854268271702415
0
3.4854268271702415
0
0
0
0
0
0
0
0
0
0
0
0
1.4854268271702418
0.7629608026991507
0
0
0
0
0
0
0
0
0
0
0
0
0
0
0
0.899605834879041
0
0
0
0
0
0
0
0
0
0
0
0
0
0
0
0
0
0
0
0
0
0
0
0
0
0
0
0
0
0
2.106915203916512
0
0
0
0
0
0
0
0
0
1.4854268271702418
0
0
0
0
0
0
0
0
0
0
0
2.159676242421794
0
0
0
0.8531586116707288
0
0
0
0
0
0
0
0
0
0
0
0
0
0
0
0
0
0
0
0
0
0
1.0439054063907116
0
0
0
0
0
0
0
0
0
0
0
4.807354922057604
0
0
0
0
0
0
0
0
0
0
1.3479233034203069
0
0
0
0
0
0
0
0
0
0
0
1.9004643264490857
0
0
0
0
0
0
0
0
0
0.05246741989413548
0
0.6780719051126377
0
0
0
0
0
0
0
0
0
0
2.8300749985576874
0
0
0
0
0
0
0
0
0
0
0
0
0
0
0
0
0
0
0
0
0.7629608026991507
0
0
0
0
4.807354922057604
0.6780719051126377
0
0
0
0
0
1.9004643264490857
2.807354922057604
0
0
0
0
0
0
2.6374299206152916
0
0
0
0
0
0
0
0
0
2.4854268271702415
0
0
0
0
0
0
0
0
0
0
0
0
0
0
4.222392421336448
0
0
0
0
0
0
0
0
0
0
0
0
0
0
0
0
0
0
0
1.8073549220576042
0
0
0
0
0
0
0
0
0
0
0
0
0
0
0
0
0
0
0
0
0
0
0
0
0
0
0
0
0
0
0
0
0
0
0
0
0
0
0
0
0
0
0
0
0
0
0
0
0
0
0
0
1.7063172233414576
0
0
0
0
0
0
0
0
0
0
0
0
0
0.22239242133644802
0
0
0
0
0
0
0
0
0
0
0
0
2.4854268271702415
0
0
0
0
0
0
0
1.3479233034203069
0
0
0
0
0
0
0
0
0
0
0
0
0
0
0
0
0
0
0
0
0
1.6374299206152918
0
0
0
0
0
0
0
0
0
0
0
0
0
3.807354922057604
0
0
0
0
0
0
0
0
0
0
0
1.4854268271702418
0
0
0
0
1.0524674198941355
0
0
0
0
0
0
0
0
0
0
0
0.44478484267289603
0
0
0
0.8073549220576041
0
1.1958031128573088
0
0
0
0
0
0
0
0
0
0
0.9493739269300321
0
0
0
0
0
0
0
0
0
0
0
0
0
0
0
0
0
0
0.5594274086140185
0
0
0
0.5675859320011827
0
0
0
0
0
0
0
0
0
0
0
0
0
0
0
0
0
0
0.2527660703799667
0
0
0
0
0
0
0
0
0
0
0
0
0
0
0
0
0
0
0
0
0
0
0
0
0
0
0
0
0
1.0
0
0.41503749927884376
0
0
0
1.0524674198941355
0
0
0
0.3155018257279294
0
0
0
0
1.4854268271702418
0
0
0
0
0
0.5979015564286544
0
0
0
0
0
0
0
0
0
0
0
0
0
0
0
0.9004643264490856
0
0
0
0
0
0
0
0
0
0
0
0
0
0
0
0
4.222392421336448
0
0
0
0
1.1069152039165118
0
0
0.8073549220576041
0
0
0
0
0
0
0
0
0
0
0
0
0
0
0
0
0
0
0
0
0
0
0
0
0
0
0
0
0
0
0
0
0
0
0.10493483978827096
0
0
0
0
0
0
0
0
0
4.04376991026092
2.4854268271702415
0
0
0
0
0
0
0
0
0
1.3479233034203069
0
0
0
0
2.444784842672896
1.118854817228037
0
0
0
0.9493739269300321
0
0
0
0
0
0
0
0
0
0
0
0
0
0
1.9004643264490857
0
0
0
0
0
0
0
0
0
1.6374299206152918
0
0
0
0
0
0
0
1.1069152039165118
0
0
0
0
0
0
0
1.11196210668224
0
0
0
0
0
0
0
0
0
0
0
0
0
1.7198920808072646
0
0
0
0
0
0
0
0
0
0
0
0
0
0
0
0
0
0
0
0
0
0
0
0
0
0
0
0
0
0
0
0
0
0
0.8073549220576041
0
0
0
0
0
0
0
0
0
0
0
0
0
0
0
0
0.12997604266472176
0
0
0
2.4854268271702415
0
0
0
0
0
0
0
0
0
0
0
0
0
0
0
0
0
0
0.5675859320011827
0
0
0
0
0
1.5594274086140185
0
0
0
0
0
0
0
0
0
0
0
0
0
0
0
0
0
0
0
0
0
0
0
0
1.4854268271702418
0
0.7621803347110125
0
0
0
0
0
0
0
0
0
0
1.1634987322828796
0
0
0
0
0
0
0
0
0
0
0
0
0
0
0
0
0
0
0
0
1.9004643264490857
3.222392421336448
0
0
0
0
0
0
0
0
0
0
0
0
0
0
0
0
3.807354922057604
0
0
0
0
0
3.0
0
0
1.2837929660005913
0
0
0
0
0
1.6147098441152081
0.8073549220576041
1.4854268271702418
0
0
0
0.23395687679649918
0
0
0
0
0
0
0
0
0
0
0
0
0
0
0
0
0
0
0
0
0
0
0
0
0
0
0
0
0
0
0
1.8073549220576042
0
0
0
0
0
0
0
0.9465054771837882
0
0
2.6374299206152916
0
0
0
0
0
0
0
0
0
0
0
0
0
0
0
2.0
0
0
0
2.0
0
0
0
0
0
0
0
0.9708536543404833
0
0
0
0
0
0
0
0
0
0
0
0
0
0
0
0
0
0
0
0
0
0
0
0
0
0
0
0
0
0
0
0
0
0
0
0
0
0
0
0
0
0
0
1.222392421336448
0
0
0
2.4854268271702415
0
2.444784842672896
0
0
0
0
0
0
1.9004643264490857
0
0
0
0
0
0
0
0
0
0
0
0
0
0.19264507794239583
1.2837929660005913
0
0
0
0
0
0
0
1.0524674198941355
1.4854268271702418
0
0
0
0
2.6374299206152916
0
0
0
0
0
0
0
0
0
0
0
0
0
0
0
0
0
0
3.0
0
0
0
0
0
0
0
0
0
0
0
0
0
0
0
0
0
0
0
0.3155018257279294
0
0
0
0
0
0
0
0
0
0.4047887402583259
0
0
1.222392421336448
0
0
0
0
0
0
0
0
0
0
0
0
0
0
0
0
0
0
0
0
1.577509128639647
0
0
0
0
0
0
0
0
0
0
0
0
0
0
0
0
0
0
0
0
0
0
0
0
0
0
0
0
0
0
0
0
0
0
0
0
0
0
0
0
0
0
0
1.8073549220576042
0
0
2.326997464565759
0
0
0
0
0
0
0.48542682717024166
0
0
0.8073549220576041
0
0
0
0
0
0
0
0
0
2.807354922057604
0
0.32074561174953564
0.22239242133644802
0
0
0
0.0
0
0
0
0
0.48542682717024166
0
0
1.7198920808072646
0.12997604266472176
0
0
0.15740225968240645
0
0
1.7198920808072646
0.3155018257279294
0
0.7705803117695833
0
0
0
0
0
0.6414912234990713
0
0
0
0
0
0.7582982111399
0
0
0
0
0
0
0
0
0
0
0
0.0
0
0
0
0
0
0.07943446749440491
0
0
0
0
0.5979015564286544
0
0
0
0
0
0
1.4397841616145293
0
0
0
0
0
0
0
0
0.22239242133644802
0
0
0
0
0
0
0
0
0
0
0
0.12997604266472176
0
0
0
0
0
0
0
0
0
0.3155018257279294
0.4047887402583259
0
0
0
0
0
0
0
0
0
0
0
0
0
0
0
0
0
1.3479233034203069
0
0
0
0
0
0
0
0
0
0
0
0
0
0
0
0
2.9708536543404835
0
0
0
0
0
0
0
0
0
0
0
0
0
0
0
0
0
0
2.2703437280047307
0
0
0
0
0
0
0
0
0
0
0
0
0
0
0
0
0
0
0
0
0
0
2.222392421336448
0
0
0
0
0
0
0
0
0
0
0
0
0
3.222392421336448
0
0
0
0
0
1.4854268271702418
0
0
0
0
0
2.347923303420307
0
0
0
0
0
0
0
0
0
0
0
0
0
0
0
0
1.3479233034203069
0
0
1.9865507620041394
0
0
0
0
0
0
0
0
0
0
0
0
0
0
0
0
0
0
0
0
0
0
0
0
0
0
0
0
0
0
1.0524674198941355
0
0
0
0
0
0.07798562559883307
0
0
0
0
0
0
0
0
0
4.222392421336448
0
0
0
0
0
0
0
0
0
0
0
1.155870467654375
0
0
0
0
0
0
0
0
0
0
0
0
5.807354922057604
3.807354922057604
0
0
0
0
0
0
0
0
0
0
0
0
0
0
0
0
0
0
0
0
0
0
0
0
0
0
0
0
0
0.5397183203444346
0
0
0
0
0
0
0
0
1.5594274086140185
0
0
0
0
0
0
0
0
0
0
1.1634987322828796
0
0
0
0
0
0
0
0
0
0
0
0
0
0
0
0
0
0
0
0
0
0
1.1069152039165118
0
0
0
0
0
0
0
0
0
0
0
0
0
0
0.8531586116707288
0
0
0
0
0
0
0
0
0
0
0
0
0
0
0
0
0
0
0
0
0
0
0
0
0
0
0
0
0
0
0
0
0
0
0
0
0
0
0
0
0
1.7198920808072646
1.3479233034203069
0
0
0
0
0
0
0
0
0
0
1.4854268271702418
0
0
0
2.5675859320011827
0
0
0
0
0
0
0
0
0
0
0
0
1.7063172233414576
0
0
0
0
0
0
0
0
0
0
0
0
0
0
0
0
0
0
0
0
0
0
0
0
0
0.41503749927884376
0
0.9004643264490856
0
1.4150374992788437
0
0
0
0.855321631332095
0
0
0
0
0
0
0
0
0
0
0
0
1.4854268271702418
0
0
0
0.48542682717024166
0
0.15740225968240645
0
0
0
0
0
0
0
0
0
0
0
0
0
0
0
0
0
0
0.9708536543404833
0
0
0
0
0
0
0
0
0
0
0
0
0
0
0
0
0
0.28379296600059134
0
0
3.222392421336448
0
0
0
0
0
0
0
1.222392421336448
0
0
0
0
0
0
0
0
0
0
0
0
0
0
0
0
0.8531586116707288
0
0
0
0
0
0
0.2698591601722173
0
0
0
0
1.8009286528981712
0
0.31773786997761966
0
0
0
0
0.49049619684863865
0
0
0
0
0
0
0
0
0
1.9122897618458754
0
0.0
0
0
0
0
0
0
0
1.6374299206152918
0
0.5219527031953558
0
0
0
0
0
0
0
2.347923303420307
0
0
0
0.0
0
0
0
0
0
0
2.087810812781423
0
0
0
0
0
0
0
0
0
0
0
0
0.0
0
0
0
1.6374299206152918
0
0
0
0
5.807354922057604
0
0.899605834879041
0
0
0
0
0
2.326997464565759
0
1.0437699102609204
0
0
1.799211669758082
0
0
1.2451124978365313
0
0.4047887402583259
0
0
0
0
0
1.1634987322828796
0
1.222392421336448
0
0
0
0
2.106915203916512
0
0
0
0
0
0
0
0
0
0
0
0
0
0
0
0
0
0
0
0.6746479004305432
0
0
4.807354922057604
0
0
5.614709844115208
0
0
0
0
1.5594274086140185
0
0
0
1.0
0
0.18196645973061049
0
0
0
0
0
0
0
0
1.471488590545916
5.159676242421794
0
0
0
0
0
2.6958466068406137
0
0
0
16.26619429851844
0
