0
0
0
0
0
0
0
0
0
0
0
0
0
0
0
0
0
0
0
0
0
0
0
0
0
0
0
0
0
0
0
0
0
0
0
0
0
0
0
0
0
0
0
0
0
0
0
0
0
0
0
0
0
0
0
0
0
0
0
0
0
0
0
0
0
0
0
0
0
0
0
0
0
0
0.5177391056279265
0
0
0
0
0
0
1.146128035678238
0
0.6664293580707649
0
0
0
0
0
0
0
0
0
0
0
0
0
0
0
0
1.7481880270062005
0
0
0
0
0
0
0
0
0
0
0
0
0.46943442605337143
0
0
0
0.9030899869919435
0
1.7481880270062005
0
0
0
0.5177391056279265
0
0
0
0
0
0
0
0
0
0
0
0
0
0
0
0
0
0
0
0
0
0
0
0
0
0
0
0
0
0
0
0
0
0
0
0
0
0
0.7004960366683257
0
0
0
0
0
0
0
0
0
0
2.9101103298676705
0
1.271066772286538
0
0
0
0.9030899869919435
0
0
0.9030899869919435
0
0
0
0.7939455175668755
0
0
0
1.0492180226701815
0
0
1.587891035133751
0
0
0
0
0
0.9030899869919435
0
0
0
0
0
0
0
0
0
0
0
0
0
0
0
0
0
0
0
0
0
0
0
0.33321467903538243
0
0
0
0
0
0
0
0
0
0
0
0
0
0
0.2857900291072444
0
0
0
0
0.6690067809585756
0
0
0
0
0
0
0
0
0
0.7481880270062005
0
0
0
0
0
0
0
0
0
0
0
0
0
0
0
0.5440680443502757
0
0
0
0
0.9700367766225568
0
0
0
0
0
0
0
1.1593805729658226
0
0
0
0
0
0
0
0
0
0
0
0
0
0
0.5440680443502757
0
0
0
0
0
0
0
3.496376054012401
0
0
0
0
0
1.7481880270062005
0
0
0
0
0
0
0
0
0
0
0
0
0
0
0
0
0
0
0
0
0
0
1.7481880270062005
0
0
0
0.6690067809585756
1.4471580313422192
0
0
0
0
0
0
0
0
0.48607609737258883
0
0
0
0
0
0
0
1.7481880270062005
0
0
0
0
0
0
0
0
0
0
0
0
0
0
0
0
0
0
0
0
0
0
1.146128035678238
0
0
0
0
0
0
0
0
0
0
0
0
0
0.3010299956639812
0
0.21670910996394527
0
0
0
0
0.5720967679505191
0
0
0
0
0
0
0
0
0
0
0
0
0
0
0
0
0
0
0
0
0
0
0
0
0
0
0
0
0
0
0
0
0
0
0
0
0
0
0
0
0
0
0
0
0
0
0
0
1.169024285425904
0
0
0
0
0
0
0
0
0
0
0
0
0
0
0
1.0492180226701815
0.8450980400142568
0
0
0
0
0
0
0
0
0
1.4471580313422192
0
0
0
0
0
0
0
0
0
0
0
0
0
0
0
0
0
0
0
0.0984360453403633
0
0
0
0.16738510183787955
0
0.17998630293920545
0
0
1.146128035678238
0
0
0
0
0
0
0
0
0
0
0
0
0
0
0
0
0
0
0
0
0
0
0
0
0
0
0
0
0
0
0
1.3380135619171512
0
0
0
0
0
0
1.7481880270062005
0
0
0.4259687322722811
0
0
0
0
0
0
0
0
0
0.04695202507173915
0
1.7481880270062005
0
0
0
0.35024801833416286
0.2568263331719277
0
0
0
0
0.27106677228653797
0.0
0
0.0626027000956522
0
0
0
0
0.9700367766225568
0
0
0
0
0.03912668755978263
0
0
0
0
0
0
0
0
0
0
0
0
0
0
0
0
0
0
0
1.271066772286538
0.6020599913279624
0
0
0
0.1899510264617135
0
0.7067953418479753
0
0
0
0
0
0
0
0
0
0
0
0
0
0
0
0
0
0
0.13540417028646495
0
0
0
0
0.22967408712831291
0
0
0
0
0
0
0
0
0
0
0
0
0
0
0
0
0
0
0
0
0
0
0
0
0
0
0
0
0.20411998265592482
0
0
0
0
0
0
0
0
0
0
0
2.542133544573076
0
0
0
0
0
0
0
0
0
0
0
0
0
0
0
0
0
0
0
0
0
0
0
0
0.49291552190289434
0
0
0
0
1.146128035678238
0
0
0
0
0
0
0
0
0
0.8573700873217331
0
0
0
0
0
0
0
0
0
0
0
0
0
0
0
0
0
0
0
0
0
0
0
0
0
0
0
0
0
0
0
0
0
0
0
0
0
0
0
0
0
0
0
0
0
0
0
0
0
0
0
0
0
0
0
0
0
0
0
0
0
0
0
0
0
0
0
0
0
0
0
0
0
0
0
0
0
0
0
0
0.20308925454132043
0
0
0
0
0.4057653461839942
0
0
0
0
0
0
0
0
0
0
0
0
0
0.6690067809585756
0
0
4.196872090680726
0
0
0
0.46943442605337143
0
0
0
0
0
0
0
0
0
0
0
0
0
0
0
0
1.7481880270062005
0
0
0
0
0
0
0
0
0
0
0
1.271066772286538
0
0
0
0
0
0
0
0
0.43838410703471403
0
0
0
0
0
0
0
0.015794267183231882
0.04921802267018165
0
0
0.24303804868629442
0
0
1.496376054012401
0
0
0
0
0
0
0
0
0
0.38646019098860757
0
0
0
0
0
0
0
0
0
0
0
0
0
0
0
0
0
0
0
0
0
0
0
0
0
0
0.9700367766225568
0
0
0
0
0
0
0
0
0
0
0
0
0
0
0
0
0
0
0
0
0
0.2568263331719277
0
0
0.16840443038939024
0.20411998265592482
0
0
0
0
0
0
0
0
0
0
0
0
0
0
0
0
0
0
0
0
0
0
0
1.7481880270062005
0
0
0
0
0
0
0
0
0
0
0
0
0
0
0
0
0
0
0
0
0
0
0
0
0
0
0
0
0
0
0
0
0
0
0
0
0
0
0
0
0
0
0
0
0
0
0
0
0
1.4471580313422192
0.8745711562580994
0
1.7481880270062005
0
0
0
0
0
0
0
0
0
0.46943442605337143
0
0
0
0
0
0
0
0.6690067809585756
0
0
0
0
2.542133544573076
0
0
0
0
0
0
0
0
0
0
0
0
0
0
0
0
0
0
0
0
0
0
0
0
0
0
1.7481880270062005
0
0
0
0
0
0.15218033814096588
0
0
0
0
0
0
0
0
0
0
0
0
0
0
0
0
0
0
0
0
0
0
0
0
0
0
0
0
0
0
0.21670910996394527
0
0
0
0
0
0
0
1.7481880270062005
0
0
0
0
0
0
0
0
0
0
0.08543019532462637
0
0
0
0
0
0.0
0
0
0
0.0
0
0.6501273298918357
0
0
0
0
0
0
0
0.5440680443502757
0
0
0.45887828570645567
0
0
0
0
0
0
0
0
0
0
0
0.5177391056279265
0.21670910996394527
0
0
0
0
0
0
0
0
0
0
0
0
0
0
0
0
0.21670910996394527
0
0
0
0
0
0
0
0
0
1.2684893493987273
0
0
0
0
0
0
0
0.4471580313422192
0
0
0
0
0.6020599913279624
0
0
0
0
0.6342446746993636
0
0
0
0
1.0492180226701815
0
0
0
0
0
0
0
0
0
0
0
0
0
0
0
0
0
0
0
0
0
0.37481620982489977
0
0
0
0
0
0
0
0
0
0
0
0
0
0
0
0
0
0
0.06694678963061322
0
0
0
0
0
0
0
0
0
0
0
0
0
0
0
0
0
0
0
0
0
0
0
0.8450980400142568
0
0
0
0
0
0
0
0
0
0
0
0
0
0
0
0
0
0
0.28492653969257026
0
0.673617721557561
0
0
0
0.09497551323085675
0
0
0
0
0
0
0
0
0
0
0
0
0
0
0
0
0
0
0
0
0
0
0
1.7481880270062005
0.1899510264617135
0
0
1.7481880270062005
0.07609016907048294
0
0
0
0
0
0
0
0
0
0
0
0
0
0
2.542133544573076
1.7162903038515573
0
0
0
0
0
0.7067953418479753
0
0
0
0
0
0
0
0
0
0.43041883329740455
0
0
0
0
0
0.9858310438057887
1.0492180226701815
0
0
0
0
0
0
0
0
0
0
0
0
0
0
0
0
0
0
0
0
0
0
0
0
0
0
0
0
0
0
0
0
0
0
0
0
0
0
0
0
0
0
0
0
0
0
0
0
0
0
0
0
0
0.24609011335090827
0
0
0
0
0
0
0
0
0
0
0
0
0
0
0
0
0
0
0.40823996531184964
0
0
0
0
0
0
0.06694678963061322
0
0
0.19188552623891314
0
0
0
0
0
0
0
0
0
1.146128035678238
0
0
0
0
0
0
0
0
0
0.7481880270062005
0
0
0
0
0
0
0
0
0
0
0
0
0
0
0
0
0
0
0
0
0
0
0
0
0
0
0
0
0
0
0
0
0
0
0
0
0.9700367766225568
0
0
0
0
0
0
0
0
0
0
0
0
0
0
0
1.0104265823363414
0
0
0
0
0
0
0
0
0
0
0
0
0
0
0
0
0
0
0
2.542133544573076
0
0
0
0
0
0
0
0
0.24303804868629442
0
0
0
1.271066772286538
0
0
0
0
0
0
0
0
0
0
0
0
0
0
0
0
0
0
0
0
0
0
0
0
0
0
0.9504727885416393
0
0
0
0
0.6690067809585756
0
0
0
0
0
0
0
0
0
0
0
0
0
0
0.3168242628472131
0
0
0
0
0
0
0
0
0
0.5136526663438554
0
1.2041199826559248
0
0
0
0.5236767526000649
0.9858310438057887
0
0
0
0
0
0
0
0.10955472516739136
0
0
0
0
0
0
0
0
0.3010299956639812
0
0
0
0
0
0.5720967679505191
0
0
0
0
0
0
0
0
0
0
0
0
0
0
0
0
1.7481880270062005
0
0
0
0
0.24987747321659984
0
0
1.0273053326877108
0
0
0
0.4259687322722811
0
0
0
0
0
0
2.8943160626844384
0
0
0
0
0
0
0
0
0
0
0
0
0
0
0
0
0
0
0
0
0
0
0
0
0
0
0
0
0
0
0.6123599479677745
0
0
0
0
0
0
0
0.9700367766225568
0
0
0
0.48607609737258883
0
0
0
0
0
0
0
0
0
0
0
0
0
0
0
0
0
0
0
0
0
0
0
0
0
0.12185355272479226
0
0
0
0
0
0
0
0
0
0
0.22827050721144881
0
0
0
0
0
0
0
0.6342446746993636
0
0
0
0
0
0
0
0
1.7481880270062005
0
0
0
0
0
1.146128035678238
0
0
0
0
0
0
0
0
0
0
0
0
0
0
0
0
0
0
0
0
0
0
0
0
1.0492180226701815
0
0
0
0
0
0
0.7291141460588833
0
0
0
0
0
0
0
0
0
0.38646019098860757
0
0
0
0
1.4471580313422192
0
0
0
0
0
0
0
0
0
0
0
0
0
0
0
1.4471580313422192
0
0
0
0
0
0.3010299956639812
0
0
0
0
0
0
0
0
0
0.7004960366683257
0.46943442605337143
0
0
0
0
0
0
0
0
0
0
0
0
0.19188552623891314
0
0
0
0
0.36797678529459443
0.5440680443502757
0
0
0
0
0
0.9700367766225568
0
0
0
0
0.7067953418479753
0
0
0
0
0
0.9700367766225568
0
0
0
0
0
0
0
0
0
0
0
0
0
0
0
0
0
0
0
0
0
0
0
0
0
0
0
0
0
0.4471580313422192
0
0
0
0
0
0
0
0
0
0
0
0
0
0
0
0
0
0
0
0
0
0
0
0
0
0
0
0
0
0
0
0
0
0.2568263331719277
0
0
0
0
0
0
0
0
0
0
0
0
0
0
0
0
0
0
0
0
0
0
0
0
1.7481880270062005
0
0
0
0
0
0
0
0
1.7481880270062005
0
0
0
0
0
0.17998630293920545
0
0
0
0
0
0
0
0
0
0
0
0
0
0
0
0
0
0
0
0
0
0
0
0
0
0
0
0
0
0
0
0
0
0
0
0
0
0
0
0
0
0
0
0
0
0
0
0
0
0
0
0
0
0
0
0
0
0
0
0
0
0
0
0
0
0
0
0
1.806179973983887
0
0
0
0
0
0
0
0
0.10473535052001297
0
0
0
0
0
0
0
0
0
0
0
1.146128035678238
0
0
0
0
0
0.5399589088176163
0
0
0
0
0
0
0
0
0
0
0
0
0
0
0
0
0.06694678963061322
0
0
0
0
0
0
0.7939455175668755
0
0
0
0
0
0
0.9504727885416393
0.7067953418479753
0
0
0
0
0
0
0
0
0
0
0
0
0
0
0
0.27106677228653797
0
0
0
0
0
0
0
0
0
0
0
1.7481880270062005
0
0
0
0
0
0
0
0
0
0
0.5440680443502757
0
0
0
0
0
0.7939455175668755
0
0.3010299956639812
0
0
0
0
0
0
0.146128035678238
0
0
0
0
0.3168242628472131
0
0
0
0
0
0
0
0
0
0
0
0
0
0
0
0
0
0
0
0
1.7481880270062005
0
0
0.6342446746993636
0
0
0
0
0
0.49291552190289434
0
0
2.534594102777705
0
0
0
0
0
0
0
0
0.33321467903538243
0
0
0
0
0
0
0
0
0
0
0
0
0.6246936830414996
0
0
0
0
0
0
0
0
0
0
0
0
0
0
0
0
0
0
0
0
0
0
0
0
0
0
0
0
0
0
0
0
0
0
0
0
0
0
0
0
0.4016807377836793
0
0
0
0
0
0
0.49291552190289434
0
0
0
0
0.36797678529459443
0.13540417028646495
0
0
0
0.22967408712831291
0
0
0
0
0
0
0
0
0
0
0
0
0
0
0.36797678529459443
0
0
0
0
0
0
0
0
0
0
0
0
0
0.8450980400142568
0
0
0
0.7067953418479753
0
0
0
0
0
0.6690067809585756
0
0
0
0
0
0
0
0
0
0
0
0
0
0
0
0
0
0
0
0
0
0
0
0
0
0
0
0
0
0
0
0
0
0
0
0
0
0
1.0492180226701815
0
0
0
0
0
0
0
0.34172078129850547
0
0
0
0
0
0.22827050721144881
0
0
0
0.0939040501434783
0
0
0
0
0
0
0
0
0
0
0
0.6020599913279624
0
0
0
0
0
0
0
0
0
0
0
0
1.271066772286538
0
0
0
0
1.7481880270062005
0
0
0
0
0
0
0
0
2.3187611459316453
0
0
0
0
0
0
0
0
0
0.7067953418479753
0
1.146128035678238
0
0
0
0
0
0.5720967679505191
0
0
0
0
0
0
0
0
0
0
0
0
0
0
0
0
0
0
0
0
0
0
0
0
0
0
0
0
0
0
0
0
0
1.146128035678238
0
0
0
0
0
0
0
0
0
0
0
0
0
0
0
0
0
0
0
0.8115306923679884
0
0
0
0
0
0
0
0
0
0
0
0
0
0
0
0
0
0
0
0
0
0
0
0
0
0.8450980400142568
0
0
0
0.11471957142661392
0
0
0
0
0.33321467903538243
0
0
0
0
0
0
0
0
0
0
0
0
0
0
0.36797678529459443
0
0
1.215190243431472
0
0
0
0
0
0
0.13540417028646495
0
0
0
0
0
0
0
0
0
0
1.4471580313422192
0
0
0
0
0.46943442605337143
0
0
0
0
0
0
0
0
0
0.6690067809585756
0
0
0
0.8767682140694281
0
0
0
0
0
0
1.7481880270062005
0
0
0
0
0
0
1.7481880270062005
0
0
0.4471580313422192
0
0
0
0
0
0
0
0
0
0
0
0
0
0.0965540501142037
0
0.9030899869919435
0
0
0
0
0
0
0
0
0
0
0
0
0
0.46943442605337143
0.2568263331719277
0
0
0
0
0
0
0
0
0
0
0
0
0
0
0
0
0
0
0
0
0
0
0
0
0
0
0
0
0
0
0
0
0
0
0
1.4135906836959506
0
0
0
0
0
0.9030899869919435
0
0
0
0
0
0
0
0
0
0
0
0
0
0
0.4016807377836793
0
0
0
0
0
0
0
0
0
0
1.4135906836959506
0
0
0
0
0
0
0
0
0
0
0
0
0
0
0
0
0
0
0
0
0
0
0
0
0
0
1.0492180226701815
0
0
0
0
0
0
0
0
0
0
0.7939455175668755
0
0
0
0
0
0
0
0
0
0
0
0
0
0
0.0
0
0.7067953418479753
0
0
0
0
0
0
0
0
0
0
0
0
0
0
0
0
0
0
0
0
0
0
0
0
0
0
0
0.5440680443502757
0
0
0
1.2172960385519827
0
0
0
1.7481880270062005
0
0.6020599913279624
0
0
0
0
0
0
0
0
0
0
0
0.023912157405411364
0
0
0
0
0
0
0
0
0.38646019098860757
0.8943160626844384
0
0
0
0
0
0
0
0
0
0
0
0
0
0.673617721557561
0
0
0.16840443038939024
0.6695404073515182
0
0
0
0
1.271066772286538
0
0.49291552190289434
0
0.16840443038939024
0
0
0
0
0
0
0
0.22967408712831291
0
0
0
0
0
0
0.10172938765543484
0
0
0
0
0
0
0
0
0
0
0
0
0
0
0
0
0
0
0
0
0
0
0
0
0
0
0
0
0
0
0
0
0.031588534366463764
0
0.19188552623891314
0
0
0
1.7481880270062005
0
0
0
0
0
0
0
0
0
0
0
0
0
0
0
0
0
0.7067953418479753
0
0
0
0
0
0
0
0
0
0
0
0
0
0
0
0
0
0
0
0
0
0
0
0
0
0
0
0
0
0
0
0
0
0
0
0
0
0
0
0
0
0
0
0
0
0
0
0
0
0
0
0
0
0
0
0
0
0
0
0
0
0
0
0
0
0
0
0.24303804868629442
0
0
0
0
0
0
0
0
0
0
0
0
0
0
0
0
0
0
0
0
0
0
0
0
0
0
0
0
0
0
0
0
0
0
0
0
0
0
0
0
0
0
0.5136526663438554
0
0
0
0
0
0
1.035478211255853
0
0
0
0
0
0
0
0
0
0
0
0
0
0
0
0
0
0
0
0
0
0
0
0
0
0
0
0
0
0
0.12873873348560494
0
0
0
0
0
0
0
0
0
0
0
0
0
0
0
0
0
0
0
0
0
0
0
0
0
0
0
0
0
0
0
0
0
0.547139617313821
0
0
0
0
0
0
0
0
0
0
0
0
0
0.5756565787167394
0
0
0
0
0
0
0
0.20411998265592482
0
0
0
0
0
0
0
0.5720967679505191
0
0
0
0
0
0
0
0
0
0
0
0
0
0
0
0
0
0
0
0
0
0
0
0
0
0
0
0
0
0
0
0.40823996531184964
0
0
0
0.10473535052001297
0
0
0
0
0
0
0
0
0
0
0
0
0
0
0
0
0.38646019098860757
0
0
0
0
0
0
0
0
0
0
0
0.0
1.2684893493987273
0
0
0
0
0
0
0
0
0
0
0.12873873348560494
0
0
0
0
0
0
0
0
1.5350842099113051
0
0
0
0
0.8999315146960273
0
0
0.20411998265592482
0
0
0
0
0
0
0.7004960366683257
0
1.7481880270062005
0
0
0
0.7496324196497995
0
0
0
0
0
0
0
0
0
0
0
0
0
0
0
0.21670910996394527
0
0
0
0
0
0
0
0
0
0
0
0
0
0
0
0
1.4471580313422192
0
0
0
0
0
0
0
0
0
0
0
0
0.7481880270062005
0.21670910996394527
0.12493873660829992
0
0.33321467903538243
0
0
0
0
0
0
0
0
0.21670910996394527
0
0
0
0
0
0
0
0.8450980400142568
0
0
0
1.7481880270062005
0
0.5720967679505191
0
0
0
0
0
0
0
0
0
0
0
0
0
0
0
0.6690067809585756
0
0
0
1.4787465657086831
0
0
0
0
0
0
0
0
0
0
0
0
0
0
0
0
0
0
1.271066772286538
0
0
0
0
0
0
0
0
1.4471580313422192
0
0
0
1.0492180226701815
0
0
0
0
0
0
0
0
0
0
0.7939455175668755
0
0
0
0
0
0
0
0
0
0
0
0
0
0
0
0
0
0.6020599913279624
0
0
0
0
0
0
0
0
0
0
0
0.1968720906807266
0
0
0
0
0
0
0
0
0
0
0
0
0
0
0
0
0
0
0
0
0
0
0
0
0
0
0
0
0
0
0
0
0
0
0
0
0
0
0.5720967679505191
0
0
0
0
0
0
0
0
0.19188552623891314
0
0
0
0
0
0
0
0
0.7359535705891889
0
0.0
0
0
0
0
0
0
0
0
0
0
0
0
0
0
0
0
0
0
0
0
0
0
0
0
0
0
0
0
0
0
0
0
0
0
0.48741421089916903
0
0
0
0
0
0
0
0
0
0
0
0
0.8450980400142568
1.146128035678238
0
0
0
0
0
0
0
0
0
0
0
1.146128035678238
0
0
0
0
0
0
0
0
0
0
0
0
0
0
0
0.007825337511956526
0
0.146128035678238
0
0
0
0
0
0
0
0
0
0
0
0
0.09497551323085675
0
0
0
4.341474094026657
0
0
0
0
1.7481880270062005
0
0
0
0
0
0
0
0
0
0
0
0
0
0
0
0
0
0
0
0
0.2708083405729299
0
0
0
0.38646019098860757
0
0
0
0
0
0
0
0
0
0
1.7481880270062005
0
0
0
0
0
0
0
0
0
0
0
0
0
0
0
0
0.9700367766225568
0
0.33321467903538243
0
0
0.05799194697768673
0
0
0
0
0
0
0
0
0
0
0
0
0
0
0
0
0
0
0
0.15218033814096588
0
0
0
0
0
0
0
0
0
0
0
0
0
0
0
0
0
0
0
0
0
0
0
0
0
0
0.9858310438057887
0.9388688521067429
0
0
0
0
0
0
0
0
0
0
0
0
0
0
0
0
0
0
0
0
0
0.20084036889183965
0.7939455175668755
0
0
0
0
0
0
0
0
0
0
0
0
0
0
0
0.7939455175668755
0
0
0
0
0.4471580313422192
0.05799194697768673
0
0
0
0
1.4135906836959506
0.33321467903538243
1.6901960800285136
0
0
0.031588534366463764
0
0
0
0
0
0
0
0
0
0
0
0
0
0
0
0
0.8450980400142568
1.7481880270062005
0
0
0
0
0
0
0
0
0.6336485256944262
0
0
0
0
1.7481880270062005
2.7092699609758304
2.4645776095144716
0
0
1.146128035678238
0
0
0
0
0
0
0
0.5177391056279265
0
0
0
0.17086039064925274
0
0
0
0
1.146128035678238
0
0
0
0
0.3010299956639812
0
0
0
0
0
0
0
0.3142468399594024
0
0
0
0
0
0
0
0
0
0
0
0
0
0
0.2857900291072444
0
0
0
0.6020599913279624
0
0
0
0
0
0
0
0
0
0
0
0
0
0
0
0
0
0
0
0
0.20947070104002594
0
0
0
0
0
0
1.7481880270062005
0
0
0
0
0
0
0
0
0.22967408712831291
0
0
0.11055987028262318
0
0.5136526663438554
0
0
0
0
0
0
0
0
0
0
0
0
0
0
0
0
0
0
0
0
0
0.2568263331719277
0.040617850908264086
0
0
0
0
0
0
0
1.7481880270062005
0
0
0
0
0
0
0
0
0
0
0
0
0
0
0
0
0
0.3142468399594024
0
0
0
0
0
0
0
0
0
0
0
0
0
0
0
0
0
0
0
0
0
0.07609016907048294
0
0.1899510264617135
0
0.7939455175668755
0
1.9400735532451137
0
0
0
0
0
0
0
0
0
0
0
0.9700367766225568
0
0.6020599913279624
0
0
0
0
0.3010299956639812
0
0
0
0.17998630293920545
0
0
0
0
0
0
0
0
0
0
0
0
0
0
0
0
0
0
0
0
0
0
0
0
0.7359535705891889
0
0
0
0
0
0
0
0.17998630293920545
0
0
0
0
0
0
0
0
0
0
0
0.146128035678238
0
0
0
0
0.2843249563578486
0
1.7481880270062005
2.8943160626844384
0.9030899869919435
0
0
0
0
0
0
0
0
0
0
0
0
0
0
0
0
0
0
0
0
0
0
0
0
0
0
0.6020599913279624
0
0
0
0
0
0
0
0
0
0
0
0
0
0
0
0
0.5720967679505191
0
0
0
0.6246936830414996
0
0
0
0
0
0
0
0
0
0
0
0
0
0.09476560309939129
0
0
0
0
0
0
0.379902052923427
0
0
0
0
0
0
0
0
0
0
0.6342446746993636
1.9400735532451137
0.4259687322722811
0
0
0
0
0
0
0
0
0
0
0
0
0
0
0
0
0
0
0
0
0
0.13540417028646495
0.01565067502391305
0
0
0
0
0.6501273298918357
0
0
0
0
0
0
0
0
0
0.06436936674280247
0.1571234199797012
0
0
0
0
0
0
0
0
0
0
0
0
0
0
0
0
0
0.21670910996394527
0
0
0
0
0
0
0
0.08543019532462637
0.8450980400142568
0
0
0
0
0
0
0
0
0
0
0
0
0
0
0
0
0
0
0
0
0
0.13389357926122644
0
0
0.032184683371401235
0
0
0
0
0
1.7481880270062005
0.6342446746993636
0
0
0
0
0
0
0
0
0
0
0
0
0
0
0
0
0
0
0
0
0
0
0
0
8.897467406005767
0
0
0
1.4471580313422192
0
0
0
0
0
0
0
0
0
0
0.8519374645445622
0
0.0
0
0.17998630293920545
0
0
0
0
0
0
0.40621251085939486
0
0
0
0
0
0
0
0
0
0
0
0
0
0
0
0
0
0.8943160626844384
0.4713702599391036
0
0.3599726058784109
0
1.7162903038515573
0
0
0
0
0
0
0
0
0
0
0
0
0
0
0
0
0
0
0
0
0
0
0
0
0
0
0
0
0
0
0
0
0
0
0.16840443038939024
0.6336485256944262
0
0
0
2.4645776095144716
0
0
0
0
0
0
0
0
0
0
0
0
0
0
0
0
0
0
0
0
0
0
0
0
0
0
0.0
0
0
0
0
0
0
0
0
0
0.04782431481082273
0
0
0
1.1513131574334787
0
0
0
0
0
0
0
0
0
0
0
0
0
0
0
0
0
0
0
0
0
0
0
0
0
0
0.1434729444324682
0
0
1.0273053326877108
0
0
0.22967408712831291
0
0
0
0
0
0
0
0.12185355272479226
0
0
0
0
0
0.0
0
0
0
0
0.06317706873292753
0
0
0
0
0
0
0
0
0
0
0
0
0
0
0
0
0
0
0
0
0
0
0
0
0
0
0
1.7481880270062005
0
0
0
0
0
0
0
0
0
0
0
0
0
0
0
0
0
0
0
0
1.7481880270062005
0
0
0
0
0
0
0
0
0.24303804868629442
0
0
0
0
0
0
0
1.146128035678238
0
0
0.9700367766225568
0
0
0
0
0
0
0
0
0
0
0
0
0
0
0
0
0
0
0
0
0
0
0
0
0
0
0
0
0
0
0
0.22943914285322783
0
0
1.146128035678238
0
0
0
0
0.5177391056279265
0
0
2.244564081018601
0
0
0
0
0
0
0
0
0
0
0
0
0
0
3.496376054012401
0
0
0
0.38646019098860757
0
0
0
0
0
0
0
0
0
0
0
0
0
0
0
0
0
0
0
0
0
0
0
0
0
0
0
0
0
0
0.0
0
0
0
1.0835455498197264
0
0
0
0
0
0
0
0
0
0
0
0
0
0
0
1.0492180226701815
0
0
0
0
0
0
0.6336485256944262
0.6342446746993636
0
0
0
0
0
0
0
0
0
0
0
0.9030899869919435
0
0
0
0
0
0
0
0
0.3010299956639812
0
0
0
0
0
0
0
0
0
0
0
0
0
0
0
0
0
0
0
1.7481880270062005
0
0
0
0
0
0
0.2677871585224529
0
0
0
0
1.7481880270062005
0.7067953418479753
0
0
0
1.7481880270062005
0
0
0
0
0
0
0
0
0
0
0
0
0
0
0
0
0
0
0
0
1.271066772286538
0.4259687322722811
0
0
1.7481880270062005
0
0
0
0
0
0
0
0
0
0
0
0
0
0
0
0
1.146128035678238
0
0
0
0
0
0
0
0
0
0
0
0
0
0
0
0
0.5720967679505191
0
0.8450980400142568
0
0
0
0
0
0
0
0
0
0
0
0.3837710524778263
0
0
0
0
0
0
0
0
0
0
0
0
0
0
0
0
0
0
0
0
0
0
0
0
0
0
0
0
0
0
0
0
0
0
0
0
0
0
0
0
0
0
0
0
0
0
0
0
0
0
0
0.12873873348560494
0
0
0
0
0
0
0
1.7481880270062005
0
0
0
1.4471580313422192
0
0
0
0
0
0
0
1.7481880270062005
0
0
0
0
0
0
0
0
0
0
0
0
0
0
0
0
0.49291552190289434
0
0
0
0
1.7481880270062005
0
0
0
0
0
0
0
0
0
0
0
0
0
0
0
0
0
0
0
0
0
0
0
0
0
0
0
0.9030899869919435
0
0
0
0
0
0
0
0
0
0
0
0
0
0
0
0
0
0
0
0
0
0
0
0
0
0
0
0
0
0
0
0
1.587891035133751
0
0
0
0.7067953418479753
0
0
0
0
0
0
0
0
0
0
0
0
0
0
0
0
0
0
0
0
0
0
1.271066772286538
0
0.2568263331719277
0.8450980400142568
0
0
0
0
0
0
0.3368088607787805
0
0
0
0
0
0
0
0
0
0
0
0
0
0
0
0
0
0
0
0
0
0
0
0
0
0.6020599913279624
0
0
0.04782431481082273
0
0
0
0
0
0
0
0
0
0
0
0.6020599913279624
0
0
0
0
1.7481880270062005
0
0
0
0
1.0492180226701815
5.237316189043403
0
0
0
0
0
0
0.7067953418479753
0
0.3368088607787805
0.9030899869919435
0
0
0
0
0
0
0
0
0
1.0492180226701815
0
0
1.4471580313422192
0.4471580313422192
0
0
0
0
0
0
0
0
0
0
0
0
0
0
0
0
0
0
0
0
0
0
0
0
0
0
0
0
0
0
0
0
0.4471580313422192
0.22967408712831291
0
0
0
0
0
0
0
0
0
0
0.33321467903538243
0
0
0
0
0.13540417028646495
0
0
0
0
0
0
0.5177391056279265
0
0
0.7481880270062005
0
0
0
0
0
0
0
0
0
0
0
0
0
0
0.46943442605337143
0
0
0
0
0
0.6342446746993636
0
0
0
0
0
0
0
0
0
0.4471580313422192
0
0
0
0
0
0
0
0
0
0
0
0.6501273298918357
0
0
0
0.2568263331719277
1.7481880270062005
0
0
0
0
0
0
0
0
0
0
0
0
0
0
0
3.4383841070347136
2.8943160626844384
0
0
0
0
0.3142468399594024
0
0
0
0
0
1.7481880270062005
0
0
0
0
0
0
0
0
0
0
0
0
0
0
0
0
0.4057653461839942
0
0
0
0
0
0
0
0
0
0
0
0.5720967679505191
0
0
0
0
0
0
0
0
0
0.015794267183231882
0
1.0205999132796242
0
0
0
0
0
0
0
0
0
0
0.8519374645445622
0
0
0
0
0
0
0
0
0
0
0
0
0
0
0
0
0
0
0
0
0.45934817425662583
0
0
0
0
0
0.40823996531184964
0
0
0
0
0
1.1441935359010382
0
0
0.9700367766225568
0
0
0
0
0
0
0
0
0
0
0
0
1.146128035678238
0
0
0
0
0
0
0
0
1.146128035678238
0
0
0
0
0
0
0
1.271066772286538
0
0
0
0
0
0
0
0
0
0
0
0
0
0
0
0
0
0.5440680443502757
0
0.5440680443502757
0
0
0
0
0
0
0
0.4471580313422192
0
0
0
0
0
0
0
0
0
0
0
0
0
0
0
0
0
0
0
1.271066772286538
0
0
0
0
0
0.9030899869919435
0
0
0
0
0
0
0
0
0
0
0
0
0
0
0
0
0
0
0.5136526663438554
0
0
0
0
0
0
0
0
0
0
2.542133544573076
0.8573700873217331
0
0
0.6690067809585756
0
0
0
0
0
0
0
0
0
0
0
0.7481880270062005
0
0
0
0
0
0
0
0
0
0
0
0
0
0
0
0
0
0
0
0
0
0
0
0
0
0
0
0
0
0.49291552190289434
0
0
0
0
0
0
0
0
0
0
0
0
0
0
0
0
0
0.7004960366683257
0
0
0
0
0
0
0
0
0
0
0
0
0.3168242628472131
0
1.271066772286538
0
0
0.9700367766225568
0
0
0
0
0
0
0.13389357926122644
0
0
0
0.48607609737258883
0
0.7199452117568218
0
0
0
0
0
0
0
0
0
0
0.2857900291072444
0
3.496376054012401
0
0
0.6020599913279624
0
1.0492180226701815
0
0
0
0
0
0
0
0
0
0
0
0.16840443038939024
0
0
0
0.08543019532462637
0
0.7729203819772151
0
0
0
0
0
0
0
0
0
0
0
0
0
1.7481880270062005
0
0
0.07609016907048294
0
0
0
0
0
0
0
0
0
0
0
0
0
0
0
0
0
0
0
0
0
0
0
0
0.5177391056279265
0
0
0
0
0.9030899869919435
0
0.12493873660829992
0
0
0
0.3168242628472131
0
0
0
0.28492653969257026
0
0
0
0
0
0
0
0
0
0
0.17998630293920545
0
0
0
0
0
0
0
0
0
0
0
0
0
0.8450980400142568
0
0.27106677228653797
1.0492180226701815
0
0.9700367766225568
0
0
0
0.6342446746993636
0
0
0
0
0
0
0
0
0
0
1.271066772286538
0
0
0
0.33321467903538243
0
0.8519374645445622
0.24303804868629442
0
0
0
0
0
0
0
0
0
0
0
0
1.7481880270062005
0
0
0
0
0
0
0
0
0
0
0
0
0
0
0
0
0
0
0
0
0
0.09476560309939129
0
0
0
0
0
0
0
0
0
0
1.496376054012401
0
0
0
0
0
0
0
0
0
0.4057653461839942
0
0
0
0
0
0.16840443038939024
0
0
0
0.8573700873217331
0
0
0
0
0
0
0
0
0
1.4471580313422192
0
0
0
0
0
0
0
0
0
0
0
0
0
0
0.49291552190289434
0
1.271066772286538
0
0
0
0
0
0.33321467903538243
0
0
0
0
0
0
0
0.13389357926122644
0
0
0
0
0
0
0
0
0
0
0
0
0
0
0
0
0
0
0
0
0
0
0
0
0
0
0
0
0
0
0
0
0
0
0
0
0
0
0
0
0
0
0
0
0
0
0
0
0
0
0
0
0
0
0
0
0
0
0
0
0
0
0
0
0
0.07042803760760873
0
0
0
1.496376054012401
0
0
0
0
0
0
0
0
0
0
0
0
0
0
0
0
0
0
0.17086039064925274
0
0
0
0
0
0
0
0
0
0
0
0
0
0
0
0
0
0
0
0
0
0
0
0
0
0
0
0
0
0
0.4471580313422192
0
0
0
0
0
0
0.4471580313422192
0
0
0
0
0
0
0
0
0
0
0
0
0
0
0
0
0
0
0
0
0
0
0
0
0
0
0
0.9700367766225568
0
0
0
0
0
0
0
0
0
0
0
0
0.7481880270062005
0
0
0
1.146128035678238
0
0
0
0
0
0.9030899869919435
0
0
0.38646019098860757
0
0
0
0
0
0.24303804868629442
0.24303804868629442
0.4471580313422192
0
0
0
0.07825337511956526
0
0
0
0
0
0
0
0
0
0
0
0
0
0
0
0
0
0
0
0
0
0
0
0
0
0
0
0
0
0
0
0.5440680443502757
0
0
0
0
0
0
0
0.28492653969257026
0
0
0
0
0.6690067809585756
1.0492180226701815
0
0
0
0
0
0
1.7481880270062005
0
0
0
0
0
0
0
0
0
0.6020599913279624
0
0
0
0
0
0
0
0.146128035678238
0
0
0
0
0
0
0
0
0
0
0
0
0
0
0
0
0
0
0
0
0
0
0
0
0
0
0
0
0
0
0
0
0
0
0
0
0
0
0
0
0
0
0
0
0
0
0
0
0
0
0
0
0
0
0.9700367766225568
1.4471580313422192
0.5720967679505191
0
0
0
0
0
0
0
0
0
0
0
0
0
0.05799194697768673
0
0
0.7939455175668755
0
0
0
0
0
0.3168242628472131
0.4471580313422192
0
0
0
0
0.7939455175668755
0
0
0
0
0
0
0
0
0
0
0
0
0
0
0
0
0
0
0.9030899869919435
0
0
0
0
0
0
0
0
0
0
0
0
0
0
0
0
0
0
0.46943442605337143
0.1899510264617135
0
0
0
0
0
0
0
0
0
0.16247140363305634
0
0
0
0
0
0
0
0
0
0
0
0
0
0
0
0
0
0
0
0
0
0
0
0.379902052923427
0
0
0
0
0
0
0
0
0
0
0
0
0
0
0
0
0
0
0
0
0
0
0
0
0
0
0
0
0
0
0
0
0
1.7481880270062005
0
0
0
0
0
0
0
0
0
0
0
0
0.7004960366683257
0
0
0
0
0
0
0.146128035678238
0
0
0.24303804868629442
0
0
0
0
0
0
0
1.4471580313422192
0
0
0
0.16092341685700617
0.06694678963061322
0
0
0
0.0
0
0
0
0
0
0
0
0.5177391056279265
0.0313013500478261
0
0
0.047382801549695645
0
0
0.5177391056279265
0.379902052923427
0
0.11598389395537347
0
0
0
0
0
0.12873873348560494
0
0
0
0
0
0.07609016907048294
0
0
0.3010299956639812
0
0.9030899869919435
0
0
0
0
0
0
0.0
0
0
0
0
0
0
0
0.7481880270062005
0
0
0.3599726058784109
0
0
0
0
0
0
0.21670910996394527
0
0
0
0
0
0
0
0
0.06694678963061322
0
0
0
0
0
0
0
0
0
0
0
0.0313013500478261
0
0
0
0
0
0
0
0
0
0.09497551323085675
0.12185355272479226
0
0
0
0.6342446746993636
0
0
0
0
0
0
0
0
0
0
0.5440680443502757
0
0.21670910996394527
0
0
0.8519374645445622
0
0
0
0
0
0
0
0
0
0
0
0
0
0
0.8943160626844384
0
0
0
0
0
0
0
0
0
0
0
0
0
0
0
0
0
0
0.5125811719477582
0
0
0
0
0
0
0
0
0
0
0
0
0
0
0
0
0
0
0
0
0
0
0.6690067809585756
0
0
0
0
0
0
0
0
0
0
0
0
0
0
0
0
0
0
0
0
0
0
0
0
0
0
0
0
0
0.2857900291072444
0
0
0
0
0
0
0
0
0
0
0
0
0.4057653461839942
0
0
0.5980113672723846
0
0
0
0.9030899869919435
0.9504727885416393
0
0
0
0
0
0
0
0
0
0
0
0
0
0.5177391056279265
0
1.7481880270062005
0
0
0
0
0
0
0
0
0
0.3168242628472131
0
0
0
0
0
0.03912668755978263
0
0
0
0
0
0
0
2.8943160626844384
0
0
0
0
0
0
0
1.7481880270062005
0
0
1.271066772286538
0
0
0.46393557582149386
0
0
0
0
0
5.244564081018601
0
0
0
0
0
0
0
1.146128035678238
0
0
0
0
0
0
0
0
0
0
0
0
0
0
0
0
0
0
0
0
0
0
0
0
0
0
0
0
0
0.08123570181652817
0
0
0
0
0
0
0
0
0
0
0
0
0
0.9700367766225568
0
0
0
0
0
0.35024801833416286
0
0
0
0
0
0
0
0
0
0
0
0
0
0
0
0
0
0
0
0
0
0
0.33321467903538243
0
0
0
0
0
0
0
0
0
0
0
0
0
0.33321467903538243
0
0
0
0
0
0
0
0
0
0
0
0
0
0
0
0
0
1.4471580313422192
1.7481880270062005
0
0
0
0
0
0
0
0
0
0
0
0
0
1.271066772286538
0
0
0
0.6020599913279624
0
0
0
0
0
0.5177391056279265
0
0
0
0
0
0
0
0
0
0
0
0
0
0
0
1.1593805729658226
0
0
0
0
0
0
0
0
0
0
0
0
0.2568263331719277
0
0
0
0
0
0
0
0.5177391056279265
0
0
0
0
0
0
0
0
0
0
0
0
0
0
0
0
0
0.8745711562580994
0
1.0842670891461519
0
0.8519374645445622
0
0
0
0.16092341685700617
0
0
0
0
0
0
0
0
0
0
0
0
0
0
0
0
0.146128035678238
0
0.031588534366463764
0
0
0
0
0
0
0
0
0
0
0
0
0
0
0
0
0
0
0.43838410703471403
0
0
0
0
0
0
0
0
0
0
0
0.8450980400142568
0
0
0
0
0
0.17086039064925274
0
0
0
0
0
0
0
0
0
0
0.36797678529459443
0
0
0
0
0
0
0
0.3168242628472131
0
0
0
0
0
0
0
0.7481880270062005
0
0
0
0
0
0
0
0.12185355272479226
0.6020599913279624
0
0
0
0
0
0.0717364722162341
0
0
0
0
0.0984360453403633
0
0.146128035678238
0
0
0
0
0
0
0
0.3837710524778263
0
0.0
0
0
0
0
0
0
0
0.49291552190289434
0
0.1571234199797012
0
0
0
0
0
0
0
0.7067953418479753
0
0
0
0.0
0
0
0
0
0
0
0.4713702599391036
0
0
0
0
0
0
0
0
3.8801471064902273
0
0
0
0.0
0
0
0
0.49291552190289434
0
0
0
1.4471580313422192
0
0
0.13540417028646495
1.587891035133751
0
0
0
0
0.35024801833416286
0
0.20947070104002594
0.17086039064925274
0
0
1.7481880270062005
0
0.12493873660829992
0
0.12185355272479226
0
0
0
0
0
0.7004960366683257
0
0.36797678529459443
0
0
0.12493873660829992
0
0.6342446746993636
0
0
0
0
0
0
0
1.271066772286538
0
0
0
0
0
0
0
0
0
0
0
0.12185355272479226
0
0
0
0
0
0
0
0
0
0
0.46943442605337143
0
0
0
0
0
0.04695202507173915
0
0
0
0
0
0
0
0
0.44679635999090495
1.5532173168837793
0
0
0
0
0
0.7729203819772151
0
0
0
0.2953081360210899
0
0
0
0
0
0
0
0
0
