0
0
0
0
0
0
0
0
0
0
0
0
0
0
5.807354922057604
0
0
0
0
0
0
0
0
0
0
0
0
0
0
0
0
0
0
0
0
0
3.807354922057604
0
0
0
0
0
0
0
0
0
0
0
0
0
0
0
3.807354922057604
0
0
0
0
0
0
0
0
0
0
0
0
0
0
0
0
5.807354922057604
0
0
0
0
0
0
0
0
0
0
0
0
0
0
0
0
0
0
0
0
0
0
0
0
0
0
0
0
0
0
0
0
0
0
0
0
0
0
0
0
0
0
0
0
0
0
0
0
0
0
0
0
0
0
3.0
0
0
0
0
0
0
0
0
0
0
0
0
0
0
0
0
0
0
0
0
0
0
0
0
0
0
0
0
0
0
4.807354922057604
0
0
0
0
0
0
0
0
0
0
0
0
0
0
0
0
0
0
0
0
0
0
0
0
0
0
0
3.807354922057604
0
0
0
0
0
0
0
0
0
0
0
0
0
0
0
0
0
0
0
0
0
0
0
0
0
0
0
0
0
0
0
0
0
0
0
0
0
0
0
1.1069152039165118
0
0
0
0
0
0
0
0
0
0
0
0
0
0
0
0
0
0
0
0
0
0
0
0
0
0
0
0
0
0
0
0
0
0
0
0
0
0
0
0
0
0
0
0
0
0
0
0
0
8.444784842672895
0
0
0
0
0
0
0
0
1.2837929660005913
0
0
0
0
4.807354922057604
0
0
0
0
0
0
0
0
0
0
0
0
0
0
0
0
0
0
0
0
0
0
0
0
0
0
0
0
0
0
0
0
0
5.807354922057604
0
0
0
0
3.0
0
0
0
0
0
0
0
0
0
0
0
0
0
0
0
0
0
0
0
0
0
2.422064766172812
0
0
0
0
0
0
4.807354922057604
0
0
0
0
0
0
0
0
0
0
0
0
0
0
1.3479233034203069
0
0
0
0.5560412724608343
0
0
0
0
0
0
0
0
0
3.222392421336448
0
0
0
0
0
0
0
0
3.0
0
0.7198920808072646
0
0
0
0
1.9004643264490857
0
0
0
0
0
0
0
0
0
0
0
0
0
0
0
0
0
0
0
0
0
1.9122897618458754
0
0
0
0
0
0
2.106915203916512
0
0
0
0
0
0
2.347923303420307
0
0
3.807354922057604
0
0
0
0
0
0
3.4854268271702415
0
0
0
0
0
4.807354922057604
0
0
0
0
0
0
0
0
0
0
0
0
3.4854268271702415
0
0
0
0
0
0
0
0
0
0
0
0
0
0
0
0
0
0
0
0
5.807354922057604
0
0
1.7198920808072646
0
0
0
0
0.8073549220576041
3.118854817228037
0
0
0
0
0.6354757399552393
0
0.5979015564286544
0
0
0
0.8531586116707288
0
0
0
0
0
0
0
0
0
0
0
0
0
0
0
0
0
0
0
0
0
0
0
0
0
1.6374299206152918
0
0
0
0
0
0
0
0
0
0
0
0
0
0
0
0
0
0
0
0
2.4854268271702415
0
0
0
0.12997604266472176
0
0
4.222392421336448
0
0
2.326997464565759
0
0
0
0
0
0.9004643264490856
0.0
0
0.7538610474553863
0
0
0
0
0
0
0
0
0
0.05199041706588871
0
0
0
0
0
0
0
0
0
0
0
0
0
0
0
0
0
0
0
0
0
0
0
0
0.6310036514558588
0
0
0
0
0
0
0
0
0
0
0
0
0
0
0
0
0
0
0
0
0.4498029174395205
0
0
0
0
0.7629608026991507
0
0
0
0
0
0
0
0
0
0
0
0
0
0
0
0
0
0
0
0
0
0
0
0
0
0
3.0
0
0.6780719051126377
0
0
0
0
0
0
0
0
0
0
0
0
0
0
0
0
0
0
0
0
0
0
0
0
0
0
0
0
1.4397841616145293
0
0
0
0
0
0
0
1.6374299206152918
0
0
0
0
0
0
0
0
0
0
0
0
0
0
0.9493739269300321
0
0
0
0
0
0
0
0
0
0
0
0
0
0
0
0
0
0
0
0
0
0
0
0
0
0
0
0
0
0
0
0
0
0
0
0
0
0
0
0
0
0
4.970853654340483
0
0
0
0
0
0
0
0
0
0
0
0
0
0
0
0
0
0
0
0
0
0
0
0
0
0
0
0
0
0
0.9004643264490856
0
0
0
0
0
0
0.5397183203444346
0
0
3.4854268271702415
0
1.3479233034203069
0
0
0
0
0
0
0
0
0
0
0
0
0
0
0
0
0
0
0
0
0
0
0
5.807354922057604
0
0
0
0
0
0
0
0
0
0
0
0
0
0
0
0
0
0
0
0
0
0
0
0
0
0
0
2.347923303420307
0
0
1.7198920808072646
0
0
0
0
1.222392421336448
0
0
0
0
4.807354922057604
0
0.15740225968240645
0.16349873228287956
0
0
0.8073549220576041
0
0
0
0
0
0
0
0
0
0
0
0
0
0
0
0
0
3.4854268271702415
0
0
0
0
0
0
0
0
0
0
0
0
0
0
0
0
0
0
0
0
0
0
0
0
0
3.1574022596824065
4.807354922057604
0
0
0
0
0.41503749927884376
0
1.3479233034203069
2.347923303420307
0
0
0
0
0
0
0.8073549220576041
1.4150374992788437
1.7063172233414576
0
0
1.118854817228037
1.3561438102252754
0
0
0
0
0
0
0
0
1.6374299206152918
0
0
0
0
0
0
0
0
0
0
0
0
0
0
0
0
0
0
0
0
0
4.222392421336448
0
0
0
0
0
3.222392421336448
0
0
0
0
0
0
0
3.807354922057604
0
0
0
0
0
0
0
0
0
0
0
0
0
0
0
0
0
0
0
0
0
0
0
0
0
0
0
0
0
1.660149997115375
0
0
0
0
0
0
0
0
0
0
0
1.5594274086140185
0
0
0
0
0
0
0
0
0
0
0
0
0
3.807354922057604
0
0
0
0
0
0
0
5.135171864002365
0
3.4854268271702415
0
0
0
0
0
0
0
0
0
1.4150374992788437
0
0
0
0
0
0
0
0
0
0
0
1.0110642815198667
0
0
3.4854268271702415
0
0
0
0
0
0
0
0
0
0
0
0
0
0
0
0
0
0
0
0
0
0
0
0
0
0
0
0.7198920808072646
0
2.222392421336448
0
0
0
0
0
0
0
0
0
0
0
0
0
0
0
0
0.851378898001774
0
0
0
0
0
0.0
0
0
0
0.0
0
1.4397841616145293
0
0
0
0
1.8987478538600642
0
0
0
0
0
2.667631171488544
0
0
0
0
0
0
0
0
0
0
0
1.7198920808072646
0.7198920808072646
0
0
0
0
0
0
0
0
0
0
0
0
0
4.912289761845876
0
0
0
0
0
0
0
0
0
0
0
0
0
0
0
0
0
4.222392421336448
0
0
0
0
0
0
0
0
0
0
0
0
0
0
0
0
0
0
0
0
0
0
0
0
0
0
0
0
0
0
0
0
0
0
0
0
0
0
0
1.2451124978365313
0
0
2.106915203916512
0
0
0
0
0
0
0
0
0
0
0
0
0
0
1.0
1.556746949355136
0
0
0
0
0
2.347923303420307
0
0
0
0
0
0
0
0
0
0
0
2.4854268271702415
0
0
0
0
0
0
0
0
0
0
0
0
0
0
0
0
0
0
0
5.807354922057604
0
1.3479233034203069
0
0
1.2620073029117176
3.2748598412305836
0.5594274086140185
0
0
0
0.9465054771837882
0
0
0
0
0
0
0
0
0
0
0
0
0
0
0
0
0
0
0
0
0
0
0
0
2.208512780095506
0
0
0
1.5165964222798
0
0
0
3.4854268271702415
0
0
0
0
0
0
0
0
0
0
0
0
0
0
0
0
0
0
0
0
0
0
0
0
0
0
0
0.7943446749440491
0
0
0
0
0
1.6374299206152918
0
0
0
0
0
2.106915203916512
0
0
0
0
0
0
3.0
0
0
0
0
0
0
0
0
0
0
0
0
0
0
0
0
0
0
0
0
0
11.11196210668224
0
0
0
0
0
3.0
0
0
0
0
0
0
0
3.807354922057604
0
0
0
0
0
0.6539949291315182
0
0
0
0
1.2837929660005913
0
0
0
3.4854268271702415
0
3.4854268271702415
0
0
0
0
0
0
0
0
0
0
0
0
0
0
2.001531792028032
0
0
0.6374299206152918
0
0
0
0
0
0
0
0
0
0
0
0
3.807354922057604
0
0
0
0
0
0
0
0
0
0
0
0
0
0
0
0
0
0
0
0
0
0
0
0
0
0
0
0
0
0
0
0
0
0
0
0
0
2.106915203916512
0
0
0
0
0
0
0
0
0
0
0
0
0
0
0
0
0
0
0
0
0
1.118854817228037
0
0
0
3.222392421336448
0
0
0
0
0
0
0
0
0
0
0
0
0
0
0
0
0
0
0
0
0
0
0
0
0.8073549220576041
0
0
0
0
0
0
0
0
0
0
0
0
0
0
0
0
0
0
0
0
0
0
0
0
0
0
0
0
0
0
0
0
0
0
0
0
7.614709844115208
0
0
0
0
0
0
0
0
0
0
0
2.4854268271702415
0
0
0
4.807354922057604
0
0
2.0
0
0
0
0
0.8531586116707288
0
0
0
4.265793058353644
0
1.0437699102609204
1.6374299206152918
0
0
0
0
0
0
0
0.519904170658887
0
0
0
0
0
0
0
0
1.0
0
0
0
0
0
0
0
0
0
0
0
0
0
0
0
0
0
0
0
0
0
0
0
0
0
0
0
0
0
0
0
0
0
0
0
0
0
0
0
0
0
0
0
0
0
0
0
0
0
0
0
0
0
0
0
0
0
0
0
0
0
0
0
0
0
0
0
0
0
0
0
0
0
0
0
0
0
0
0
0
3.222392421336448
3.807354922057604
0
0
1.6147098441152081
2.347923303420307
0
0
0
0
0
0
0
0
0
0
0
0
0
0
0
0
0
0
0
2.807354922057604
0
0
0
0
0.5397183203444346
0
0
0
0
0
0
0
0
0
0
0.2527660703799667
0
0
0
0
0
0
0
0
0
0
2.5675859320011827
0
1.3479233034203069
0
0
0
0
0
0
0
0
0
0
0
0
0
0
0
0
0
0
0
0
0
0
0
0
0
0
0
0
0
0
0
0
0
0
0
0
0
0
2.222392421336448
0
0
0
0
0
0
0
0
0
0
0
0
0
0
0
0
0
0
0
0
0
0
0
0
0
0
0
0
0
0
0
0
0
0
0
0
0
0
0
2.0
0
0
0
0
0
0
0
0
2.0
1.1634987322828796
0
0
0
0
0
0
4.222392421336448
0
0
0
0
0
0
0.6374299206152918
0
0
0
0
0
1.8073549220576042
0
0
0
0
0
0
0
0
0
0
0
0
0
0
0
0
0
0
0
0
0
0
0
0
0
5.807354922057604
0
0
0
0
0
0
0
0
0
0
0
0
0
0
0
0
0
0
0
0
0
0
0
0
0
0
0
0
0
0
0
0
0
0
0
0
0
0
0
0
0
0
0
0
0
0
0
0
0
0
0
0
0
0
0
0
0
0
0
1.2837929660005913
0
0
0
0
0
0
0
0
0
0
0
0
0
0
0
3.222392421336448
0
0
0
0
2.106915203916512
0
0
0
0
0
0
0
0
0
0
0
0
0
0.5979015564286544
1.1634987322828796
0
0
0
0
0
0
0
0
0
0
0
0
0
0
0
0
0
0
0
0
0
0
0
0
0
0
0
0
0
0
0
0
0
0
0
0
0
0
0
0
0
0
0
0
0
0
0
0
2.6374299206152916
0
4.222392421336448
0
0
0
0
0
0
0
0
0
0
0
0
0
0
0
4.213830407833024
0
0
0
1.2837929660005913
3.6671772640093443
0
1.222392421336448
0
0
2.4354631239421476
0
0
0
0
0
0
0
0
0
0
3.807354922057604
0
3.222392421336448
6.0
0
0
0
1.793704669285963
1.799211669758082
2.4854268271702415
0
0
0
0
0
0
0
0
0
0
0
4.222392421336448
0
0
0
0
0
0
0
0
0
0
0
0
0
0
0
0
2.104934839788271
2.347923303420307
3.4854268271702415
0
0
0
6.970853654340483
0
0
0
0
0
0
0
0
0
0
3.6018573057963423
0
0
0
0
0
0
0
0
1.4854268271702418
0
0
0
0
0
0
0
0
0
0
0
0
0
0
0
0
0
0
3.222392421336448
0
0
0
0
0
0
0
0
0
0.48542682717024166
0
0
0
0
0
0
0
0
0
4.844129532345624
0
0
0
0
0
2.222392421336448
0
0
0
0
0
0
0
0
0
0
0
0
0
4.222392421336448
0
4.807354922057604
0
0
0
0
0
0
0
0
0
0
0
0
0
0
1.1069152039165118
0
0
0
0
0
0
0
0
1.2837929660005913
0
0
0
0
0
0
0
0
0
0
0
0
0
0
0
0
0
1.4854268271702418
0
0
0
0
0
0
0
2.6374299206152916
0
0
0
0
0
5.807354922057604
0
3.4854268271702415
0
0
0
0
0
0
0
0
0
0
0.22239242133644802
0
3.807354922057604
0
0
0
0
0
0
12.667177264009343
0
0
0
1.799211669758082
0
0
0
0
0
0
0
0
0
0
0
0
0
0
0
0
0
0
1.222392421336448
0
0
0
0
0
0
0
1.4150374992788437
0
0
0
0
0
0
0
0
0
2.347923303420307
0
0
0
0
4.807354922057604
0
3.807354922057604
0
0
0
0
0
0
2.807354922057604
0
0
0
0
4.807354922057604
0
0
0
0
0
0
0
0
0
0
0
0
0
1.0524674198941355
0
0
0
0
0
2.104934839788271
0
0
0
0
0
0
0
0
0
0
0
0
0
0.28379296600059134
0
0
0
0
0
0.7582982111399
0
0
0
0.41592333652710967
2.347923303420307
0
2.222392421336448
0
0
1.2837929660005913
0
0
0
0
0
0
0
0
0
0
0
0
0
0
0
0
0
0
0
0
0
0
0
0
0
0
0
3.222392421336448
0
0
0
0
1.2837929660005913
0
0
0
0
0
0
0
0
0
0
0
3.807354922057604
0
0
0
0
0
0
0
0
0
0
0
0
0
0
0
0
0
0
0
0
0
0
0
0
0
0
0
0
0
0
0
0
0
0
0
0
0
0
2.807354922057604
0
0
0
0
0
0
0
0
0
0
0
0
0
0
0
0
0
0
0
0
2.6958466068406137
0
0
0
2.6374299206152916
0.8531586116707288
0
1.8987478538600642
0
0
0
0
0.48542682717024166
1.0524674198941355
0
1.0
0
0
0
0
0
2.4854268271702415
0
0
0
0
0
0
0
5.807354922057604
2.667631171488544
0
0
0
0
0
0
0
0
0
0
0
0
0
0
0
0
0
0
0
0
0
0
0
0
0
0
0
0
0
1.3494087523185616
0
0
0
0
2.6374299206152916
0
0
0
2.347923303420307
0
0
0
0
0
0
0
0
0
0
0
0
0
0
0
0
0
0
0
0
1.456280481510725
0
3.118854817228037
0
0
0
0
0
0
0
0
0
0
0
0
0
0
1.4854268271702418
0
0
0
4.807354922057604
0
0
0
0
0
0
0
0
0
0.5345760195825594
5.807354922057604
0
0
0
0
0
0
0
0
0
0
0
0
0
0
1.5594274086140185
0.8531586116707288
0
0
0
0
0
0
0
0
0
9.667177264009345
0
0
4.807354922057604
0
0
0
0
0
0
0
4.222392421336448
0
0
0
0
0
0
0
0
0
0
0
0
0
0
0
0
0
0
0
0
0
0
0
0
0
0
0
0
0
0.9004643264490856
0
0
0
0
0
0.22239242133644802
0
0
0
0
0
0
0
4.912289761845876
0
0
0
0
0
0
0
0
0
0
0
0
0
0
0
0
0
0
0
0
0
0
0
0
0
0
0
0
0
0
4.807354922057604
0
0
0
0
0
0
0
0
0
0
0
0
0
0
0
0
0
0
0
4.807354922057604
0.8073549220576041
0
0
0
0.0
0
0
0
0
0
0
0
0
0
0
0
0
2.444784842672896
0
0
0
0
0
0
0
0
0
0
0
1.3494087523185616
0
0
0
0
0
3.0
0
0
0
0
0
0
0
0
0
0
0
0
0
0
0
0
0
0
0
0
0.15886893498880983
0.8531586116707288
0
0
0
0
0
0
1.6147098441152081
0
0
0
0
0
0
0
2.222392421336448
0
0
0
0
0
0
0
1.6782822258420556
0
0
1.118854817228037
1.2709514799104786
0
0
0
0
0
0
0
0
1.118854817228037
0
0
3.222392421336448
0
0
0
0
0
0
0
0
0
0
0
0.12997604266472176
0
4.222392421336448
0
0
0
0
0
0
0
0
0
0
0
0
0
0
0
0
0
0
0
0
4.807354922057604
0
0
0
3.222392421336448
0
0
0
0
0
0.3148045193648129
0
0.6374299206152918
0
0
0
0
0
0
0
0
0
0
0
0
0
0
0
0
0
0
0
0
0
0
0
0
0
0
0
0
0
0
0
0
0
0
0
0
0
0
0
0
0
0
0
0
0
0
0
0
0
5.807354922057604
0
0
0
0
0
0
0
0
0
0
0
0
0
0
0
0
0
0
0
2.9708536543404835
0
0
0
0
0
0
0
0
0
4.04376991026092
0
0
0
0
0
0
0
0
0
0.8073549220576041
0
1.9004643264490857
0
0
0
0
0
0
0
0
0
0
0
0
0
0
0
0
0
0
4.807354922057604
0
0
0
0
0
0
0
0
0
2.807354922057604
0
0
0
0
0
0
0
0
0
0
0
0
0
0
0
0
0
0
8.599460404036323
0
3.118854817228037
0
0
0
0
0
0
0
0
0
0
0
0
0
2.0
0
0
0
0
0
0
1.5658581095860673
0
0
0
0
0
0
0
0.4276608156660475
0
0
0
0
0
0
0
0
0
0
0
0
0
0
0
0
0
0
0
0
1.9004643264490857
1.6374299206152918
0
0
0
0
0
0
0
1.9004643264490857
0
0
0
0.7484064274155832
0
0
0
0
0
0
2.106915203916512
0
0
0
0
0
0
0.6374299206152918
0
0
0
0
0
0
0
1.3561438102252754
0
0
0
5.807354922057604
0
0
0
0
0
0
0
0
0
0
0
0
0
0
0
0
0
0
0
0
0
0
0
0
1.8073549220576042
0
0
0
0
0
0
0
0
0
0
0.6780719051126377
0
3.4854268271702415
0
1.3916932136812272
0
0
0
0
0
0
2.807354922057604
0
0
0
0
0
0
0
0
0
0
0
0
0
0
0
0
6.444784842672896
0
0
0
0
0.0
0
0
0
0
0
0
3.222392421336448
0
0
0
3.222392421336448
0.32074561174953564
0
0
0
0
0
0
0
0
1.2748598412305836
0
0
0
0
1.1958031128573088
0
0
0.6780719051126377
0
4.807354922057604
0
4.245112497836531
0
3.4854268271702415
2.326997464565759
0
0
0
0
0
0
0
0
0
0
0
0
0
0
0
0
0
0
0
0
0
0
0
0
0
0
0
0
0
0
0
0
0
0
0
4.222392421336448
3.4854268271702415
0
0
0
0
0
0
0
0
0
0
0
0
0
4.0
0
0.7198920808072646
0
2.106915203916512
1.1069152039165118
0
0
0
0
0
0
0
0
0.7198920808072646
4.0
0
0
3.807354922057604
1.0524674198941355
0
0
0
0
0
0
0
0
0
0
0
0
0
0
0
0
0
0
0
0
0
0
0
0
2.222392421336448
0
0
0
0
0
0
0
0
0
0
0
0
0
0
2.034215715337913
0
0
5.807354922057604
0
3.807354922057604
0
0
0
0
0
0
0
0
0
0
0
0
0
1.8987478538600642
0
0
0
0
0
0
0
0
0
2.6374299206152916
0
0
0
0
0
0
0
0
0
0
0
0
0.5675859320011827
0
0
0
0
0
0
0
0
0
0
0
0
0
0
0
0
0
0
0
1.144491125980157
0
0
0
0
0
0
0
0
0
0
0
0
5.807354922057604
3.0
0
0
0
0
0
0
0
0
0
0
0
0
0
0
0
0
0
0
0
0
0
0
0
0
1.9004643264490857
0
0
0
0
0
0
0
0
0.6374299206152918
0
0
0
0
0
0
0
0
1.222392421336448
0
0.0
0
0
0
0
0
0
0
0
2.807354922057604
0.6374299206152918
0
0
0
0
0
0
0
2.106915203916512
0
0
0
0
0
0
0
0
0
0
0
0
0
0
0
0
2.293802861463847
0
0
0
0
0
0
0
0
0
0
0
0
0
0
0
4.970853654340483
0
0
0
0
0
0
0
0
0
0
0
0
0
0
0
0
0
0
0
0
0
0
0
0
0
0.20796166826355483
0
0.9708536543404833
0
0
0
0
0
0
0
0
0
0
0
0
0.6310036514558588
0
0
0
0
0
0
0
0
0
0
0
3.2748598412305836
0
0
0
0
0
0
0
0
0
0
0
0
0
0
0
3.0
0
0.899605834879041
0
0
0
0
0
0
0
0
0
0
0
0
0
0
0
0
0
0
0
0
0
2.6374299206152916
0
0
0
0
0
0
0
0
0
0
0
2.2138304078330235
0
0
0.5779352338271875
0
0
0
0
0
0
2.347923303420307
0
0
0
0
0
0
0
0
0
0
0
0
0.2527660703799667
3.4854268271702415
0
3.0
0
0
0
0
0
0
0
0
0
0
0
1.4150374992788437
0
0
0
0
0
0
2.347923303420307
0
0
0
3.6147098441152083
0
0
0
0
0
0
0
0
0
0
0
0
0
0
0
0
0
0
0
0
0
0
0
0.22239242133644802
0
0
0
0
0
0
0
0
0
0
0
0
0
0
0
0
0
0
0
0
1.4397841616145293
0
0.5779352338271875
0
0
0
0
0
1.1069152039165118
0
3.0
0
0.2623370994706774
0
0
0
0
0
0
0
0
0
0
0
0
4.0
0
0
0
0
0
0
0
0
0
0
0
0.9004643264490856
0
4.209869679576542
0
3.0
0
0
0
0
0
0
0
0
0
0
0
0
0
0
0
0
0
0
0
0.851378898001774
0
0
5.614709844115208
0
0
0
0
0
0
1.0
0
0
0
0
0
0
0
2.087810812781423
3.6147098441152083
0
0
3.0
0.8073549220576041
3.222392421336448
0
0
0
0
0
0
0
0
0.9493739269300321
0
0
0
2.0
0
0
0
0
0
0
0
0
0
0
0
0
0
0
0
0
0
0
0
0
1.0437699102609204
0
0
0
0
2.106915203916512
2.347923303420307
0
0
0
0
3.4854268271702415
0
0
0
0
0.7629608026991507
0
0
0.5771416188354903
0
3.4126344466829153
0
0
0
1.2837929660005913
0
0
0
4.695846606840614
0
0
0
0
0
0
0
0
0
0
0
0
0
2.5594758350121865
0.8095774805166518
0
0
0
0
0
0
0
0
0
0
0
0
0
0
0
0
0
0
0
0
0
0
0
0
0
1.0439054063907116
0
0
0
0
0
0
0
0
0
0
0
0
0
0
0
2.807354922057604
0
0
0
0
0
0.7582982111399
0
0.3155018257279294
0
0
0
0
0
0
0
0
0
0
0
0
3.807354922057604
0
0
3.222392421336448
0
1.0
0
2.0
0
0
1.0
0
0
4.222392421336448
0.5979015564286544
0
0
0
0
0
0
0
0
0
0
0
0
0
0
0
0
0
0
0
0
0
0
0
0
2.444784842672896
0
0
0
2.106915203916512
0
0
0
0
0
0
0
0
0
0
0
0
0
0
0
0
0
0
0
0
0.4047887402583259
0
0
0
0
0
2.807354922057604
0
0
0
0
0
0
0
0
0
0
0
0
0
0
0
0
0
0
0
0
0
0
0
0
0
0
0
0
0
0
0
0
0
0
0
0
0
0
0
0
0
1.9004643264490857
0
0
0
2.905262494951906
0
0
0
2.6374299206152916
0
0
0
0
0
0
0
0
0
0.3148045193648129
0
0
0
0
0
0
0.3155018257279294
0
0
2.0
0
0
0
0
0
0
0
0
0
1.4150374992788437
0
0
0
0
0
0.5219527031953558
0
0
5.807354922057604
0
0
0
0
0
0
0
0
0
0
0
0
1.799211669758082
0.3379377109282766
0
0
0
0
0.7198920808072646
0
1.8073549220576042
0
0
0
0
0
8.444784842672895
0
0.855321631332095
0
0
0
0
2.347923303420307
0
0
2.6374299206152916
0
0
0
0
4.807354922057604
0
0
0
0
0
0.7198920808072646
0
0
0
0
0
0
0
1.1351718640023654
0
0
0
0
4.213830407833024
0
0
0
0
0
0
0
0
5.422064766172813
0
0
0
0
0
0
0
0
0
0
0
1.2829824469981426
0
0
0
0
0
0
0
0
0
2.326997464565759
0
0
0
1.9004643264490857
0
0
0
0
0
0
0
0
0
3.4854268271702415
0
0
0
0
0
0
0
0
0
0
0
0
0
0
0
0
0
0
0
0
0
0
0
0
0.0
0
0.5979015564286544
0
0
0
0
0
0
1.799211669758082
0
0
0
0
0
0
0
0
0
0
0
0
0
0
0
4.807354922057604
0
0
0.5219527031953558
0
2.3916062257146176
0
0
0
0
0
0
0
0
0
0
0
0
0
0
0
0
0
0
0
4.807354922057604
0
0
0
0
0
0
0
1.1634987322828796
0
0
0
0
3.118854817228037
0
0
0
1.118854817228037
0
0
0
0
0
0
0
0
0
0
0
0
0
0
0
0
2.347923303420307
0
0
0
0
0
1.1069152039165118
0
0
0
0
0
0
0
0
0.0
0
5.807354922057604
0
0
2.4854268271702415
0
0
0
0
0.3971723374720246
0
0
2.347923303420307
0
0
0
0
0
0
0
0
7.614709844115208
0
1.8987478538600642
2.104934839788271
0
0
0
0
3.0
0
0
0
0
0
0
0
0
3.222392421336448
0
0.5560412724608343
0
0
0
0
0
1.5259216053983014
0
0
0
0
0
0
0
0.4047887402583259
1.4854268271702418
0
0
0
0
0.0
0
0
0
0
0.2623370994706774
0
0
0
0
0
0
0
0
0
0
0
0
0
0
0
0
0
0
0
0
0
0
0
0
0.7705803117695833
0
0
0
0
0
0
0
0
0
0
0
0
0
0
0
0
0
0
0
0
0
0
0
0
0
0
0
0
0
0
0
0
3.2294196882304163
0
0
0
0
0
0
0
0
0
0
0
0
2.0
0
0
0
0
0
0
0
0
0
0
0
0
0
0
0
0
0
0
0
0
0
0
0
0
0
0
0
0
0
0.7621803347110125
0
0
0
0
0
0
2.4854268271702415
0
0
0
0
0
0
0
0
0
0.7629608026991507
0
0
0
0
0
0
0
3.807354922057604
0
0
2.807354922057604
0
1.2837929660005913
0
0
0
0
0
3.4854268271702415
0
2.326997464565759
0
0
0
0
0
1.3479233034203069
2.4854268271702415
0
0
0
0
4.807354922057604
0
0
0
0
0
0
9.03677461028802
0
0
0
0.0
0
0
0
0
0
0
0
0
0
0
0
0
0
0
0
0
0
0
0
0
0
0
0
0
0
0
0
0
0
0
0
4.807354922057604
0
0
0
0
0
0
0
0
0
0
0
0
0
0
0
0
1.0
0
0
0
0
2.347923303420307
0
0
0
0
0
0
0
0
0
0
0
0
0
0
0
0.9004643264490856
0
0
0
0
0
0.8895696853457921
1.7198920808072646
0
0
0
0
0
0
0
0
0
0
0
0
0
4.807354922057604
0
0
0
0
0
0
0
0
0
0
0
0
0
3.222392421336448
0
0
1.4150374992788437
0
0
0
0
0
6.11196210668224
0
0
0
0
0
0
0.48542682717024166
0
0
0
0.6374299206152918
0
4.0
0
0
0
0
1.6374299206152918
0
0
3.807354922057604
0
0
0
0
0
2.222392421336448
0
0
0
1.9004643264490857
0
0
0
0
0
0
0
3.6147098441152083
0
0
3.4854268271702415
0
0
1.2748598412305836
0.5979015564286544
3.222392421336448
0
0
0
0
0
0
0
0
0
0
0
0
0
0
0
0
0
0
0
0
0
0
0
0
0
0
0
0
0
0
0
0
0
0
0
0
0
0
0
0
0
0
0
0
0
0
0
0
0
0.5345760195825594
0
0
0
0
0
0
0
0
0
0
0
0
0
0
0
0
0
0
0
0
0
0
0
0
2.106915203916512
0
0
0
0
0
0
0
0
0
0
0
0
0
0
0.9493739269300321
3.222392421336448
0
0
0
3.7974957077201283
0
0
0
0
0
0
0
0
0
0
0
0
0
0
0
0
0
0
0
0
0
0
0
0
0
0
0
0
0
0
2.6958466068406137
0
0
0
0
1.9004643264490857
0
0
0
1.8073549220576042
2.6374299206152916
0
0
0
0
0
0
0
0
0
0
0
0
2.807354922057604
2.807354922057604
0
0
0
0
0
0
0
0
0
0
0
0
0
0
1.3479233034203069
2.9708536543404835
1.0439054063907116
0
0
0
0
0
0
0
0
0
0
0
0
0
0
0.8531586116707288
2.807354922057604
0
0
0
0
0
0
1.6782822258420556
0
0
0
0
0
0
0
0
0
0
0
0
0
0
0
0
0
0
0
0
0
0
0
0
2.4854268271702415
0
0
0
0.31773786997761966
0
0
0
0
0
0
0
0
1.8073549220576042
0
0
0
0
0
0
0
0
0
0
0
0
0
0
0
0
0
0
0
0
2.347923303420307
0
0.5594274086140185
0
0
0
0
0
0
0
0
1.7198920808072646
0
0
0
0
0
1.4854268271702418
0
0
0
0
0
0
0
0
0
0
0
0
0
0
0
0
0
0
0
3.4854268271702415
1.7198920808072646
0
0
0
0
0
0
0
0
0
0
0
0
0
0
0
0
0
0
0
0
0
0
0
1.1069152039165118
0
0
0
0
1.3494087523185616
0
0
0
0
0
0
0
0
0
0
0
0
0
0
0
0
0
0
0
0
0
0
0
0
0
0
0
0
0
0
0
0
0
4.222392421336448
0
0
0
0
0
0
4.456280481510725
0
0
0
0
0
0
0
0
0
0
0
2.8795683232290585
0
0
0
0.8531586116707288
0
0
0
0
0
0
0
0
0
0
0
0
0
0
0
0
0
0
0
0
0
0
1.0439054063907116
0
0
0
0
0
0
0
0
0
0
0
0
0
0
0
0
0
0
0
0
0
0
0
0
0
0
0
0
3.807354922057604
0
0
2.6374299206152916
0
0
0
0
0
0
0
0
0
0
0
0
0.05246741989413548
4.807354922057604
0
0
0
0
0
0
2.347923303420307
0
0
0
0
0
0
0
0
0
0
5.807354922057604
0
0
0
0
0
0
0
0
0
0
0
0
0
0
0.7629608026991507
0
0
0
0
0
2.034215715337913
0
0
0
0
0
0
0
0
0
0
0
2.347923303420307
4.222392421336448
0
0
0
0
0
0
0
0
0
0
0
0
0
0
0
0
0
0
0
0
0
0
0
0
0
0
4.807354922057604
0
0
0
0
0
0
0
1.6374299206152918
0
0
0
0
0
0
0
6.0
0
0
0
3.807354922057604
0
0
0
0
0
0
0
0
0
0
0
0
0
0
0
0
0
0
0
0
0
0
1.1634987322828796
0
5.807354922057604
0
0
0
0
0
0
0
0
0
0
0
0
0
0
0
0
0
0
0
0
6.0
0
0
0
0
0
1.7063172233414576
0
0
0
0
0
0
0
0
0
0
0
0.9493739269300321
0
0.44478484267289603
2.222392421336448
0
0
0
0
0
0
0
0
0
5.807354922057604
0
0
0
1.3479233034203069
0
0
0
0
0
2.6958466068406137
0
0
0
0
4.807354922057604
0
0
0
0
0
0
0
0
0
0
0
0
0
0
0
0
0
0
0
1.7198920808072646
0
0
0
0
0
0
0
0
0
0
0
1.1069152039165118
0
0
1.1634987322828796
4.807354922057604
1.7063172233414576
0
3.222392421336448
0
0
2.347923303420307
0
0
0
0
0
0
0
0
0
0
0
0
0
0
0
0
0
0.6671772640093441
0
4.222392421336448
4.222392421336448
0.8073549220576041
0
0
0
0
0
0
0
0
0
0
0
0
0.9493739269300321
3.8834146173619333
0
0
0
0
0
0
0
0
0
0
0
0
0
0
0
0
0
0.5594274086140185
0
2.106915203916512
4.0
0.851378898001774
0
1.2837929660005913
0
0
0
0
0
0
0
0
0
0
0
0
0
0
0
0
2.0221285630397334
0
0
0
0
0
0
0
0
0
0
0
4.807354922057604
0
0
0
0
0
0
0
0
0
2.222392421336448
4.222392421336448
0
0
0
0
0
0
0
0
0
0
0
0
1.0524674198941355
0
0
0
0.9465054771837882
1.1069152039165118
0
0
0
0
0
0
0
0
0
0.5979015564286544
0
0
0
0
0
0
0
0
0
0
0
0
0
0
0
1.8009286528981712
0
0
0
0
0
0
0
0
0
0
4.222392421336448
0
0
0
3.222392421336448
0
0
0
0
0
5.807354922057604
2.2138304078330235
3.4854268271702415
0
0
0
0
2.222392421336448
0
0
0
0
0
0
0
0
0
0
0
0
0
0
0
0
0
0
0
0
0
3.0
0
0
1.4854268271702418
0
0
0
0
0
0
0.20986967957654193
0
0
0
0
0
0
0
0
0
1.3479233034203069
2.4854268271702415
4.222392421336448
0
0
0
0
4.222392421336448
0
0
4.807354922057604
1.3479233034203069
0
0
0
0
1.222392421336448
1.118854817228037
0
0
0
1.8987478538600642
0
0
0
0
0
0
0
0
0
0
0
0
0
0
0
0
0
0
0
0
0
0
0
0
0
0
0
0
0
0
0
0
1.1069152039165118
0
0
0
0
0
0
0
0.8895696853457921
0
1.3561438102252754
0
0
0
5.807354922057604
0
0
0
0
0
0
0
0
0
0
0
0
0
3.807354922057604
0
2.347923303420307
0
0
2.0
0
0
0
0
0
0
0
0
0
0
0
0
0
0
0
0
0
0
0
0
0
0
0
2.422064766172812
0
0
0
0
0
0
0
0
0
0
0
0
0
0
0
0
0.10398083413177742
2.347923303420307
0
0
0
2.6374299206152916
0
5.159676242421794
0
0
0
0
0
0
0
0
0
0
0
3.4397841616145293
0
0
0
0.5675859320011827
0
0
0
2.4854268271702415
0
0
0
0
0
0
1.4854268271702418
0
0
0
0
0
0
0
0
0
1.8073549220576042
0
0
0
0
0
6.970853654340483
0
0
0
0
0
1.1432705020665188
0
0
0
0
0
0
0
6.0
0
4.222392421336448
0
0
0
0
2.347923303420307
7.912289761845875
0
0
0
0
0
0
0
0
0
0
0
0
0
0
0
1.9004643264490857
0
0
0
0
0
0
0
0
0
0
0
0
0
0
0
0
0
0
0
0
0
0
0
0
0
0
1.2837929660005913
0
0
0
0
0
3.2294196882304163
0.8073549220576041
1.4854268271702418
0
0
0
0.15597125119766614
0
0
0
0
0
0
0
0
0
0
0
0
0
0
0
0
0
0
0
0
0
5.701392979347257
0
0
0
0
0
0
0
0
0
0
0
0
5.807354922057604
0
0
0
0
0.3155018257279294
2.807354922057604
0
2.6374299206152916
0
2.222392421336448
0
0
0
0
0
0
0
0
0
0
0
0
1.5259216053983014
2.0
0
0
0
2.0
0
0
0
0
0
4.222392421336448
0
0.48542682717024166
2.0
0
0
0
0
0
0
0
0
12.0
0
0
5.807354922057604
0
0
0
0
0
0
0
0
0
0
0
0
0
0
0
0
0
0
0
0
0
0
0
4.807354922057604
0
0
0
0
0
0
0
0
0
0
0
0
1.222392421336448
0
0
0
0
0
0
1.9004643264490857
0
0
4.807354922057604
0
0
0
0
0
0
0
0
0
0
0.9632253897119791
1.2837929660005913
0
0
0
0
0
0
0
1.0524674198941355
1.4854268271702418
0
0
0
0
0
0
0
0
0
0
0
0
0
0
0
0
0
0
0
0
0
0
0
0
0
0
0
0
0
0
0
0
0
0
0
0
0
0
0
0
0
0
0
0.6310036514558588
0
0
0
0
0
0
0
0
0
0
0
5.807354922057604
0
0
2.807354922057604
0
0
1.1069152039165118
1.9004643264490857
0
0
0
0
0
0
5.807354922057604
0
0
0
0
0
0
0
1.8930109543675764
0
0
0
3.222392421336448
0
0
0
0
0
0
0
0
0
0
5.807354922057604
0
2.807354922057604
0
0
0
0
0
0
0
0
1.3479233034203069
0
0
0
0
0
0
0
0
0
0
0
0
0
0
0
0
0
1.8073549220576042
0
0
0
0
0
0
0
0
0
0.48542682717024166
0
0
0.8073549220576041
0
0
0
0
0
0
0
0
0
0
0
0.32074561174953564
0.44478484267289603
0
0
2.807354922057604
0.0
0
0
0
0
0.9708536543404833
0
0
0
0.4939089621259427
0
0
0.20986967957654193
0
5.807354922057604
0
0.3155018257279294
0
1.155870467654375
0
0
0
2.288982251960314
0
1.3898976509146546
0
0
2.5675859320011827
0
0
1.2638303518998333
0
0
0
4.695846606840614
0
0
0
0
0
0
0
0.0
0
0
0
0
0
0.31773786997761966
0
0
0
0
2.3916062257146176
0
1.8073549220576042
0
0
0
0
0.7198920808072646
0
0
0
0
0
0
0
0
0.44478484267289603
0
0
2.4854268271702415
0
0
0
0
0
0
0
0
0.12997604266472176
0
0
0
0
0
0
0
0
0
0.6310036514558588
0.5397183203444346
0
0
0
0
0
0
0
0
0
0
0
0
0
0
3.6147098441152083
0
1.4397841616145293
0
0
1.4150374992788437
0
0
0
0
0
0
0
0
0
0
0
1.222392421336448
0
0
0
0
0
0
0
0
0
0
0
0
0
0
6.0
0
5.807354922057604
0
0
0
0
0.851378898001774
0
0
3.4854268271702415
0
0
0
0
0
0
0
0
0
0
3.4854268271702415
0
0
0
0
0
0
0
0
0
0
0
0
0
0
0
2.222392421336448
0
0
0
0
0
0
0
0
0
0
0
0
0
0
0
0
0
0
0
0
0
0
0
0
0
0
0
0
0
0
0
0
0
0
0
0
0
0
0.28379296600059134
0
0
0
0
1.0524674198941355
0
0
0
0
10.456280481510724
4.807354922057604
2.0
0
0
0
0
0.9004643264490856
0
3.4397841616145293
0
0
0
0
0
0
0
0
0
0
0
1.0524674198941355
0
0
0
0
0
0.10398083413177742
0
0
0
0
0
0
0
0
0
0
0
0
0
0
0
0
0
0
0
0
0
0.38529015588479165
0
0
0
0
0
0
0
1.5594274086140185
0
0
0
0
0
0
0
0
0
0
0
0
0
0
0
0
0
0
0
0
0
0
0
0
0
0
0
0
0
0
0
0
0
0
0
0.2698591601722173
0
0
0
19.33435452801869
0
0
0
0
4.6782822258420556
0
0
0
0
0
3.4854268271702415
0
0
0
0
1.1634987322828796
0
0
0
0
0
0
3.4854268271702415
0
0
0
0
0
0
0
0
0
4.807354922057604
0
0
0
0
0
1.1069152039165118
0
0
0
0
0
0
0
0
3.807354922057604
0
0
0
0
5.534576019582559
1.7063172233414576
0
0
0
2.106915203916512
0
0
0
0
0
0
0
0
0
0
0
0
0
0
0
0
2.8300749985576874
0
0
0
0
0
0
0
0
0
0
0
0
0
0
2.0
0
0
0
1.2451124978365313
0
0
0
0
0
0
0
0
0
0
0
0
0
1.4854268271702418
0
0
0
2.5675859320011827
0
0
0
0
0
4.807354922057604
0
0
0
0
0
3.0
0
3.2748598412305836
0
0
0
0
0
0
0
0
0
2.807354922057604
0
4.807354922057604
0
0
0
0
4.807354922057604
6.549719682461167
0
0
0
0
0
0
1.2451124978365313
0
0.9004643264490856
0
0
0
0
3.4854268271702415
0.10691520391651188
0
0
0
0
0
0
0
0
0
0
0
0
1.4854268271702418
0
0
0
0
0
0.6296090387296258
0
0
0
0
0
0
0
0
0
0
0
0
0
0
0
0
0
0
1.456280481510725
0
0
0
0
0
0
0
2.106915203916512
0
0
4.444784842672896
0
0
0
0
0
0
0.5675859320011827
0
0
0
0
0
0
0
0
0
1.1634987322828796
2.444784842672896
0
0
0
0
2.347923303420307
0
0
1.0524674198941355
0
0
0
0
0
0
0
0
0.8531586116707288
0
0
0
0
0
0
0.6746479004305432
0
0
0
0
0.9004643264490856
0
0.7149102074496443
0
0
0
0
0
0
0.9708536543404833
0
0
0
0
0
0.7198920808072646
0
0.6374299206152918
0
0.0
0
0
0.9004643264490856
0
0
0
0
0
0
2.087810812781423
0
0
0
0
0
0
0
0
0
0
0
0.0
0
0
0
0
0
0
1.0439054063907116
0
0
0
0
0
3.4854268271702415
0
0
0
0
0
0
0.0
0
0
0
0
0
0
0
0
0
0
4.498029174395205
0
0
0
1.6374299206152918
0
0
0
0.6958466068406136
0.851378898001774
0
1.799211669758082
0
0
0.8300749985576875
0
0.5397183203444346
0
0
0
0
3.807354922057604
0
0
0
0
0
0.41503749927884376
0
0
0
0
0
0
0
0
0
0
0
3.807354922057604
0
0
0
0
0
0
0
0
0
0.5397183203444346
0
0
0
0
0
0
0
0
0
0
0
0
0
0
0
1.0
0.6498802133236089
0
0
0
0
0
0.7198920808072646
0
0
2.4524809842431936
0
0
0
0
1.9004643264490857
0
0
0
0
0
0
0
