0
0
0
0
0
0
0
0
0
0
0
0
0
0
0
0
0
0
0
0
0.7481880270062005
0
0
0
0
0
1.4471580313422192
0.7939455175668755
0.6690067809585756
0
0
0
0
0
0
0
0
0
0
0
0
0
0
0
0
0
0
1.4471580313422192
0
0
0
0
0
0
0
0
0
0
0
0
0
0
0
0
0
0
0
0
0
0
0
0
0
0
0.5177391056279265
0
0
0
0
0
0
0
1.271066772286538
0
0
0
0.38646019098860757
0
0.6690067809585756
0
0
0
0
0
0
0
0
0
0
0
0
0
0
0
0
0
0
0
0
0
0
0
0
0
0
0
0
0.9030899869919435
0
0
0
0
0
0
0
0
0
0
0
0
0
0
0
0
0.9700367766225568
0
0
1.7481880270062005
0
0
0
0
0
0
0
0
0
0
0
0
0
0
0
0
0
0
0
0
0
0
1.7481880270062005
0
0.35024801833416286
0
0
0
0
1.806179973983887
0
0
0
0
0
0
0.8450980400142568
0
0
0
0
0
1.0492180226701815
0
1.806179973983887
0
0
0
0
0
0
2.8943160626844384
1.0492180226701815
0
0
0
0
0
0
0
0
0
0
0
0
0.6342446746993636
0
0
0
0
0
0
0
0
0
0
0
0
0
0
0
0
0
0
0
0.33321467903538243
0
0
0
0
0
0
0
0
0
0
0
0
0
0
0.2857900291072444
0
0
0
0
0
0
0
0
0
0
0
0
0
0
0
0
0
0.33321467903538243
0
0
0
0
1.4471580313422192
0
0
0
0
0
0
0
0
0
0
0
0
0
0
0
1.4471580313422192
0
0
0
0
0
0
1.3380135619171512
0
0
0
0
0
0
0
0
0
0
0
0
0.5440680443502757
0
0
0
0.7067953418479753
0
0
0
0
0
0.7067953418479753
0
0
0
0
0
0
0
0
0
0
0
0
0
0
0
0
0
0
0
0
0
0
0
0
0
0
0
0
0
0
0
0
0
0
0
0
0
0
0
0
0
0
0
0
0
0
0
0
0
0
0
0
0
1.146128035678238
0.7067953418479753
0
0
0
0
0
0
0
1.2172960385519827
1.146128035678238
0
0
0.1434729444324682
0
0
2.8943160626844384
0
0
1.7481880270062005
0
0.7067953418479753
0
0
0
0
0
0.7939455175668755
0
0
0
1.4471580313422192
0.3010299956639812
0
0.21670910996394527
0
0
1.6901960800285136
0
0
0
0
0
0
0
0
0
0
0
0
0
0
0
0
0
0
0
0
0
0
0
0.5756565787167394
0
0
1.0507440550024887
0
0
0
0.6342446746993636
0
0
0.5720967679505191
0
0
0
0.7067953418479753
0
0
0
0
0
0
0
0
1.9027340240980908
0
0
0
0.584512142712952
0
0
0
0
0
0
0
0
0.9700367766225568
0
0
0
0
0
0
1.0492180226701815
0
0
0
0
0
0
0
0
0
0
0
0
0
1.146128035678238
0
1.0492180226701815
1.271066772286538
0
0
0
0
1.4471580313422192
0.9030899869919435
0
0
0
0
1.0492180226701815
0.48607609737258883
0
0.34452615869127157
0
0
0
0.3347702036757591
0
0.8999315146960273
0.49291552190289434
0
0
0.2568263331719277
1.0492180226701815
0
0
0
0
1.1039303558837834
0
0
3.345033904792878
0
0
0
0
0
0
0
0
0
0
0
0
0
0
0
0
1.4787465657086831
0
0
0
0
0
0
0
0
0
0
0
0
0
0
0
0
0
0
1.0881360887005513
1.5532173168837793
3.7409401350310025
1.0881360887005513
0
0.6020599913279624
0.0626027000956522
1.7481880270062005
0
0
0
0
0.7004960366683257
0.7704789995157831
0
0.9700367766225568
0
0
0.5421335445730759
0.0
0
0.2112841128228262
0.8450980400142568
0
0
0
0.9700367766225568
0
0
0
0
0.07042803760760873
0
0
0
0
0
0
0
0
0
0
0
0
2.8943160626844384
1.7481880270062005
0
0
0.5440680443502757
0
0
0
0
0
0
0
0.4748775661542837
0
0
0
0
0
0
0
0
0
0
0
0
0
0
0
0
0
0
0
0
1.3540417028646496
0.7481880270062005
0
0
2.4082399653118496
0.22967408712831291
0
0.35024801833416286
0
0
0
0.7939455175668755
2.098436045340363
0
0
0
0
0
0
0
0
0
0
0
0
0
0
0
0
0
0
0
0
0
0.40823996531184964
0
0
0
0
0
0
0
0
0
0
0
0
0
0
0
0
0
0
0.5440680443502757
0
1.271066772286538
0
0
0
0
0
0
0
0.21670910996394527
0
0
0
0
0
0
0
0
0
0
0
0
0
0
0
0
0
0
0
0
0
0
0.5715800582144888
0.7481880270062005
0.6690067809585756
1.4471580313422192
0
0
0
0
0
0
0
1.271066772286538
0
0
0
0
0
0
1.146128035678238
0
0
0
1.7481880270062005
0
0
0
0
0
0
0
0
0
0
0
1.2779061968168433
0
0
0
0
0
0
0
0
0
0
0
0
0
0
0.9700367766225568
0
0
0
0
0
0
0
0
0.6690067809585756
0
0
0
0
0
0
0
0
0.6020599913279624
0
0
0
0
0
0
0.8132003168596139
1.7481880270062005
0
0
0
0
0
0.2843249563578486
0
0
0
0
0
0
0
0
1.4719071411783777
0
0
0.5440680443502757
0
0
0
0
0
0
0
0
0.8943160626844384
0
0
0
0
0
0
0
0
0
0
1.4471580313422192
0
0
0
0
0
0
1.4471580313422192
0
0
0
0
2.098436045340363
0
0
0
0
1.4471580313422192
0
0
0
0
0
0
0
0.7067953418479753
0
0
0.5177391056279265
0
0
0
1.6074083924606182
0
0
0
0
0
0
0
0.3158853436646376
0.24609011335090827
0
0
0.48607609737258883
0.36797678529459443
0
0.7481880270062005
0
0
0
0
0
0.46943442605337143
0
1.2569873598376096
1.7481880270062005
0
1.7481880270062005
2.332502753247677
0
0
1.0492180226701815
2.8943160626844384
0
0
0
0
0
1.4471580313422192
0
0
0
0
0
0
0.7359535705891889
0
0
0
0
0
0
0.6342446746993636
1.9400735532451137
0
0
0
0.6336485256944262
0
0
0
0
0
0.6246936830414996
0
0.4057653461839942
0
0
0
0
0
0
0
0.9721521947451777
0.4259687322722811
0.2568263331719277
0
0
0.3368088607787805
0.6123599479677745
0
0
0
0
0
0
0
0
0
0
0
0
0
0
0
0
0
0
0
0
0
0
0
0
0
0
0
0.7939455175668755
0
0
0
0
0
0
0
0
0
0
0
0
0
0
0
0
0
0
0
0
0
0
0
0
0
0
0
0
0
0
0
0
0
0
0
0
0
0
0
0
0
0
0
0
0
0
0.9995098928663994
1.7481880270062005
0
0
0
0
0
0
0
0
0
0.7481880270062005
0
0
0
0
0
0
0
0
0
0
0
0
0
0
0
0
0
0
0.7939455175668755
0
0
0
0.38646019098860757
0
0
0
0
0
0
0
0
0
0
1.4471580313422192
0.8519374645445622
0
0
0
0
0
0
0
0
0
0
0
0.15218033814096588
0.7067953418479753
0
0
0
0
0
0
0
0
0
0
1.6901960800285136
1.146128035678238
1.2041199826559248
0
0
0
1.0492180226701815
0
0
2.098436045340363
0
0
0
0.49291552190289434
0
0
0
0
0
0.43341821992789054
0
1.3380135619171512
0
0
0
0
0
0
0
0
0
0.9700367766225568
0
0
0
0
0
0
0.42715097662313184
0
0
0
0
0
0.0
0
0
0
0.0
0
0
0
0
0
0
0
0.3168242628472131
0
1.0881360887005513
0
0
0.22943914285322783
0
0
0
0
0
0
0
0
0
1.806179973983887
0
1.035478211255853
0.43341821992789054
0
0
0
0
0
1.4471580313422192
0
0
0
1.7481880270062005
0
0
0
0
0
0
0.43341821992789054
0
0
0
1.7481880270062005
0
1.4471580313422192
0
0
0
0
1.0492180226701815
0
0
0
0
0
0
0
0
0
0
0
0.6020599913279624
0
0
0
0
0
0
0
0
0
1.0492180226701815
0
0
0
0
0
1.6901960800285136
0.8450980400142568
0
0
0
0
0
0
0
0
0
0
0
1.4471580313422192
0
0
0.24987747321659984
0
0
0
0
0.8450980400142568
0
0
0
0
0
0
0
0
0
0
0.6020599913279624
0
0.9030899869919435
0.4016807377836793
0
0
0
0
0
1.4135906836959506
0
0
1.806179973983887
0.6342446746993636
0
0
1.4471580313422192
0
0
0
0
0
0
1.4471580313422192
0
0
0
1.6901960800285136
0
0
0
0
1.7481880270062005
0
0
0
0
0
0
0
0
0
0
1.2172960385519827
0
0
1.2346816720011378
0
0.5052132911681707
0
0
0
0.1899510264617135
1.146128035678238
0
2.0070203428757267
0
0
0
0
0
0
0
0
0
0
0
0
0
0
0
0
0
0
0
0
0
0.8547796190777107
0
0
0
0.45654101442289763
0
0.5720967679505191
0
0
0
0
0
0
0
0
0
0
0
0.9504727885416393
0
0.5720967679505191
0
0
0
0
0
0
0
0
1.146128035678238
1.7481880270062005
0
0
0
0
0
0.263033731459525
0
0
0
0
0
0
0
0.8450980400142568
0
0
0
0
0
0
0
0
0
0
0
0
0
0
0
0
0
0
0
0
0
0
0
0
0
0
0
0
0
0
0
0
0.6690067809585756
0
0
0
0
0
0
0
0
1.0492180226701815
0
1.7481880270062005
0
0
0
1.271066772286538
0
0
0
0
0.2953081360210899
0
0
0
1.146128035678238
0.38646019098860757
0
0
0
0
0
0
0
0
0
0
0
1.4471580313422192
0
0
0
0
0
0
0
0
0.5355743170449058
0
0
0.5756565787167394
0
2.292256071356476
1.0492180226701815
1.7481880270062005
0
0
0
0
0
0
0
0
0
0
0
0
0
0
0
0.7481880270062005
0
0
0
0
0
0
0
0
0
0
0
1.7481880270062005
0
0
0
0
0
0
0
0
0
0
0
0
0
0
0.9030899869919435
0
0
0
0
0
0
0
0
0
0
0
0
0
0
0
0
0
0
0
0
0
0
0
0
0
0
0
0
0
0
0
0
2.098436045340363
0
0
0
0
1.0492180226701815
1.7481880270062005
0
0
0
0
0
0
0
0
0
0
0
0
0
0
0
0.24303804868629442
0
0
1.4471580313422192
0
0
0
0
0
0
0
0
0
0
0
0
0
0
0.7481880270062005
1.0492180226701815
0
0
0
0
0
0
1.0492180226701815
0
0
0
0
0.9504727885416393
0
0
0
0
2.6760271238343023
0
0
0
0
0
0
0
0
0
0
0
0
0
0
0.3168242628472131
0
1.4471580313422192
0
1.587891035133751
0
1.0492180226701815
0
0
0
0
0
0.3010299956639812
0
0.2568263331719277
1.271066772286538
0.10473535052001297
0
0
0
0
0
0
0
0.6690067809585756
0.297362825454348
0
0
0
0
0
0
1.0492180226701815
0
0.3010299956639812
0
0.6690067809585756
0
0
0
0
0
0
0
0
0
0
0
0
0
0.2568263331719277
0.49291552190289434
0
0.6342446746993636
0
0
0
0
0
0
0
1.4471580313422192
0.8745711562580994
0
0
0.5136526663438554
0
0
0
0.8519374645445622
1.4471580313422192
0
0
0
0
0
0
0
0
0
1.7481880270062005
1.4471580313422192
0
0
0
0
0
0
0
0
0
0
0
1.146128035678238
0
0
1.0492180226701815
0
0
0
0
1.3380135619171512
0
0
0
0
0
0
0
0
0
0
0
0
0
1.9400735532451137
1.146128035678238
0
0
0
0.7067953418479753
0
0
0
2.292256071356476
0
0.9700367766225568
0
0.7939455175668755
0.8943160626844384
0
0
0
0
0
0
0
0
0
0
0.8450980400142568
0
0
0
0
0.3249428072661127
0
0
0
0
0
0
0
0
0
0
0.9891721979162782
0
0
0
0
1.7481880270062005
0.4057653461839942
0
0
0
0
0.7729203819772151
0
0.8115306923679884
0
0
0
0
0
0
1.4471580313422192
0
0
0
1.0492180226701815
0
0
0
0
0.9858310438057887
0
0
0
0
1.0492180226701815
0
0
0
0
0
0
0
0
0
0
0
0
0
0
0
0
0.9030899869919435
2.0070203428757267
0
0.7481880270062005
0.48607609737258883
0
0
0
0
0
0
0
0
0
0.7729203819772151
0
0
0
0
0
0
0
0
0
0
0
0
0
0
0
1.4471580313422192
0
0
0
1.4471580313422192
0
0
0
0
0
0
0.6020599913279624
0
0
0.9030899869919435
0
0
0
0
0
0
1.0507440550024887
0
0
0
0
0
0
0
1.271066772286538
0
2.292256071356476
0
0
0
0.19188552623891314
0
0
0
0
0.36797678529459443
0
0
0
0
0
0
0
0.6690067809585756
0
0
0
0
0
0
0
0
0
0
0
0
0
0
0
2.3818365527006264
0
0
0
0
0
0
0
0
0
0
0
0
0
0
0.7939455175668755
0
0
0
0.38646019098860757
0
0
1.4135906836959506
0
0.8943160626844384
0
0
0
0
0
0
0
0
0
0.9030899869919435
0
0
0
0
0.7067953418479753
0
0
0
0
0
0
1.271066772286538
1.146128035678238
0
0
0
0
0
0
0
0
0
0
0.7704789995157831
0
0.7939455175668755
0
0.6690067809585756
1.1593805729658226
0
0
0
0
0
0
1.587891035133751
0
0
1.7481880270062005
0
0
0
0
0
0
0
1.146128035678238
0
0
0.6342446746993636
0.8450980400142568
0
0
0
0
0
0
0
0
0
0
0
0
0.7199452117568218
0.7004960366683257
0
0
0
0
0
0
0
0
0
0
0
0
0
0
0
0
0
0
0
0
0
0
0
0
0
0
0
0
0
1.4471580313422192
0
0
0
0
0
0
0
0
0
0
0
0
0
0
0
0
0
0
0
1.4471580313422192
0
0
0
0
0
0
0
0
0
1.271066772286538
0
0
0
0
0
0
1.2684893493987273
0
0
0
1.5458407639544303
0.36797678529459443
0
1.1039303558837834
0
0
0.4189414020800519
0
0
1.0492180226701815
0
0
0
0
1.0492180226701815
0
0.33321467903538243
0
0
0
0
0.8573700873217331
0
0
0.17998630293920545
0.5416166811458598
0
0
0
0
0.6342446746993636
0
0
0
0
0
0
0
0
0
0
0.46862752741429253
0
0
0
0
0
0
0
0
0
0
0
0
0
0.9504727885416393
0
1.0492180226701815
0
0
1.7481880270062005
0
0
0
0
0
0
0
0
0
1.4471580313422192
0
0.27106677228653797
0
0
0
0
0
0.9030899869919435
0
1.4471580313422192
0
0
1.2041199826559248
0
0
0
0.9030899869919435
0
0
0
0.4057653461839942
0
0
0
0.5440680443502757
0
0
0
0
0
0
0
0.3010299956639812
0
0
0
0
0
0
0.73064017839119
0
0
0
0
0.3168242628472131
1.7481880270062005
0
0
1.7481880270062005
0.24303804868629442
0
0
0
0
0
0
0
1.4471580313422192
2.244564081018601
0
0.7939455175668755
0
0
0
0
0
0
0
0
0
0
0
0
0
0
0
0
0.3168242628472131
0
0
0
1.271066772286538
0
0
0
0
0.33321467903538243
0
0
0
0
1.271066772286538
0
1.4471580313422192
0
0.7729203819772151
0
0
1.4471580313422192
0.12493873660829992
0
0
0
0
0
0
0
0
0
0
0
0
0
0
1.0492180226701815
0
0
0
0
0
0
0.7939455175668755
0.7067953418479753
0
0
0
0
0
0
0
0
0
0
0
1.7481880270062005
0
0
0
0
0
0.13389357926122644
0
1.146128035678238
1.0492180226701815
0
0
0
0.9858310438057887
1.7481880270062005
0
0
1.7481880270062005
0
0.2708083405729299
0
1.2684893493987273
1.146128035678238
0.9186963485132517
1.271066772286538
0
0
0
0
0
0
1.7481880270062005
0
0
0
0
0
0
0
0
0
0
0
0
0
0
0.4259687322722811
0
0
0.9700367766225568
0
0
0
0
0.4471580313422192
0.8450980400142568
0
0
0
0.8450980400142568
0
0
0
1.146128035678238
0
0
0
0
0
0
0
0
0
1.587891035133751
0
0
0
0
0
0
0
1.146128035678238
0
0
0
0
1.4471580313422192
0
0
0.6336485256944262
0
0
0
0.9700367766225568
0
0
0
0
0
0
0
0
0
0
0
0
1.271066772286538
0
0
0.34172078129850547
0
0
0
0
0
1.141352536057244
0
0
0
0.10172938765543484
0
0
0
1.2672970513888524
0
0.38646019098860757
0
0
0
0
0
0
0
0
0.8450980400142568
0
0
0
0
0
1.4471580313422192
0
0
0
0
1.271066772286538
0
0
0
0
0
0
3.496376054012401
0
0
1.4471580313422192
0
0
0
0
0
0
0
0
0
0
1.271066772286538
0
0
0
0
0
0
0
0
0
0
0
0
0.7067953418479753
0
0
0
0
0
0
0
0
0
0
0
0
0
0
0
0
0
0
0
0
0
0
0
0
0
0
0
0
0
0
0
0
0
0
0
0
0
0
0
0
0
0
0
0
1.271066772286538
0
0
0
0
0
1.2172960385519827
0
0
0
0.7939455175668755
1.0273053326877108
0
0.2857900291072444
1.7481880270062005
0
0
0.8450980400142568
1.0228962497476661
0.3168242628472131
0.9030899869919435
0
1.632204133050827
0
0
1.7481880270062005
0
0
0
0
0
1.4471580313422192
0
0
0
0
0.8030369999862974
0
0
0
0
1.3328587161415297
0
0
0
0
0
0
0
2.5352941200427703
0
0
0
1.271066772286538
0.7939455175668755
0
0.36797678529459443
0
0
0.24303804868629442
0
0
0
1.271066772286538
0
0
0
0
0
0
0
0
0
0
0
0.7067953418479753
0
0
0
0
0
1.4471580313422192
0
0
0
0
0
0
0
0
0
1.271066772286538
0
0.7481880270062005
0
0
0.146128035678238
0
0
0
0
0
0
0
0
0
0
0
0
1.2172960385519827
0
0
0
0.4471580313422192
0
0
0
0
0
0
0
0
0
0
1.271066772286538
0
0
0.22529278359980864
0
0
1.0492180226701815
0
0
0
1.7481880270062005
0.9700367766225568
0
0.49291552190289434
0
0
0
1.9009455770832786
0
0
0
1.7481880270062005
0
0
0
0
0
0
0
0
0
0
0
0
0
0
0.7481880270062005
0
0
0.9030899869919435
0
1.271066772286538
0
0
0
0
0
0
0.7067953418479753
0
0
0
0
0
0
0
0.7067953418479753
0
0
0
0
0
0.9030899869919435
0
0
0
0
0
0
0
0
0
0.9030899869919435
0
0
1.7481880270062005
0
0.2677871585224529
0
0
0
0
0
0
0
1.4787465657086831
0
0.6342446746993636
0
0
0
0
0
0
0
0
0
1.7481880270062005
0
0
0
0
0
0
0
0
0
0
0
0
0
1.632204133050827
0
0
0
0
0
0
0
0
0
0.9030899869919435
0
0
0
2.098436045340363
0
2.8943160626844384
0
1.7038749290891244
0
0.6690067809585756
0
0
0
0
0
0.48607609737258883
0
0
0
0.0
0
0
0
0
1.4471580313422192
0
0
0
0
0
0
0
0
0
0
0
0
0
0
0
0
0
0.7067953418479753
0
0.13540417028646495
0
0
0
0
0.5440680443502757
0
0
1.4471580313422192
0.8115306923679884
0
0
0
0
0
0
1.4471580313422192
0
0
0
0
0
0
0
1.7481880270062005
0
0
0.0717364722162341
0.2568263331719277
0
0
0
0
0.9030899869919435
0
0.24303804868629442
0.38646019098860757
0
0
0
0
0
0
0.6690067809585756
0
0
1.271066772286538
0
0
0
0
0.8420221519469512
0.5177391056279265
0
0.16840443038939024
0.6934525647569295
0
0
0
0
0
0
0
0
0.673617721557561
0
0
0
0
0
0
0
0
0
0
0
0
0
0
0.04695202507173915
0
0
0
0
0.7939455175668755
0
0
0
1.271066772286538
0
0
0
1.7481880270062005
0
0
0
0
0
0
0
0
0
0
1.7481880270062005
0
1.7481880270062005
0
0
1.271066772286538
0
0
0
0.1737369390155507
0
1.343198683672392
0.8450980400142568
0
0
0
0
0
0
0
0
0
0
0
0
0
0
0
0
0
0.36797678529459443
0
0
1.4135906836959506
0
0
0
0
0
0
0
1.146128035678238
0
0
0
0
0
0
0
0
0
0
0
0
0
0
0
0
0.9700367766225568
0
1.4471580313422192
0
0
0
0
0
1.2684893493987273
0
0
0
0
0
0
0
0
0
0
0
0
0
0
0
0
0
0
0
0
0
0
0
0
1.6230613847359767
0
0
0
0
0
0
0
1.0492180226701815
0
1.215190243431472
0
0
0
1.2041199826559248
0
0
0
0
0
0
0
0
0
0
0.9858310438057887
0
0.7939455175668755
1.7481880270062005
0
0
0
0
0
0
0
0
0
0
0
0
0
0
0
0
0
0
1.271066772286538
0.7067953418479753
0
0
0
0
2.0546106653754217
0.9700367766225568
0
0
0
0
0
0
0
0.9388688521067429
0.6020599913279624
0
0
0
0
0
0
0
0
0
0
0
1.271066772286538
0
0
0
0
0
0
0
0
0
0.9700367766225568
1.4471580313422192
0
0
0
0
0.12873873348560494
0
0
0
0
0
0
0
0
0
0
0
0
0
0
0
0
0
0
0
0
0.5720967679505191
0
1.7481880270062005
0
0
0
0
0
0
0.5720967679505191
0
0
0
0.32184683371401235
0
0.6020599913279624
0
0
0
0
0
0
0
0
0
0
0
0.3837710524778263
0
0
1.271066772286538
0
0
0
0
0.40823996531184964
0
0
0
0
1.4471580313422192
0
0.5440680443502757
0.5720967679505191
1.146128035678238
0
0.7004960366683257
0.7481880270062005
0
0
0
0
0
0
0
0
0
1.496376054012401
0
1.4471580313422192
0
0
0
0
1.0881360887005513
0
0
0
0
0
0
0
0
0
0
0.6123599479677745
0.7939455175668755
0
0
0.4189414020800519
0
0
0
0
0
0
0
0
0.7939455175668755
0
0
0
0
1.7481880270062005
2.542133544573076
0
0
0
0
0
0
0
0.6690067809585756
0
0.9030899869919435
0
0
0
0.0
0
0
0
0
0
0
0
0
0
0
0.9700367766225568
0.1931081002284074
0
0
0
1.146128035678238
0
0
0
0.7481880270062005
1.1513131574334787
1.0492180226701815
0
0
0
1.4398904235136436
2.542133544573076
0
0
0
0
0
0.4259687322722811
0
0
1.4009920733366514
0
0
0
0
0
1.1244486294746994
0
0
1.0492180226701815
0
0
0
0
0
0
0
0
0
0
0
0
0.6501273298918357
0
0.6020599913279624
0
0
0
0
0.9030899869919435
0
0
0
0
1.146128035678238
0
0
0
0
0
0
0
0
0
0
0
0
0
0
0
0
0
0
0.6501273298918357
0.12493873660829992
0
0.33321467903538243
0
0
0
0.9700367766225568
0
0
0
0
0.6501273298918357
0.6020599913279624
0
0
0
0
0
0
0.8450980400142568
0.7481880270062005
2.8943160626844384
0
0
0
1.7162903038515573
0
0
0
0
0
0
0
0
0
0
0
0
0
1.4471580313422192
0
0
0
0
0
0
0
0
0
0
0
1.271066772286538
0
0
1.0492180226701815
0
0.40823996531184964
0
1.3380135619171512
0
0
0
0
0
0
0
0
0
0
0
0
0
0
0
0
1.1431601164289775
1.271066772286538
0
0.7481880270062005
0
0
0
0
0
0
0
0
0
0.7939455175668755
1.146128035678238
0.9700367766225568
0
0
0
0
0
0
0
0.34172078129850547
0
0
0
0
0
0
0
0.6020599913279624
0
0
0
0
0
0
0
0
0
0
0
0.4429622040316349
0
0
0
0
0
0
0
0
0
0
0
0
0
0
0
0
0
0
0
0
0
0
0
0
0
0
0
0
0
0
0
0
0
1.4719071411783777
0
1.4471580313422192
0.9996440371061472
0
0
0
1.7481880270062005
0
0
0
1.0842670891461519
0
0
0.7675421049556526
0
0
0
0
0
0
0.9030899869919435
0
1.1039303558837834
0
0.0
0
0
0
0
0
0
0
0
1.6901960800285136
0.19188552623891314
0
0
0
0
0
2.292256071356476
0
1.2684893493987273
0
0
0
0
0
0
0
0
0
0
0
0
0
0
0
0
0.5686499127156972
0
0
1.7481880270062005
0
0
0
0
0
0
0
0
0
0
1.146128035678238
1.806179973983887
0.7481880270062005
0
0
0
0
0
0
0
0
0
0
0.9700367766225568
1.4471580313422192
0
0.9030899869919435
0
0.9700367766225568
0
1.4471580313422192
0
0
0
0
0
0
0
0.05477736258369568
0
0.43838410703471403
1.4471580313422192
1.4471580313422192
0
0
0
0
1.4471580313422192
0
0
0
0.9030899869919435
0
0.28492653969257026
0
0
0
0
0
0
0
0
0
0
0
0.9858310438057887
0
0
2.8166065563202287
1.496376054012401
2.098436045340363
0
0
0
0
0
1.271066772286538
1.806179973983887
0
0
0
0
0
0.6770208514323248
0
0
0
0.38646019098860757
0
0.5440680443502757
0
0
0
0
0
0
0
0
0
0
0.7481880270062005
0
0
0
0
0
1.4471580313422192
0
0
0
0
0
0
0
1.271066772286538
0
0
0
0
1.2779061968168433
0.2899597348884337
0
1.4471580313422192
1.0492180226701815
0
0
0
1.4135906836959506
0
0
0
0
0
0
0
0
0
0
0
0
1.141352536057244
0
0
3.612359947967774
0
0
2.542133544573076
0
0
0
0
0
0
1.5458407639544303
1.8777377042134857
0.4259687322722811
0.4057653461839942
0
0
0
0
0
0
0.49291552190289434
0
0
0
0
0
0
0
1.0881360887005513
0.3599726058784109
0
1.9027340240980908
0
0
0
0
0
0
0
0
0
0
0
0
0
0
0
0.2677871585224529
0
0
0
0.7729203819772151
0
0
0
0
2.8943160626844384
0
0
0
0
0
1.146128035678238
0
0
1.5458407639544303
0
0
0.6501273298918357
0
0.5799194697768674
0
0
0
0
0
0.33321467903538243
0
0
0
0.06317706873292753
0
0
0
0
0
0
0
0
0
0
0
0
1.806179973983887
1.4471580313422192
0
0
0.8450980400142568
0
0.9030899869919435
0
0
0
0
0
0.27106677228653797
1.7481880270062005
0.3168242628472131
0
0
0
0
0
0
0.49291552190289434
0
0
1.146128035678238
0
0
0
0
0
1.0273053326877108
0
2.5886955281396324
0
0
0
0.17086039064925274
0
0
0
0
0
0
0
0
0
0
0
0
0
0
0
0
1.6901960800285136
0.6284936799188048
0.5440680443502757
0
0
0.9030899869919435
2.1873424381766498
0.9700367766225568
0
0
0
0
0
0
0
0
0.2857900291072444
0
0
0
0
0
0
0
1.271066772286538
0
1.146128035678238
0
0
0
0
0
0
0
1.271066772286538
0
0
0
0
0
0
0.6284121031200778
0
0
0
0
0
0
0
0
0
0
0
0
0
0
0
0.22967408712831291
0
0
0.18953120619878258
0
0.5136526663438554
0
0
0
1.1593805729658226
0
0
0
0
0
0
0
0
0
0
0
0.7939455175668755
1.4471580313422192
0
0
0
0
0.5136526663438554
0.40617850908264086
0
0
1.4471580313422192
1.4471580313422192
0
0
0
0
0
0
0
0
0
0
0
0
0
0
0
0
0
5.788632125368877
0
0
2.9101103298676705
0.7856170998985059
0
0
0
0
0
0
0
0
0
0
0
0
0
0.6020599913279624
0
0
0
0
0
0
0
1.0652623669867611
0
0.4748775661542837
0
0
0
0.9700367766225568
0
0
0
0
0
1.7481880270062005
0
0
0
0
0
0
0
0.9030899869919435
0.5720967679505191
0
2.292256071356476
0
0.3010299956639812
0
0
0
0.3599726058784109
1.271066772286538
0
0
0
0
0
0
0
0
0
0
0
0
3.010299956639812
0
0
1.3380135619171512
0
0
0
0
0
0
0
0
0
0
0
1.2684893493987273
0
0
0
0.5399589088176163
0
1.7481880270062005
0
0
0
0
0
0
1.806179973983887
0
0
0.43838410703471403
0
0
0
0
0.3655606581743768
0
0
0
0.9030899869919435
0
0
0
1.496376054012401
0
0
0
0
0
0
0
0
1.7481880270062005
0
0
0
0
0
0
0
0
0
0
0
0
0
0
0.46943442605337143
1.7481880270062005
0.8450980400142568
0
0
0
0
0
0
0
0
0
0
0
0
0
0
1.806179973983887
0
1.4471580313422192
0.12493873660829992
0
0
0
0
0
0
0
0
0
0
0
0
0
0.22111974056524636
0
0.7481880270062005
0
0
0
0
0.6648285926159972
0
0
2.4082399653118496
0
0
0
0
0
0
1.4471580313422192
0.6342446746993636
0
0.8519374645445622
0
0
1.7481880270062005
0
0
0.9427405198782072
0
0
0
0
0
0
0
0
0
1.496376054012401
0
0
0
0
0.9030899869919435
0.9478291920052546
0.2895374879423914
0.8450980400142568
0
1.7481880270062005
0
0.6501273298918357
0
0
1.4471580313422192
0
0
0
0
0
0
0.41840088382821605
0.6284936799188048
0
0
0
0
0
1.806179973983887
0
0
0
0
0
0
0
0
0
0
1.7481880270062005
0.8668364398557811
1.7481880270062005
1.7481880270062005
0
0
0
0
0
0.17086039064925274
0
0
0
0
0.6342446746993636
1.4471580313422192
0
1.146128035678238
0
0
0
0
0
0.5440680443502757
0
0
0
0
0
0
0
0
0.7364146859367454
0
0
0.3540315170854136
0
0
0
0
0
0
0.6342446746993636
0.9700367766225568
0
1.7512400916708142
0
0.9030899869919435
0
0.5720967679505191
0
1.271066772286538
0
0
0
0
0
0
0.7481880270062005
0
0
0
0
0
2.098436045340363
0
0
0
0
0
0
0
0
0
0
0
0
0
0
0
0
0
0
0
0.0
0
0.7199452117568218
0
0
0
0
0
0
0.13540417028646495
0
0.48741421089916903
0
0
0
0
0.6020599913279624
0
1.3328587161415297
0
0
0
0
0
0
0
0
1.7886321253688768
0.9427405198782072
0
0.17998630293920545
0
0
0
0
0
0
0
0
0
1.146128035678238
0
0
0
0
0
0
0
0
0.9030899869919435
0
0
0
1.7481880270062005
0
0
0
0
0.35024801833416286
0
0
0
0
0
0
0
0
1.0104265823363414
0.9504727885416393
0
0
0
0.9858310438057887
0
0
0
0
0
0
0
0
0
1.806179973983887
1.2684893493987273
0
0.9030899869919435
0
0
0
0
0
0
0
0
0
0
0
0
0
0.0
0
0
0
0
0
0
0
0
0
0.11956078702705682
0
0
0
0.19188552623891314
0
0
0.9700367766225568
0
0.8450980400142568
0
0
0
0
3.1436903201796884
0
0
0.9030899869919435
0
0
0.9030899869919435
0
0
0
0
1.6901960800285136
0
0
0
0
0
0.3347702036757591
0
0
1.797784332203494
1.7481880270062005
0
0.22967408712831291
0
0
0
0
0.6690067809585756
0
0
0.48741421089916903
0.8943160626844384
0
0
0
0
0.0
0
0
1.0492180226701815
0
0.1737369390155507
0.9700367766225568
0
0
0
0
1.806179973983887
0
0
0
0
0
0
0
1.7481880270062005
0
0
0
0.6342446746993636
0
0
0
0
0
0
0.2899597348884337
0
0
0
0
0
0
0
0
0
0
0
0
0
0
0
0
0
0
0
0
1.4471580313422192
0
0
0
0
0
0
0
1.7481880270062005
0
0
0
0.9721521947451777
0
0
0
0
0
0
0
0
0
0
0.9700367766225568
0
0.6020599913279624
0
0
0.7939455175668755
0
0
0
0
0
0
0
0
0
0
0
0
0
0
0
0
0
0
0
0
0
0
1.1593805729658226
0
0
0
0
0
0
0
0
0
0
0
0.5177391056279265
0
0.8519374645445622
0
0
0
0
0
0
0.22967408712831291
0
0
0
0.6020599913279624
0
0
1.4471580313422192
0
0
0
0
0
0.38646019098860757
0
0
0
0
0
0
0
0.35024801833416286
0
0
0.4471580313422192
0
0
1.2172960385519827
1.496376054012401
0
0
0
0
0
0
0
0
0
0
0
0.5440680443502757
0.8450980400142568
0
0
0.0
0
0
0
0.8668364398557811
0
0
0
0
0
0
0
0
0
0
0
0
0
0
0
0
0
0
0
0
0
0
0.6336485256944262
0.6342446746993636
1.4471580313422192
0
0
0
0
0
0
0
0
0
0.8450980400142568
0
0
0
0
0
0
0
1.7481880270062005
0
0
0
0
0
0
0.7067953418479753
0
0
1.7481880270062005
0
0
0
0
0
0
0
0
0
0
0
0
1.0842670891461519
0
0
0
1.4471580313422192
1.7481880270062005
0.5355743170449058
0
0
0
0
0
0
0
0
0
0
0
0
0
0
0
0
0
0
0
3.345033904792878
0
0
0
0
0
0
0
0
0
0
0
1.2779061968168433
1.271066772286538
0
0
0
0
2.207860711767567
0
0
0.5236767526000649
0
0
0
0.584512142712952
1.146128035678238
0
0
1.1513131574334787
1.806179973983887
0
0
0
0
0
0
0
0
0
0
0
0
0
0
0
0
0
0
0
0
0
0
0
0
0
0
0
0
0
0
0
0.6020599913279624
0.7675421049556526
0.3599726058784109
0
1.0881360887005513
0
0
0
0
0
0
0
0
0
0
0
0
0
0
0
0
0
0
0
0
0
0
0
0
0
1.7481880270062005
0
0
0
0
0
0
0
0
0
0
0
0
0
0
0
0
0.8450980400142568
0
0
0
0
1.9027340240980908
0.3540315170854136
0
0
0
1.587891035133751
0
0
0.7939455175668755
0
1.146128035678238
0
0
0
0
0
0.9030899869919435
0
0
0
0
0
0
0
0
0
0
1.271066772286538
0
0
0
0
0
0
0
0
0
0.9030899869919435
0
0
0
0.2857900291072444
0
0
0
0
0.5715800582144888
0
0
0
0
0
0
0
0
0
1.2684893493987273
0.49291552190289434
0
0
0
0.4259687322722811
0.6690067809585756
0
0
0
0
0
0
0
0
0
0
0
0
1.4471580313422192
0
0.4057653461839942
0
1.4471580313422192
0
0
0.5720967679505191
0
0
0
0
0
1.7481880270062005
0
0
0
0
0
0
0
0
0
0
0
1.6901960800285136
0.8450980400142568
0
0
0
0
0.8450980400142568
1.4471580313422192
0.7067953418479753
0
0
0
0
0.7481880270062005
0
0
0.8115306923679884
0
1.0998639398579084
0.5720967679505191
0.7481880270062005
0.7481880270062005
0
1.146128035678238
1.4471580313422192
0
0
0
0.9858310438057887
0
0
0
1.587891035133751
0.2568263331719277
0
0
0
0
0
0
0
0.16840443038939024
0
0
0
0
0
0
1.4471580313422192
0
0
2.292256071356476
0
0
0
0
0
0
0
0
1.271066772286538
0
0
0
0
0
0
0
2.292256071356476
0
0.16738510183787955
0
0
0
0
0
0
0
0
0.5440680443502757
0
0
0
0
0
0
2.120386025543926
0
0
0
0
0
0
0
0
0
0
1.632204133050827
0
0
0
0
0.673617721557561
0
0
0
0
0
0
0
1.271066772286538
0
0
0
1.7481880270062005
0
0
0
0
0
0
0
0
0
0
0
0
0
0
0
0
0
0
0
0
0
0
0
0
0
0.9700367766225568
0
0
0
2.292256071356476
0
0
1.5532173168837793
0
0
0
0
0
0
0
0
0
0
0.46943442605337143
0
0
0
0.33321467903538243
0
0
0
0
0.2708083405729299
0
0
0
0
0
2.292256071356476
1.035478211255853
0
1.4787465657086831
0.7481880270062005
0
0
2.542133544573076
0
0
0
0
0
0
0
0
0
0
0
1.4083032781601144
0
0
0
0
0
0
0
1.146128035678238
1.271066772286538
0
0
0
0
0
0
0.4471580313422192
0
0
1.146128035678238
1.3380135619171512
0
0
0
0
0
0
0
0.6501273298918357
0
0
0
1.0273053326877108
0
0
0
0
0
0
0
1.146128035678238
0
0
0.5177391056279265
0
0.9388688521067429
0
0
0
0
0
1.271066772286538
0
0
0
0.4713702599391036
0
0
0
0
0
0
0
0
0
0
0
0
0
0
0
0
0
0
0
0
0
0
1.2172960385519827
0
0
0
0
0
0
0
0
2.3818365527006264
0
0
1.1441935359010382
0
0
0
1.271066772286538
1.146128035678238
0
0
0
0
0
0
0.8164799306236993
0
0
0
0
0
0
0
0
0
0
0
1.146128035678238
1.4471580313422192
0
0
0
0
0
0
0
0
0
0
0
0
0
0
0
0
0
0
0.45934817425662583
0
0
0
0
0
0.20411998265592482
0
1.271066772286538
0
0
0
0
0
0
0
0
0
0.7067953418479753
0
0.7939455175668755
0
0
0
0
0
1.2779061968168433
0
0
0
0
1.146128035678238
0
0
0
0
1.271066772286538
0
0
0
0
0
0
0
0
0
0
0
0
0
0
0
0.6342446746993636
0
1.9716620876115774
0
0
0
0
0
0
0
0
0
0
0
0
0.5720967679505191
2.292256071356476
0
0
0
0
0.4471580313422192
0
0
0
0
0
1.7481880270062005
0
0
0
0
0
0
0
0
0
0
0
0
0
0
0
0
0
0
0
0
1.4471580313422192
0
0.6342446746993636
0
0
0
0
0
0
0
0
0
0
0
0
0
1.4471580313422192
0
0.2568263331719277
0
1.7481880270062005
0
0
0
0
0
0
0
1.7481880270062005
0
1.428950145536222
0
0.3347339481530661
0
0
0
0
0
0
0
0
0
0
0
0
0.7481880270062005
0
0.4057653461839942
2.542133544573076
0
0.6020599913279624
0
0
0.8115306923679884
0
1.4471580313422192
0
1.4471580313422192
0
0
1.146128035678238
0
0
0
0
0
0
0
0
0
1.7481880270062005
0
0
0
0
0
0
0
0.5177391056279265
0.9700367766225568
0
1.4471580313422192
0
0
0
0
0
0
0.9700367766225568
1.146128035678238
0.6664293580707649
0
1.146128035678238
0
0
0
0
0
0
0
0
0
0
0
0
0
1.9009455770832786
2.8943160626844384
0
0
0.9030899869919435
0
1.0492180226701815
0
0
0
0
0
0.4016807377836793
0
0
0
1.215190243431472
0
0.5399589088176163
0
0
0
0
1.146128035678238
0
0
0
0
0
0
1.0228962497476661
0
0.6020599913279624
0.7481880270062005
2.4082399653118496
0
2.098436045340363
0
0
1.9400735532451137
0
0
0
0
0
0
1.4471580313422192
1.7481880270062005
0.3368088607787805
0
0
0
0.42715097662313184
0
0
0
0
1.271066772286538
0
0
0.5440680443502757
0
0
0
0
0
0
0
0
0
0
0.22827050721144881
0
0
0
0
0
0
0
0
0
0
0
0
0
0
0
0
0
0.7067953418479753
0
0
0
0
0
0
0.5177391056279265
0
0
0
0
0.3010299956639812
0
0.37481620982489977
0
0
0
0.3168242628472131
0
0
0
0.09497551323085675
1.3328587161415297
0
0
1.0492180226701815
0
0
0
0
0
0
0.8999315146960273
0
0
0
0
0
0
0
0
0
0
0
0
0
0
0
0.5421335445730759
0
0
0
0
0
0
0
0
0
0
0
0
0
0
0
0
0
0
0
0
0
0.6664293580707649
0
0.4259687322722811
0
0
0
0
1.4471580313422192
0
0
0
0
0
0
0
0
0
0
0
0
0
0
0
0
0
0
0
0
0
0
0
2.2357901567110963
0
0
0
0
0
1.146128035678238
0.23691400774847823
0
0
0
0
0.6664293580707649
0
0
0
0
0
0
0
0
1.146128035678238
0
0
0
0
0.6342446746993636
0
0
0
0
1.271066772286538
0
0.36797678529459443
0
0
0
0
0.8573700873217331
0
0
0
0
0
0
0
0
0
0
0
0
0
0
1.1441935359010382
0
0
0
0
0
2.5352941200427703
0
0
2.292256071356476
0.49291552190289434
0
0
1.4471580313422192
0
0
0
1.146128035678238
0
0
1.4471580313422192
0
0
0
0
0
0.20084036889183965
0
0.6123599479677745
0
0
0
0
0
0
1.0492180226701815
0
0
0
0.9700367766225568
0
0
0
0
0
0
0
0
0
0
0
0
0
0
0
0
0
0
0
0
0
0
0
0
0
0
0
0
0
0
0
0
0
0
0
0
0
0
0
0
0
1.146128035678238
0
0
0
0
0
0
0
0
1.7481880270062005
0
0.1878081002869566
0
0
0
0
0
0
0
0
0
0
0
0
0
0.7481880270062005
0
1.271066772286538
0
0
0
1.9400735532451137
0
0
0.2562905859738791
0
0
0
0
0
0.46943442605337143
0.8450980400142568
1.4471580313422192
0
0
0.8943160626844384
0
0
0
0
0
0
0
0
0
0.5440680443502757
0.7481880270062005
0
0
0
0
0
0
0
0
0.4471580313422192
0
0.45887828570645567
0
0
0
0
0.4471580313422192
0
0
0
0.5720967679505191
0
0.7004960366683257
0
1.4471580313422192
1.7481880270062005
0
0
0
0
0
0
0
0
0
0
0
0
0
0
0
0
0
0.5720967679505191
0
0
0
0
0
0
0
0
0
0
0
2.542133544573076
0
0.7481880270062005
0
0
0
0
0
0
0
0
0
0.9030899869919435
1.4471580313422192
0
1.1593805729658226
0
0
0
0
0
1.215190243431472
0
0.4471580313422192
0
0
0
0.08607871263152178
0
0
0
0
0
0
0
0
0
0
0.6342446746993636
0
0
0
0
0
0
0
0
0
0
0.5720967679505191
1.0492180226701815
0
0.9030899869919435
0.7067953418479753
0
0
0
0
0
1.632204133050827
0
0
0
0
0
0
0
0.5698530793851405
0
1.146128035678238
0.7939455175668755
0
0
0
0
1.7481880270062005
0
0
0
0
0
0
0
0
0
0.45934817425662583
0
0
0
0
0
0
0
1.7481880270062005
1.9400735532451137
0
1.271066772286538
0
0.584512142712952
0.6020599913279624
0
0
0
0
0
0
0.9700367766225568
0
0.6020599913279624
0
0
0
0
0
0
0
0
0
0
0
0
0
1.0492180226701815
0
0
0
0
0
0
0
0
0
0
0
0
0
0
0
0
0
0.5440680443502757
0
1.4719071411783777
0
0
0
0.7481880270062005
1.806179973983887
0.36797678529459443
0
0
0
0
0
0
0
0
0
0
1.4471580313422192
0
0
0
0
0
0
0
0
0
0.2899597348884337
2.3187611459316453
1.3380135619171512
0
0
0
0
0
0
0.3168242628472131
0.4471580313422192
0
0
0
0
0
0
0
0
0
0
0
0
0
0
0
0
0
0.8450980400142568
0
0
0
0
0
0
0
0
0
0
0
0
0
0
0
0
0
0
1.4471580313422192
0
1.271066772286538
0
0
1.2041199826559248
0.46943442605337143
0.8547796190777107
0
0
0
0
0
0
0
0
0
0.24370710544958452
1.035478211255853
0
0
0
0
0
0
0
0.5720967679505191
0
0.7481880270062005
0
0
0
0
0
0
0
1.271066772286538
0.9700367766225568
0
1.146128035678238
0
0.5698530793851405
0
0
1.146128035678238
0
0
0
0
0
0
0
0
0
0
0
0
0
0
0
0
0
0
0
0
0
0
0.8115306923679884
0.9700367766225568
0
0
0
0
0.8519374645445622
0
0
0
2.542133544573076
0
0
0
0
0
0
0
0.5440680443502757
0
0
0.7004960366683257
0
0
0
0
0
0.7067953418479753
1.315152321104142
0
0
0.48607609737258883
0
0
0
0
0
0
0
0
0
0
0
0.41840088382821605
0.2677871585224529
0
0
0
0.0
0
0
0
0
0.43838410703471403
0
0
0.5177391056279265
0.25823613789456534
0
0
0.2527082749317101
0
0
0.5177391056279265
0.379902052923427
0
0.46393557582149386
1.4471580313422192
0
0
0.5906162720421798
0
0.7402477175422284
0
0
0.7729203819772151
0
0
0.45654101442289763
0
0
0.9030899869919435
0
1.806179973983887
0
0
0
0
0
0
0.0
0
0
0
0
0
0.09564862962164546
0
0
0
0
0.7199452117568218
0
1.0881360887005513
2.8943160626844384
0
1.271066772286538
2.5352941200427703
1.0835455498197264
0
1.4471580313422192
0
0
0
0
0
0
0.20084036889183965
0
0
0.7481880270062005
0
0
0
0
0
0
1.271066772286538
0
0.0626027000956522
0
0
0
0
0
0
0
0
0
0.28492653969257026
0.040617850908264086
0
0
0
0
0
1.4471580313422192
0
0
0
0
0
0
0.7067953418479753
0
6.528816532203308
0
0
0.8115306923679884
0
0.4259687322722811
0
0
0
0
0
0
0
0
0
0
0
1.1039303558837834
0
0
0.8943160626844384
1.146128035678238
0
0
0
0
0
0
0
0
0
0
0.9030899869919435
0
0
0
0.7067953418479753
0
0
1.3668831251940219
0
0
1.0492180226701815
0
0
0
0
0
0
0
0
0
0
0
0
0
1.4471580313422192
0
0
0
0
0
0.6690067809585756
0
0
0
0
0
0
0.6690067809585756
0
0
0
0
0
0
0
0.9700367766225568
0.6342446746993636
0
0
0
0.8943160626844384
0
0
0
0
0
0
0
0
0
1.7147401746434663
0
0
0
0
0
0
0
0
0
0
0
0
0.8115306923679884
0
1.4135906836959506
0.2562905859738791
0
0
0.7067953418479753
0
0
0
1.7481880270062005
0
0
0
0
0.6020599913279624
0
0
0
0
0.5421335445730759
0
0.5177391056279265
0
0
0
0
0
0
0
0
0
0
0
0
0
0
0
0
0
0.10172938765543484
0
0
0
0
0
0
0
0
0
0
0
0
0
0
0
0
0
0
0
0
1.7481880270062005
0.11598389395537347
0
0
0
0
0
0
0
0
0
1.271066772286538
0
0
0
0
0
0
0
0
0
0
0.7939455175668755
0
0.9700367766225568
0
0
0
1.4471580313422192
0
0
0
0
0
0
0
0
0
0
0
0
0
0
0
0
0.20308925454132043
0
0
0
0
0
0
0
0
0
0
0
0
0
0
0
0
0
0
0
0
0
0
0
0
0
0
0
0
0
0
0
0
0
0
0
0.5440680443502757
0
0
1.146128035678238
0
0
0
0.33321467903538243
0
0
0
0
0
0
0
0
0
0
0
0
0
0.33321467903538243
0.7704789995157831
0
0
0
0.6342446746993636
0
0
1.7481880270062005
0
0
0
0
0
0
0.9700367766225568
0
0
0
0
0
0
0.4259687322722811
0
0
0
0
0
0
0
0
0
0
0
0
0
0
0
0
0
0
1.499264839299599
0
0
0.8115306923679884
0
0
0
0
1.146128035678238
0
0
0.9030899869919435
0
0.7481880270062005
1.3414740940266576
0
0
0
0.38646019098860757
0
0
1.4135906836959506
0
0
0
0
0
0
0
0
0.9030899869919435
2.825089664891205
0
0
0
0
0
0.8450980400142568
0
0.5177391056279265
0
1.0492180226701815
0.8450980400142568
1.0492180226701815
0
0
0
0
0
0
1.4787465657086831
1.7481880270062005
0
0
0
0
0
0
0
0
0
0
0
0
0
0.9011711343992346
0
0
0.7359535705891889
0
0
0
0
1.0881360887005513
0
2.8943160626844384
0
0
0.4471580313422192
0
0
0
0.146128035678238
0
0.1737369390155507
0
0
0.9030899869919435
0
0
0
1.7481880270062005
0
1.7481880270062005
0
0
0
0
0
0
0
0
0
0
0.7939455175668755
0
0
0
0.9700367766225568
0
0
0
1.0492180226701815
1.806179973983887
0
0
0
0
0
0
0
0.5980113672723846
0
0
0
0
0
0
0
0
0.9030899869919435
1.0507440550024887
0
0.5177391056279265
0
0
0
0
0
0
0.6336485256944262
0
0
0
0
0
1.271066772286538
0
0
0.2568263331719277
0
0
0
0
0
0
0.5686499127156972
0.6020599913279624
0
0
0
0
0
0.23912157405411363
0
0
0.6342446746993636
0
0.5413982493719982
0
0.73064017839119
0
0
0
0
1.2186375325781846
0.43341821992789054
0
0.5756565787167394
0
0.0
0
0
1.0842670891461519
0
0
0
0
0.9858310438057887
0
0.3142468399594024
0
0
0
1.271066772286538
0
0
1.0492180226701815
0
0
0
0
0.0
0
0
0
0
0
0
0.6284936799188048
0
0
0
0
0
1.0492180226701815
0
0
0.9700367766225568
0
0
0
0.0
0
0
0
0
1.3414740940266576
0
1.271066772286538
0
0
0
0.2708083405729299
0
1.146128035678238
0
0.9858310438057887
0
0.7004960366683257
0
0.20947070104002594
1.2814529298693955
0
0.6770208514323248
0
1.0492180226701815
0.37481620982489977
0
0.44679635999090495
0
0
0
0
0
0.7004960366683257
0
0.7359535705891889
1.0492180226701815
0
0.24987747321659984
0
0.6342446746993636
0
0
0.8450980400142568
0
0
0
0
0
0
0
0
0
0
0
0
0
0
0
0
0.5686499127156972
0
0
0
0
0
0
0
1.4471580313422192
0
0
0
0
0
0
0.9030899869919435
0.3010299956639812
0.1878081002869566
0
0
0
0
0
0.6501273298918357
1.7481880270062005
0
0.5280320618074331
0
0
0
0
0.5720967679505191
0
0
0
0
0
1.8210668387967213
0
0
0
0
0
0
0
0
0
