0.6342446746993636
0
0
0
0
1.7481880270062005
1.4471580313422192
0
1.7481880270062005
0
0
1.4471580313422192
0
1.7481880270062005
0
0
0
0
0
0
0
1.271066772286538
1.7481880270062005
0
0
0
0
0
3.345033904792878
0
0
1.7481880270062005
0
0
0
0
0
0
0
0
0
0
0
0
0
0
0
0
0
0
0
0
0
0
0
0
0
0
1.7481880270062005
0
0.6342446746993636
0
0
0
1.7481880270062005
1.7481880270062005
0
0
0
0
0
0
0
0
0.5177391056279265
0
0
0
0
0
0
0
0
0.33321467903538243
0
0
1.1593805729658226
0
0
0
0
0
0
0
0
0
1.146128035678238
0
0
0
0
0
0
0
0
0
0
0
1.7481880270062005
0
0
0
0
0.46943442605337143
0
0
0
0.9030899869919435
0
0
0
0
0
0
0
0
0
0
0
1.0492180226701815
0
0
0
0
0
0
0
0
0
0
0
0
0
0
0
0
0
0
0
0
0
0
0
0
0
0
0
0
0
0
0
0
0.35024801833416286
0
0.7939455175668755
1.0492180226701815
0
0
0
0
3.496376054012401
1.271066772286538
0
0
0
0
0
0
0
0
1.0492180226701815
0
0
0
0
0
0
0
0
0
0
0
0
0
0
0
0
0
0
0
0
0
0
0
0
0
0
0
1.7481880270062005
1.146128035678238
0
0
0
1.146128035678238
0
0
0
0
0
0
0
0
0
0
0
0.49291552190289434
0.38646019098860757
0
0
0.7067953418479753
1.146128035678238
0
0
1.4471580313422192
0
0
0
0
0
0
0
0
0
0
0
0
0
0
0
0
0
0
1.7481880270062005
0.7481880270062005
0
0
0.33321467903538243
0
0
1.146128035678238
0
0
0
1.7481880270062005
0
0
0
0
0
0
0.7939455175668755
0
0
0
0
0
0
0
0
0
0
0
0.38646019098860757
0
0.6690067809585756
0
0
0
1.4471580313422192
0
0
0
0
0
0
0
0
0
0
0
0
0
0
0
0
0
0.6342446746993636
0
0
0
0
0
0
0
0
0
1.7481880270062005
0
0
0
0
0
0
0
1.496376054012401
0
0
0
0
0
0
0
0
0
0
0
0
0
0
0
0
0
0
0
0
0
0
0
0.24303804868629442
2.9101103298676705
0
0
0
0
0
0
0
0
0
0
0
0
0
0
0
0
0
0
0
0
2.028826730919971
0
0
0
0.31085804627034774
0
0
0
0
0
0
0
0
0
0
0
0
1.7481880270062005
0
0
0
0
0
0.6020599913279624
0
0
0
0
0
1.1441935359010382
1.7162903038515573
0.9030899869919435
0
0
0
0
0
0
0
0
0
0
0
0
0.6020599913279624
0
0
0
0
0
0
0
0.19188552623891314
0
0
0
0
0
0
0
1.0492180226701815
0
0
0
0
0
2.120386025543926
0
0
0
0
0
0
1.0492180226701815
0
0
0
0
0
0.292256071356476
0
0
0
0
0
0
0
0
0
0
0
0
0
0
0
0
0
1.271066772286538
0
0
1.271066772286538
0
0
0
0
0
0
0
0
0
0
0
0
0
0
0
0
0
0
0
0
0.6690067809585756
0
3.1476540680105445
1.4582282921177665
0
0.1968720906807266
0
0
0
0.04782431481082273
0
0
0.9858310438057887
0
0
0.2568263331719277
0
0
0
0
0
0.36797678529459443
0
0
0
0
0
0
0.8450980400142568
0
0
0
0
0
0
0
0
0
0
0
0
0
0
0
0
0
0
0
0
0
0
0
0
0
0
0.46943442605337143
0
0.7939455175668755
0
0
0
1.035478211255853
0
0
0
0
0.0313013500478261
0
0
0
0
2.542133544573076
0.35024801833416286
0.2568263331719277
0
0
0
0
0
0.0
0
0.1252054001913044
0.8450980400142568
0
0
0
0
0.6342446746993636
1.2041199826559248
0
0
0.0313013500478261
0
0
0
0
0
0
0
5.084267089146152
0
0
0
0
0
0
0
0
0
0
0
0
0.6020599913279624
0
0
0
0.09497551323085675
0
0
0
0
0
0
0
0
0
0
0
0
0
0
0
0
0
0
0
0
0.5416166811458598
0.7481880270062005
0
0
0.6020599913279624
0
0
0.35024801833416286
0
0
0
0
1.0492180226701815
0
0
0
0
0
0
0
0
0
0
0
0
0
0
0
0
0
0
0
0
0
0
0
0
0
0
0
0
0
0
0
0
0
0
0
0
0
0
0
0
0
0
0
0
0
0
0
1.146128035678238
0
0
0
0
0
0
0
0
0
0
0
0
0
0
1.146128035678238
0
0
0
0
0
0
0
0
0
0
0
0
0
0
0
0
0
0
0
0
0
1.271066772286538
0
0
0
0
0
0
0
0
0
0
0
0
0
0
0
0
0
0
0
0
0
0
0
0
0
0
0
0
0
0
0
2.244564081018601
0
0
0
0
0
0
0
0
0
0
1.0492180226701815
0
0
0
0
0
0
0
0
0
0
0.8450980400142568
0
0.6020599913279624
0
0
0
0
0
0
0
0
0
0
0
0
0
0.040617850908264086
0
0
0
0
0
0
0
0
0.36797678529459443
0
0
0.5440680443502757
0
0
0
0
0
0
0.6690067809585756
0
2.6829481880533153
0
0
0
0
0.46943442605337143
0
0
0
0
0
0
0
0
0
0
0
1.4471580313422192
0
0
0
0
0
0
0
0
0
0
0
0
0
0
0
0
0
0
0
0
0
0
0
0
0
0.146128035678238
0
0
0
0
0
0
0
0.14214840464908693
0.14765406801054495
0
0
0
1.1039303558837834
0
0
0
0
0
0
0
0
0
0
0
0.38646019098860757
0
0.33321467903538243
0
0
0
0
0
0
0
0
0
0
0
0
0
0
0
0
0.7359535705891889
0
0
0
0
0
0
0
0
0
0
0
0.6336485256944262
0
0
0
0
0
0.37481620982489977
0
0
0
0
0
0
0
0
0
0.24303804868629442
0.4259687322722811
0.5136526663438554
0
0
0.3368088607787805
2.6535597745270225
0
1.4471580313422192
0
0
0
0
0
0
0.49291552190289434
0
0
0
0
0
0
0
0
0
1.271066772286538
0
0
0
0.49291552190289434
0
0
0
0
0
0
0
0
0
0
0
0
0
0.9700367766225568
0
0
0
0
0
0
1.271066772286538
0
0
0
0
0
0
0
0
0
0
0
0
0
0
0
0
0
0
0
0
0
0
0
0
0
0
0
0
0
0
0
0
0
0
0
0
0
0
0
0
0
0
0
2.098436045340363
0
0
0
0
0
0
0.6690067809585756
0
0
0
0
0
0
0
0
0
0
0
0
0
0.38646019098860757
0
0
1.271066772286538
0
0
0
0
0
0
0
0
0
0
0
1.4471580313422192
1.4471580313422192
0
0
0
0
0
0
0
0.15218033814096588
0
0
0
0
0
0
0
0
0
0
0
0
0
0
0
0
0
0
0
0
0
0
0
0
0.9858310438057887
0
0
0
0
0
0
0
0
0
0
0
0
0
0
0
0
0.8450980400142568
0.9700367766225568
0
0
0
0
0
0
0
0
0
0
0
0
0.0
0
0
0
0.0
0
0.21670910996394527
0
0
0
0
0.2857900291072444
0
0
0
0
0
0.34415871427984174
0
0
0
0
1.0492180226701815
0
0
0
0
0
0
0
0.21670910996394527
0
0
0
0
0
0
0
0
0
0
0
0
0
0
0
0
0
0
0.6690067809585756
0
0
0
0
0
0
0
0
0
0
0
0
0
0
0
0
0
0
0
0
0
0
0
0
0
0.6342446746993636
0
0
0
0
0
1.7481880270062005
0
0
0
0.9700367766225568
0.8450980400142568
0
0
0
1.4471580313422192
0
0
0
0
0
0
0
0
0
0
0
0
0
0
0
0
0
0
0
0
0
0
0
0
0
0
0
0
0
0.6020599913279624
0.06694678963061322
0
0
0
0
0
0
0
0
0
0
0
0
0
0
0
0
0
4.489128162037202
0
0
0
1.4471580313422192
0
0
0
0
0
0
0
1.146128035678238
0
0
0
0
0
0
0
0
0
1.6230613847359767
0
0
1.3296571852319945
0
0.16840443038939024
0
0
0
1.9944857778479916
0
0
1.3380135619171512
0
0
0
0
0
0
0
0
0
0
0
0
0
0
0
0
0
0
0
0
0
0.1899510264617135
0
0
0
0.7609016907048294
0
1.1441935359010382
0
0
0
0
1.146128035678238
0
0
0
0
0
0
0
0
1.1441935359010382
0
0
0
0.6020599913279624
0
0
0
0
2.292256071356476
0
0
0
0
0
0
0.31085804627034774
0
0
0
0
0
0
0
0
0
0
0
0
0
0
1.4471580313422192
0
0
0
0
0
0
0
0
0
0
0
0
0
0
0
0
0
0
0
0
0
0
0
0
1.4471580313422192
0.6690067809585756
0
0
0
0
0
0
0
0
0
0
0
0
0
0
0
0
0
0
0
0.04921802267018165
0
0
0
0
0.7729203819772151
0
0
0
1.0492180226701815
0
0
0
0
0
0
0
0
0
0
0
0
0
0
0
0
0.4016807377836793
0
0
0.19188552623891314
0
0
0
0
0
0
0
0
0
0
1.0492180226701815
1.0492180226701815
0
0
1.4471580313422192
0
0
0
0
0
0
0
0
0
0
0
0
0
0
0
0
0
0
0
0
0
0
0
0.9030899869919435
0
0
0
0
0
0
0
0
0
0
0
0
0
0
0
0
1.7481880270062005
0.9700367766225568
0
0
0
0
0
0
0
0.8450980400142568
0
0
0
0
0
0
0
0.16840443038939024
0.33321467903538243
0
0
0
0
0
0
0
0
0
0
0
0
0
1.4471580313422192
0
0
0
0
0
0
0
0
0
0
0
0
0
0
0
0
0
0
0
0
1.7481880270062005
0
0
0
0
0
0
0
0
0
0
0
0
0
0
0.7481880270062005
0
0
0
2.098436045340363
0
0
0
0
0
0
0
0
0
0
0
0
0
0
0
0
0
0
0
0
0
0
0
0
0
0
0
0
0
0
0
0
0
0
0
0
0
0
0.2568263331719277
0
0.10473535052001297
0.9858310438057887
0
0
0
0
0
0
0
0.0939040501434783
0
0
0
0
0
0
0
0
0
0
0.6690067809585756
0
0
0
1.1441935359010382
0
0
0
0
0
0
0
0
0
0.5136526663438554
0
0
0
0
0
0
0
0
0
0.6342446746993636
0
0.24987747321659984
0
0
0.5136526663438554
0
0
0
0
1.4471580313422192
0
0
0
0
0
0
0
0
0
0
0
0
0
0
0
1.0492180226701815
0
0
0
0
0
0
0
0
0
0
0
0
0
0
0.6690067809585756
0.6690067809585756
0
0
0
0
0.20411998265592482
0
0
0
0
0
0
0
0
0
0
0
0
0
0
0
0
0
0
0
0
0
0
0
0
0
0
0
0
0
0
0
0
0
0
0
0
0
0.040617850908264086
0
0
0
0
0
0
0
0
0
0
0
0
0
0
0
0
0
0
0
0
1.7481880270062005
0
0
0
0
0
0
0
0
0
0
0
0
0
0
0
0
0
0
0
0
0
0
0
0
0
0
0
0
0
0
0
0
0
0
0
0
0
0
0
0
0
0
0
0
0
0
0
0
0
0
0
0
0
0
0.38646019098860757
0
0
0
0
1.4471580313422192
0
0
0
0
0
0
0
0
0
0
0
0
0
0
0
0
0
0
0
0
0
0
0
0
0
0
0
0
0
0
0.6020599913279624
0
0.46943442605337143
0
0
0
1.4471580313422192
0
0
0
0
0
0
0
1.146128035678238
0.19188552623891314
0
0
0
0
0
0
0
0
0
0
0
0
0
0
0
0
0
0
0
0
0
0
0
0
0
0
0
0
0
0
0
0
0
0
0
0
1.7481880270062005
0
0
0
0
0
0
0
0
0
0
0
0.3168242628472131
0
0
0
0
0
0
0
0.8450980400142568
0
0
0
0
0
0
0
0
0
0
0.7067953418479753
0
0
0
0
0
0
0
0
1.496376054012401
0
0
0
0
0
0
0
0
0
0.2568263331719277
0.49291552190289434
0
0.8450980400142568
0.6690067809585756
0.38646019098860757
0
0
0
1.271066772286538
0
1.4471580313422192
0
0
0
0
0
0
0
0
0
0
0
0
0
0
0
0
0
0
0
2.5369786987974545
0
0
0
0
0
0
0
0
0
0
0
0
0
0
0
0
0
0
0
0
0
0
1.496376054012401
0
0
0
0
0
0
0
0
0
0
0
0
0
0
0
0
0
0
0
0
0
0
0
0
0
0
0
0
0
0
0
1.7481880270062005
0
0
0
0
0
0
0
0
0
0
0
1.7481880270062005
0
0
0
0
0
0
0
0
0
0
0
0
0
0.38646019098860757
0
0
1.1039303558837834
0
0
1.0473535052001297
0
0
0
0
0
0
0
0
0
0
0
0
0
0
0.5715800582144888
0
0
0.17998630293920545
0
0
0
0
0
0
0
0
0
0
0
0
1.271066772286538
0
0
0
0.06694678963061322
0
0
0
0
0
0
0
0
0
0
0
0
0
0.6336485256944262
0
0
0.9700367766225568
0
0
0
0
0
0
0
0
1.271066772286538
0
0
0
0
0
0
0
0
0
0
0.9030899869919435
0
0
0
0
0.6020599913279624
0
0
0
0
0
0
0
1.6230613847359767
0
0
0
0.5440680443502757
0
0
0
0
0
0.7939455175668755
0
0.3010299956639812
0
0
0
0
0
0
0.146128035678238
0
0
0
0
0.6336485256944262
0
0
0
0
3.6455707302944163
0
1.146128035678238
0
0
0
0
0
0
0
0
0
1.4471580313422192
0
0
0
0
0
0
0
0
0
0
0
0.8450980400142568
0
0
0
0
0
0
0
0
0
0
1.7481880270062005
0
0
0
0
0
0
0
0
0
0
0
0
0
0
0.4997549464331997
0
1.7481880270062005
0
0
0
0
0
0
0
0
0
0
0
0.4471580313422192
0
0
0
0
0
0
0
0
0
0
0
1.271066772286538
0
0
0
0
0
0
0
0
0
0
0
0
1.7481880270062005
0
0.13389357926122644
0
0
1.0492180226701815
0
0
0
0
0
0
0
0
0
0.2708083405729299
0
0
0
0
0
0
0
0
0
0
0
0
0
0
0
0
0
0
0.36797678529459443
0
0
0
0
1.7481880270062005
0
0
1.2779061968168433
0
0
0
0
0
0.8450980400142568
0
0.4471580313422192
0
0
0
0
0
0
0
0
0
0
0
0
0
0
0
0
0
0
0
0
0
0
0
0
0
0
0
0
0
0
0
0
0
0
0.3168242628472131
0
1.4471580313422192
0
0
1.6901960800285136
0
0
0
1.146128035678238
0
0
0
0
0
0
0
0
0
0
0.34172078129850547
0
0
0.7067953418479753
0
0
0.07609016907048294
0
0
0
0.11738006267934789
0
0
0
0.6336485256944262
0
0
0
0
0
0
0
1.2041199826559248
0
0
0
0
0
0
0
0
0
0
0
0
0
0
0
0
1.7481880270062005
0
0
0
0
0
0
0
0
0
0
0
0
0
0
0
0
0
2.542133544573076
0
0
0
0
0
0
0
0
0
0
0
0
0
0
0
0
0
0
0
0
0
0
0
0
0
0
0
0
0
0
0
0
0
0
0
0
0
0
0
0
0
0
0.8450980400142568
0
0
0
0
0
0
0
0
0
0
0
0
0
0
1.271066772286538
0
0
0
0
0
0
0
0
0
0
0
0
0.2857900291072444
0
0
0
0
1.6074083924606182
1.9009455770832786
0
0.9030899869919435
0
0
0
0
0
0
0
0
0
0
0
2.8943160626844384
0
0
0.5735978571330695
0
0
0
0
0.6664293580707649
0
0
0
0
0
0
0
0
0
0
0
0
0
0
0.7359535705891889
0
0
0.7291141460588833
0
0
0
0
0
0
0.9478291920052546
0
0
0
0
0
0
1.146128035678238
0
0
0
0
0
0
0
0
0
0
0
0
0
0
0
0
0
0
0
0.7481880270062005
0
0
0
0
0.46943442605337143
0
0
0
0
0
0
1.0492180226701815
0.8450980400142568
0
0
0
0
0
0
0.4471580313422192
0
0
0
0
0
0
0
0
0
0
0
0
0
0.0965540501142037
0
0
0
0
0
0
0
0
0
0
0
0
0
0
0
0
0
0
0
0
0
0
0
0
0
0
0
0
0
0
0
0
0
0
0
0
0
0
0
0
0
0
0
0
0
0
0
0
0
0
1.2779061968168433
0
0
0
0
0
0
0
0
0
0
0
0
0
0
0
0
0
0
0
0
0
0
0.2677871585224529
0
0
0
0
0
0
0
0.49291552190289434
0
0
0
0
1.7481880270062005
0
0
0
0
0
0
0
0
0
0
0
0
0
1.4471580313422192
0
0
0.7359535705891889
0
0
0
0
0
0
0
0
0
0
0
0
0
0
0
0
0
0
0
0
0
0
0
0.6690067809585756
0
0
0
0
0
0.24303804868629442
0
0
0
0.0
0
0
0
0
0
0
0
0
0
0
0
0
1.4719071411783777
1.271066772286538
0
0
0
0
0
0
0
0
0
0
0.40621251085939486
0.9030899869919435
1.146128035678238
0
0
0
0
0
0
0
0
0
0
0
0
0
0
0
0
0
0
0
1.4471580313422192
0
0
0
0
0.023912157405411364
0
0
0
0
0
0
0
0.48607609737258883
0.38646019098860757
0.4471580313422192
0
0
0
0
0
0.6690067809585756
0
0
0
0
0
0
0
0
1.5532173168837793
0
0
0.16738510183787955
0
0
0
0
0
0
0
0
0.16840443038939024
0
0
0
0
0
0
0
0
0
0
0
0
0
0
0.03912668755978263
0
1.271066772286538
0
0
0
0
0
0
1.271066772286538
0
0.9700367766225568
0
0
0
0
0
0
0
0
0
1.6901960800285136
0
0
0
0
0
0
0
0
0
0
0
0.11055987028262318
0
0.19188552623891314
1.6901960800285136
0
0
0
0
0
0
0
0
0
0
0
0
0
0
0
0.6690067809585756
0
0
0
0.6020599913279624
0
0
0
0
0
0
0
0
0
0
0
0
0
0
0
0
0
0
0
0
0
0
0
0
0
0
0
0
0
0
0
0
0
0.6342446746993636
0
0
0
0
0
0
0
0
0
0
0
0.7939455175668755
0
0
0.8943160626844384
0
1.7481880270062005
0
0
0
0.36797678529459443
0
0
0
0
0
0
0
0
0
0
1.271066772286538
1.0492180226701815
0
0
0
0.5720967679505191
0
0
0
0
0
0
0
0
1.4471580313422192
0
0
0
0
0
0
0
0
0
0
0
0
0
0
0
0
0
0
0
0
0
0
0
0
0
0
0
0
0
0
0
0
0
0
0
0
0
0
0
0
0
0
0
0
0
0
0
0
0
0
0
0
0
0
0
0
0
0
0
0
0
0.3142468399594024
0
0
0
0
0
0
0
0.0965540501142037
0
0
0
0
0
0
0
0
0
1.7481880270062005
0
0
0
0
0
0
0
1.146128035678238
0.5177391056279265
0
0
0
0
0
0
0
1.146128035678238
0
0
0
0
0
0
0.3540315170854136
0
0
0
0
0
0
0
0
0.9858310438057887
1.4471580313422192
0
0
0
0
0
0
0
0
0
0
0
0.20411998265592482
0
0
0
0
0
0
0.5440680443502757
0
0
0
0
0
0
0
0
0
0
0.4259687322722811
0
0
0
0
0
0
0.9700367766225568
0
0
0
0
0
0
0
1.4471580313422192
0
1.7481880270062005
0
0
0
0
0
0
0
0
0.7331474536400908
1.7481880270062005
0
0
0
0
0
0
0
0
0
0
0
0
0
0
0
0.7729203819772151
0
0
0
0
0
1.3380135619171512
0
0
0
0
0
0.0
0
0
0
0
0
0
0
0
0
0
0
0.0965540501142037
0
0
0
0
0
0
0
0
0
0
0
0
0
0
0
0
0.20411998265592482
0
0
0
0.4259687322722811
0
0
0
0
0
0
0
0
0
0
0
0
0
0
0
0
0
0
0
0
0
0
0
0
0.6501273298918357
0
0
0
0
0
0
0
0
0
0
0
0
0
0
0
0
0
0
0
0
0
0
0
0
0
0
0
0
0.6020599913279624
1.496376054012401
0.21670910996394527
0.12493873660829992
0
0
0
0
0
0
0
0
0
0
0
0.6020599913279624
0
0
0
0
0
0
0
0
0
0
0
0
1.1441935359010382
0
0
0
0
0
0
0
0
0
0
0
0
0
0
0
0
0
0
0
0.9858310438057887
0
0
0
0
1.4471580313422192
0
0
0
0
0
0.6123599479677745
0
0
0
0
0
0
0
0
0
0
0
0
0
0
0
1.146128035678238
0
0.8450980400142568
0.2857900291072444
0
0
0
0
0
0
0
0
0
0
0
0
0
0
0
0
0
0
0
0
0
0
0.08543019532462637
0
0
0
0
0
0
0
0
0
0
0
1.271066772286538
0
1.146128035678238
0
1.0492180226701815
1.271066772286538
0
0
0.04921802267018165
0
0
0
0
0
0
1.0492180226701815
0
0
2.292256071356476
0
0
0
0
0
0
0
0
0
0.7481880270062005
0
0
0
0
0
0
0
0
0
0
0
0
0
0.36797678529459443
0
0
2.998932111318442
1.271066772286538
0
0
0
0
0
0
0.5421335445730759
0
0
0.19188552623891314
0
0
0
0
0
0
0
0
0.36797678529459443
0
0.0
0
0
0
0
0
0
0
0
0
0
0
0
0
0
0
0
0
0
0
0
0
0
0
0
0
0
0
0
0
0
0
0
0
0
0.2843249563578486
0
0
0
0
0
0
0
0
0
0
0
0
0
0
0.6020599913279624
0
0
0
0
0
0
0
0
0
0
1.146128035678238
0
0
0
0
0.7939455175668755
0
0
0
0
1.271066772286538
0
0
0
0
0
0.01565067502391305
0
0
0
0
0
7.235790156711096
0
0
0
0
0
0
0
0
0
0
0
0
0
0
0
0
0
0
0
0
2.4645776095144716
0
0
0.46943442605337143
0
0
0.7067953418479753
0
0
0
0
0
0
0
0
0
0
0
0.40621251085939486
0
0
0
0
0
0.5440680443502757
0
0
0
0
0
0
0
0
0
0
0
0
2.3818365527006264
1.4471580313422192
0
0
0
0
0.6020599913279624
0
0
0
0
0
0
0
0
0.33321467903538243
0
0.8519374645445622
0.11598389395537347
0
0
0
0
0
0
0
0
0
0
0
0
0
0
0
0
0
0
0
0.07609016907048294
0
0
0
0
0
0
0
0
0
0
0
0
0.38646019098860757
0.46943442605337143
0.4259687322722811
0.4057653461839942
0
0
0
0
0
0
0
0
0
0
0.49291552190289434
0
0
0
0
0.17998630293920545
1.146128035678238
0
0
0
0
0
0
0
0
0
0
0
0
0
0
0
0
0.06694678963061322
0.7939455175668755
0
0.9030899869919435
1.5458407639544303
0
0
0
0
0
0
0
0
0
0
0
0
0
0.7729203819772151
0
0
0.21670910996394527
0
0.11598389395537347
0
0
0
0
0
0.33321467903538243
0
0
0
0.047382801549695645
0
0
0
0
0
0
0
0
0
0
1.271066772286538
0
0.6020599913279624
0
0
0
0
0
0
0
0
0
0
0
1.35533386143269
0
0.9504727885416393
0
0
0
0
0
0
0
1.2684893493987273
0
0
0
0
0
0
0
0.5136526663438554
1.4471580313422192
0
0
0
0.7481880270062005
0.17086039064925274
0
0
0
0
0
0
0
0
5.084267089146152
0
0
0
0
0
0
0
0
0
0
0
0
0
0.24303804868629442
0
0
0
0
0
0
0
0
0
0
0
0
0
0
0
0
0
0
0
0
0
0
0
0
0
0
0
0
1.7481880270062005
0
0
0
0
0
0.20947070104002594
0
0
1.146128035678238
0
1.9027340240980908
0
0
0
0
0
0
1.271066772286538
0
0
0
0.45934817425662583
0
0
0.06317706873292753
0
0
0
0
0
0.38646019098860757
0
0
0
0
0
0
0
0
0
0
0
0.7939455175668755
0
0
0
0
0
0.2568263331719277
0.3249428072661127
0
0
0
0
0
0
1.146128035678238
0
0
0
0
0
0
0
0.6690067809585756
0
0
0
0
0
0
0
0
0
0
0.3142468399594024
0
0
0
0
0
0
0
0
1.4471580313422192
0
0
1.1441935359010382
0
0.6020599913279624
0
0
0
0
0
0
0
0.07609016907048294
0
0.4748775661542837
1.4471580313422192
0
0
0
2.292256071356476
0
0
0
0
0
0
0
0
0
0
0
0
0
0
0
0
0
0
0
0
0
0.17998630293920545
0
0
0
1.9400735532451137
0
0
0
0
0
1.271066772286538
0
0
2.292256071356476
0
0
0
0
0
0
0
0
0
0
0
0
0
0
0
0.6342446746993636
0
0
0
0.17998630293920545
0
0
0
0
0
0
0
0
0
0
0
0.146128035678238
0
0
0
0
0.3249428072661127
0
0
0
0
0
0
0
0
0
0
0
0
0
0
0
0
0
0
0.8450980400142568
0
0
0
0
0
0
0
0
0
0
0
0
0.46943442605337143
0
0
0
0
0
0
0
0
0
0
0
0
0
0
0
0
0
0
0
0.7496324196497995
0
0
0
2.3818365527006264
0
0.6020599913279624
0
0
0
1.271066772286538
0
0
0
0.18953120619878258
0
0
0
0
0
0
0.1899510264617135
0
0
0
0
0
0
0
0
0
0
0
0
0
0
0
0
0.8450980400142568
0
0.3142468399594024
0
0
0
0
0
0
0
0
0
0
0
0
0
0
0
0.13540417028646495
0.07042803760760873
0
0
0
0
0
0
0
0
0
0
0
0
0
0
0.1931081002284074
0.4713702599391036
0
0
0
2.120386025543926
0
0
0
0
0
0
0
0
0
0
0
0.8450980400142568
0
0.6501273298918357
0
0
0
0
0
0
0
0.42715097662313184
0
0
0
0
0
0
0
0
0
0
0
0
0
0.5440680443502757
1.4471580313422192
0
0
0
0
0
0
0
0.13389357926122644
0
0
0.3862162004568148
0
0
0
0
0
0
0
0
0
0
0
0
0
1.1441935359010382
0
0
0
0
0
0
0
0
0
0
0
0
0
0
0
0
0
0
0
0
0
0
0
0
0
0
0
0
0
0
0
0
0.4259687322722811
0
0.0
0
0.17998630293920545
1.7481880270062005
0
0
0
0
0
0.13540417028646495
0
0.08123570181652817
0
0
0
0
0.6020599913279624
0
0.6664293580707649
0
0
0
0
0
0
0
0
0
0
0
0
0
0
0
0
0
0
0
0
0
0
0
0
0
0
0
1.7481880270062005
0
0
0
0
0
0
0
0
0
0
0
0
0
0
0
0
0
0
0
0
0
0
0
0
0
0.9858310438057887
0
0
0
0
0
0
0
0
0
0
3.1712233734968183
0
0
0
0
0
0
0.33321467903538243
0
0
0
0
0
0
0
0
0.0
0
0
0
0
0
0
0
0
0
0.09564862962164546
0
0
0
0.19188552623891314
0
0
0
0
0
0
0
0
0
0
1.2672970513888524
0
3.612359947967774
0
0
0
1.146128035678238
0
0
0
0
0
0
0
0.9700367766225568
0
0.16738510183787955
0
0
0.5136526663438554
0
0
0
0
0
0
0
0
0
0
0.24370710544958452
0.4471580313422192
0
0
0
0
0.0
0
0
0
0
0.0789713359161594
1.9400735532451137
0
0
0
0
0
0
0
0
0
0
0
0
0
0
0
0
0
0
0
0
0
0
0
0.2899597348884337
0
0
0
0
0
0
0
0
0
0
0
0
0
0
0
0
0
0
0
0
0
0
0
0
1.7481880270062005
0
0
0
0
0
0
0
0.7291141460588833
0
0
0
0
0
0
1.7481880270062005
0
1.7481880270062005
0
0
0
0
0
0
0
0
0
0
0
0
0
0
0
0
1.146128035678238
0
0
0
0
0
0
0
0
0
0
0
0
0.38646019098860757
0
0
0
0.22943914285322783
0
1.7481880270062005
0
2.098436045340363
0
0
0.7481880270062005
0
0
0.4259687322722811
0
0
0
0
0
0
0.6890222613849387
0
0
0
1.2041199826559248
0
0
0
0
0
0
0
0
0
0
0
0
0
0
0
0
0.7004960366683257
0
0.6020599913279624
0
0.8450980400142568
0
0.4057653461839942
0
0
0
0
0
0
0
0
0
0
0
0
0.5440680443502757
0
0
0
0.0
0
0
4.763673105401253
1.5169637697476168
0
1.7481880270062005
0
0
0
1.0492180226701815
0
0
0.6342446746993636
0
0
0
0
0
0
0
0
0
0
0
0
0
0
1.2684893493987273
0
0
1.146128035678238
0
0
0
0
0
0
0
0
0
0
0
0
0
0
0
0
0
0.3010299956639812
0
0
0
0
0
0
0
0
0
1.146128035678238
0
0
1.271066772286538
0
0
0
0
0
0
0
0.27106677228653797
1.271066772286538
0
0
0
0
0.20084036889183965
0
0
0
0
0
0.7067953418479753
0
0
0
0
0
0
0
0
0
0
0
0
0
0
0
0
0
0
0
0
0
0
0
0
0
0
0
0
0
0
0
0
0
0
0.8378828041601037
0
0
0
0.146128035678238
0
0
0
0.5756565787167394
0.6020599913279624
0
0
0
0
0
0
0.7939455175668755
0
0
0
0
0.8450980400142568
0
0
0
0
0
1.146128035678238
0
0
0
0
0
0
0
0
0
0
0
0
0
0
1.343198683672392
0
0
0
0
0
0
0
0.7481880270062005
0
0
0
0
0
0
0
0
0
0
0
0
1.7481880270062005
0
1.4471580313422192
0
0
0
0
0
0
0
0
0
0
0
0
0
0
0
0
0
0
0
0
0
0
0
0
0
0
0
0.6342446746993636
0.12873873348560494
0
0
0
0
0
0
0
0
0
0
0
0
0
0
0
0
0
0
0
0
0
0
0
0
0
0
0
0
0
0
0
0
0
0
0
0
0.49291552190289434
0
0
2.857900291072444
0
0
0
0
0.2857900291072444
0
0
0
0
0
0
0
0
0
1.2684893493987273
0.9858310438057887
0
0
0
0.4259687322722811
0.6690067809585756
0
0
0
0
0
0
1.7481880270062005
0
0
0
0
0
0
0
1.6230613847359767
0
1.4471580313422192
0
0
0
0
0
0
0
0
0
0
0
0
0
0
0
0
0
0
0
0
0
0
0
0
0
0
0
0
0.7067953418479753
0
0
0
0
0
0
0
0.4057653461839942
0
0
0
0
0
0
0
0
0
0
0
0
0
0
0
0
1.0273053326877108
0
0
0
1.587891035133751
0
0
0
1.515639873504512
0
0
0
0
0
0
0
0
0
1.146128035678238
0
0
0
0
0
1.7481880270062005
0
1.7481880270062005
0
0
0
0
0.7939455175668755
0
0
0
0
0
0.11956078702705682
0
0.6020599913279624
0
0
0
0
0
0
1.0881360887005513
0
0
0
0
1.4471580313422192
0
0
0
0
0
0
0
0
0.7481880270062005
1.271066772286538
0
0
0.5440680443502757
1.4471580313422192
0
0
0
0.3368088607787805
0
0
0
0
0
0
0
0
0
0
0
0
1.271066772286538
0
0
0
0
0
0
0
0
0
0
0
0
0
0
0.9030899869919435
0
0
0
0
0
0
0
1.035478211255853
0
0
0
0
0
0
0
0
0
1.271066772286538
0
0
0
0
0
0
0
0
0
0.9388688521067429
0
0
0
0.33321467903538243
0
0
0
0
0.2708083405729299
0
0
0
0
0
0
0.5177391056279265
1.0492180226701815
0
0
0
0
0
1.496376054012401
0
0
0
0
0
0
0
0
0
0
0
0
0
0
0
0
0
0
0
0
0
0
0
0
0
0
0
0
0
1.146128035678238
0
0
0
0
0
0
0
0
0.43341821992789054
0
0
0
0.2568263331719277
0
0
0
0
0.6690067809585756
0
0
0
0
0
0.5177391056279265
0
0
0
0
0
0
0
0
1.4471580313422192
0
0
0.1571234199797012
0
0
0
0
0
0
0
0
0
0
0
0
0
0
0
0
0
0
0
0
0
0
0
0
0
0
0
0
0
0
0
0
0
0
0.5720967679505191
0
0
0
0
0
0
0
0
1.146128035678238
0.015794267183231882
0
0.6123599479677745
0
0
0
0
0
0
0
0
0
0
0
0
0
0
0
0
0
0
0
0
0
0
0
0
0
0
0
0
0
0
0
0
0
0
0
0
0
0
0
0
0
0
0
0.5720967679505191
0
0
0
0
0
0
0
0
0
0.7939455175668755
0
1.7481880270062005
0
0
0
0
0
0
0
0
0
0
0
0
0
0
0
0
0
0
0
0
0
0
1.7481880270062005
0
0
0
0
0
0
0
0
0
0
0
0
0
0
0
0
0
0.5440680443502757
0
0
0
0
0
0
0
0.4471580313422192
0
0.5440680443502757
0
0
0
0
0
0
0
0
0
0
0
0
0
0
0
0
0
0
0
0
0
1.0492180226701815
0
0
0
0
0
0
0
0
0
0
1.146128035678238
0
0
0
0.9030899869919435
3.1476540680105445
0
0
0
0
0
0
0
0
0
0
0
0
0
0
0
0
0
0
0.4016807377836793
0
0
0
0
0
0
0
0
0
0
0
0
0
0
0.4057653461839942
0
0
0.6020599913279624
0
0
0
0
0
0
0
0
0
0
0
0
0
0
0
0
0
0
0
0
0
0
0
1.7481880270062005
0
0
0
0
0
0.7939455175668755
0
1.146128035678238
0
0
0
0
0
0.9700367766225568
0
0
0
0
1.0507440550024887
0
0
0
0
0
0
0
0.8943160626844384
0
0
0
0
0.3168242628472131
0
0
0
0
0
0
0
0
0
0
0
0.2677871585224529
0
0
0
0.48607609737258883
0
0.8999315146960273
0
0
0
0
0
0
0
0
0
0
0
0.146128035678238
0
0
0
0
0
0
0
0
0
0
0
0
0
0
0
0
0
0
0
0.6342446746993636
0.6020599913279624
0
0
0.38646019098860757
0
0
0
0
0
1.0881360887005513
0
0
0
0
0
0
0
0
0
3.496376054012401
3.0436067628193175
0
0
0
1.7481880270062005
0
0
0
0
0
0
0
0
0
0
0
0
0
0
0
0
0
0
0
0
0
1.7481880270062005
0
0
0
0
0
0.12493873660829992
0
0
0
0.6336485256944262
0
0
0
0.09497551323085675
0.33321467903538243
0
0
0
0
0
0
0
0
0
0.17998630293920545
0
0
0
0
0
0
0
0
0
0
0
0.8450980400142568
0
0
1.0492180226701815
0.27106677228653797
0
0
0
0
0
1.271066772286538
0.6342446746993636
0
0
0
0
0
0
0
0
0
0
0
0
0
0
0.33321467903538243
0
0
0
2.292256071356476
0
0
0
0
0
0
0
0
0
0
0
0
0
0
0
0
0
0
0
0
0
0
0
0
0
0
0
0.9030899869919435
0
0
0
0
0
0.23691400774847823
0
0
0
0
0.6664293580707649
0
0
0
0
0
0
0
0
0
0
0
0
0
0.6342446746993636
0
0
0
0
0
0
0
0.16840443038939024
1.0492180226701815
0
0
0
0
0
0
0
0
0
0
0
0
0
0
0
0
0
0.5720967679505191
0
0
0
0
0
0
0
0
0
0
0
0
0
0
0
0
0
0
0
0
0
0
0.6342446746993636
0
0
0
0
0.20411998265592482
0
0
0
0
0
0
0
0
0
0
0
0.5177391056279265
0
0
0
0
0
0
0
0
0
0
0
0
0
0
0
0
0
0
0
0
0
0
0
0
0
0
0
0
0
0
0
0
0
0
0
0
0
0.9030899869919435
0
0
1.146128035678238
0
0
0
0
0
0
0
0
0
0
0.0313013500478261
0
0
0
0
0.7939455175668755
0
0
0
0
0
0
0
0
0
0
0
0
0
0
0
0
0
0.42715097662313184
0
0
0
0
0
0
0
0
0
0
0
0
0
0
0
0
0
0
0
0
0
0
0
0
0
0
0
0
0
0
0
0
0.11471957142661392
0
0
1.4471580313422192
0
0
0
0
3.010299956639812
0.5720967679505191
6.35533386143269
1.4009920733366514
0
0
0
0
0
0
0
0
0
0
0
0
0
0
0
0
0
0
0
0
0.5720967679505191
0
0
0
0
0
0
0
0
0
0
0
0
0
1.496376054012401
0
0
0
0
0
0
0
1.7481880270062005
0
0
0
0
0
0
0
0
0
0
0.48607609737258883
0.48607609737258883
0
0
0
0
0.13303073770326093
0
0.7939455175668755
0
0
0
0
0
0
0
0
0
0
0
0
0
0
0
0
0
0
0
0
0
0
0
0.7067953418479753
0
1.7481880270062005
0
0
0
0
0
0
0
0
0
0
1.4471580313422192
0
0
0
0
0
0
1.0492180226701815
0
0
0
0
0
0
0
0
0
0
0
0
0
0
0
0
0.6020599913279624
0
0
0
0
0
0
0
0
0
0
0
0
0
0
0
0
0
13.245319809215173
0
0
0
0
0
0
0
0
0
0
0
0
0
0
0
0
0.36797678529459443
0
0
0
0
0
0
0
0
0
0
0
0.9700367766225568
0
0
2.7203402217513784
0
0
0
0
0
0
0
0
0
0
0
0
0
0
0
0
0
0
0
0
0
0
0
0
0
0
0
0
0.11598389395537347
0
0
0
0
0
0
1.4471580313422192
0
0
0
0
0
0
0
0
0
0
0
0
0
0
0
0
0
0
0
0
0
0
0
0
0
0
0
0
0
0
0
0
0
0
0
0
0
0
0
0
0
0
0
0
0.3010299956639812
0
0.379902052923427
0
0
0
0
0
0
0
0
0
0.08123570181652817
0
0
0
0
0
0
0
0.33321467903538243
0
0
0
0
0
0
0
0
0
0
0
0
0
0
0
0.09497551323085675
0
0
0
0
0
0
0
0
5.070588240085541
0
0
0
0
0
0
0
0
0
0
0
0
0
0
0
0
0
0
0
0
0
0
0
0
0
0
0
0
0
0
0.9700367766225568
0
0
0
0
0
0
0
0
0
0
0
0
0
0.43838410703471403
0
0
0
0
0
0
0
0
0
0
0
0
0
0
0.32184683371401235
0.20084036889183965
0
0
0
0.0
1.7481880270062005
0
0
0
0.292256071356476
0
0
0
0.08607871263152178
0
0
0.0789713359161594
0
0
0
0.6648285926159972
0
0.40594362884380714
0
0
0
0.4429622040316349
0
0.2574774669712099
0
0
0
0
0
0.07609016907048294
0
0
0
0.7067953418479753
0
0
0
0
0
0
0
0.0
0
0
0
0
0
0.04782431481082273
0
0.7481880270062005
0
0
0.3599726058784109
0
0
0
0
0
0
0.21670910996394527
0
0
0
0
0
0
0
0
0.06694678963061322
0.9030899869919435
0
0
0
0
0
0
0.8450980400142568
0
0
0
0.07042803760760873
0
0
0
0
0
0
0
0
0
0.379902052923427
0
0
0
0
0
0
0
0
0
0
0
0
0
0
0
0
0
0.6501273298918357
0.4057653461839942
0
1.2779061968168433
0
0
1.271066772286538
0
0
0
0
0
0
0
0
0.36797678529459443
0
0
0
0
0
0
1.271066772286538
1.146128035678238
0
0
0
1.587891035133751
1.271066772286538
0
0
1.271066772286538
0
0
0
0.8450980400142568
0
0.17086039064925274
0
0
1.0492180226701815
0
1.146128035678238
0
0
0
0
0.9700367766225568
0
0
0
1.0492180226701815
0
0
0
0
0
0
0
0
0
0
0
0
1.2684893493987273
0
0
0
0
0
0
0
0
0
0
0
0
0
0
0
0
0
0
0
0
0
0
0
0
1.0492180226701815
0.2857900291072444
0
0
0
0
0
0
0
0.8450980400142568
0
0
0
0
0
0
0
0
0
0
0
0
0
0
0
0
0
0
0
0
0
0
0
0
0.27106677228653797
0
0
0
0
0
0
0
0
0
0
0
0
0
0.6336485256944262
0
0
0
0
0
0.023476012535869575
0
1.146128035678238
0
0
0
0
0
0
0
0
0
0
0
0
0
0
0
0
0
0
0
0.05799194697768673
0
0
0
0
1.7481880270062005
0
0
0.46943442605337143
0
0
0
0
0
0
0
0
0
0
0
0
0.7939455175668755
0
0
0
0
1.3380135619171512
0
0
0
0
0
0
0
0
0
0
0
0
0
1.146128035678238
0
0
0
0.040617850908264086
0
0
0
0
0
0
0
0
0
1.2684893493987273
0
0
0
0
0
0
0
0
0
0
0
0
0
0
0
0
0
0
0
0
0
0
0
0
0
0
0
0
0
0
0
0
0
0
0.6690067809585756
0
0
0
0
0
0.7939455175668755
0
0
1.4471580313422192
0
0
0.6664293580707649
0
0
0
0
0
0
0
0
0
0
0
0
1.146128035678238
0
0
0
0
0
0
0
0
0
0
0
0
0
0
0
0
0
0
0
0
0
0
0
0
0
0
0
0.12493873660829992
0
0
0
0
0
0
0
0
0
0
0
1.271066772286538
0
0.4471580313422192
0
0
0
0
0
0
0
0
0
0
0
0
0
0
0
0
0
0.49291552190289434
0
0
0
0
0
0
0
0
0
0
0
0
0
0
0
0
0
0
0
0
1.4471580313422192
0
0
0
0.12493873660829992
0
0
0
0.4259687322722811
0
0
0
0.41840088382821605
0
0
0
0
0
0
0
0.5440680443502757
0
0
0
0
0
0
0
0
0
0
0.0789713359161594
0
0
2.709269960975831
0
0
0
0
0
0
0
0
0
0
0
0
0
0
0
0
0
0
0
0
0
0
0
0
0
0
0
0
0
0
0
0
0
0.2562905859738791
0
0
0
0
0
0
0
0
0
0
0
0.5177391056279265
0
0
0
0
0
0
0
0
0
0
0
0
0
0
0
0
0
0
0
0
0
0
0.12185355272479226
0
0
0
0
0.27106677228653797
0
0.04782431481082273
0
0
0.6342446746993636
0
0.24609011335090827
0
0.292256071356476
0
0
0
0.46943442605337143
0.2708083405729299
0.43341821992789054
0
0
0
0.0
0
0
0.8132003168596139
0
1.0492180226701815
0
0
0
0.8450980400142568
0.1571234199797012
0
0
0
0
0
0
0
0
0
0
0
0.0
0
0
0
0
0.8450980400142568
0
0.1571234199797012
0
0
0
0
1.4471580313422192
0
0
0
0
0
0
0
0.0
0
0
0
0
0.4471580313422192
0
0
0
0
0
0.13540417028646495
0
0
0
0.49291552190289434
0
0
0
0.10473535052001297
0.17086039064925274
0
0
0
0
0
0
0.16247140363305634
0
0
0
0
0
0
0
0
0
0
1.1244486294746994
0
0
0
0
0
0
0
0
0
0
1.5532173168837793
0
0
0
0
0
0
0
0
0
0
0.20308925454132043
0
0
0
0
0
0
0
0
0
0
0
0
0
0
1.2041199826559248
1.505149978319906
0.03912668755978263
0
0
0
0
0
0.6501273298918357
0
0
0.040617850908264086
0
0
0
0
0.5720967679505191
0
0
0
0
0
1.1320145214141781
0
0
0
0
0
0
0
0
0
