0
0
0
0
0
0
0
0
0
0
0
0
0
0
0
0
0
0
0
0
0
0
0
0
0
0
4.807354922057604
0
0
0
0
0
0
0
0
0
0
0
0
0
0
0
0
0
0
0
0
0
0
0
0
0
0
0
0
0
0
0
0
0
0
0
0
0
0
0
0
0
0
0
0
0
0
0
0
0
0
0
0
0
0
0
0
0
0
0
0
0
0
0
0
0
2.4854268271702415
0
0
0
0
0
0
0
0
0
0
12.667177264009343
0
0
0
0
0
0
0
0
0
0
4.807354922057604
0
0
0
0
0
0
0
0
0
0
0
0
0
0
0
0
0
0
0
0
0
0
0
0
0
0
0
0
0
0
0
0
0
0
0
0
0
0
0
0
0
0
0
0
0
0
0
0
0
0
0
0
0
0
0
0
0
0
0
0
0
0
0
0
0
0
0
0
0
0
0
0
0
0
0
0
0
0
0
0
0
0
0
0
0
0
0
0
0
0
0
0
0
0
0
0
0
0
0
0
0
0
0
0
0
0
0
0
1.1069152039165118
0
0
0
0
0
0
0
0
0
0
0
0
0
0
0
0
0
0
0
0
0
0
0
0
0
0
0
0
0
0
0
0
0
0
0
0
0
0
0
0
0
0
0
0
0
0
0
0
0
0
0
0
0
0
0
0
0
0
0
0
0
0
0
4.807354922057604
0
0
0
0
0
0
0
0
0
0
0
0
0
0
0
0
0
0
0
0
0
0
0
0
0
0
0
0
0
0
0
0
0
0
0
0
0
0
0
0
0
0
0
0
0
0
0
0
0
0
0
0
0
0
0
0
0
0
0
0
0
0
2.807354922057604
0
0
0
0
0
0
0
4.807354922057604
0
0
0
0
0
0
0
0
0
0
11.422064766172813
0
0
5.807354922057604
0
0.4766068049664295
5.701392979347257
0
0
0
0
0
0
0
0
0
0
0
0
0
0
0
0
0
0
0
0
0
0
0
1.9004643264490857
0
0
0
0
0
0
0
0
0
0
0
0
0
0
0
0
0
0
0
0
0
0
0.6374299206152918
9.0
0
2.326997464565759
0
0
4.807354922057604
4.213830407833024
0
0
0
0
0
0
2.347923303420307
0
0
0
0
0
0
0
0
2.106915203916512
0
0
0
0.9708536543404833
0
0
0
0
0
0
0
6.970853654340483
16.111962106682242
5.807354922057604
5.614709844115208
8.444784842672895
0
0
0
0
0
0
0
0
0
0
0
0
0
0
0
0
0
0
0
0
0
0
11.614709844115207
0
0
0
6.0
0
11.614709844115207
4.444784842672896
0
0
0
0
0.8174936614143978
0
0
0
0.4766068049664295
0
3.587409338571926
1.6374299206152918
0
0
0
3.4854268271702415
0
0
0
0
1.222392421336448
0
0
0
0
0
0
0
0
0
0
0
0
0
0
0
0
0
0
0
0
0
0
0
0
0
0
0
0
0
0
0
0
0
6.237709634456074
1.4150374992788437
0
0
0
5.422064766172813
0
0
1.8073549220576042
0
8.0
0.18196645973061049
0
0
0
4.807354922057604
4.222392421336448
0
0
0
0
0
0
0.9004643264490856
0.0
0
0.41592333652710967
0
0
0
0
0
4.213830407833024
2.0
0
0
0.3119425023953323
0
0
0
0
0
0
0
0
5.807354922057604
0
0
0
0
0
0
0
1.8073549220576042
0
0
0
0
0
0
0
0.3155018257279294
5.807354922057604
0
0
0
0
0
4.807354922057604
0
0
0
0
0
4.807354922057604
0
0
0
0
5.807354922057604
0
0
4.947832091834726
0
0
0
4.0
3.8148040134957535
0
0
0
0
0
2.6374299206152916
0
0
0
0
0
3.222392421336448
0
0
0
0
0
0
0
0
0
0
4.807354922057604
0
0
0
0
4.222392421336448
0
0
0
0
0
0
0
0
4.222392421336448
0
0
0
0
0
0
2.347923303420307
0
0
0
1.8073549220576042
0
0
0
0
0
0
0
0
0
0.7198920808072646
0
0
0
0
0
0
0
0
0
0
0
0
0
0
0
0
0
0
0
0
0
0
1.8987478538600642
2.4854268271702415
0
0
4.222392421336448
0
0
5.807354922057604
4.970853654340483
0
0
4.222392421336448
0
0
0
0
0
4.222392421336448
0
0
0
0
0
0
0
0
3.222392421336448
0
0
0
0
0
0
0
14.150374992788437
0
0
0
0
0
0
0
0
0
5.807354922057604
0
0
2.347923303420307
0
0
0
0
0
0
0
0
0
0
2.222392421336448
0
0
0
0
0
0
0
0
0
0
0
0
0
0
0
0.9004643264490856
0
0
0
0
0
0
0.13492958008610864
0
0
0
0
4.04376991026092
0
0
0
3.6671772640093443
0
0
1.8073549220576042
0
0
0
0
0
0
0
0
0
10.456280481510724
0
0
0
0
0
0
0
0
0
0
0
0
0
0
0
0
0
0
0
2.4854268271702415
0
0
0
0
0
0
0
0
0
0
0
0
0
0
0
0
0
0
0
0
0
1.9417073086809666
1.222392421336448
0
0
0
0
0
0
0.10493483978827096
0.3269974645657591
0
0
0
0
0
0
0
0
0
0
0
0
0
0
0
2.5675859320011827
0
0
0
0
0
0
0
0
0
0
0
0
0
0
0
0
0
0
2.444784842672896
0
0
0
0
0
0
8.427660815666048
0
0
0
0
0
0
0
0
0
0
2.0751874963942187
5.807354922057604
1.3479233034203069
2.347923303420307
0
0
0
0
0
0
0
1.4150374992788437
0
0
0
0
0.6780719051126377
0
0
0
0
0
0
0
0
0
0
0
0
0
0
0
0
0
0
0
0
0
0
0
0
0
0
0
0
0
0
0
0
5.807354922057604
0
0
0
0
0
0
4.807354922057604
0
0
0
0
0
0
0
0
0
0
0
0
0
0
0
0
0
0
0
6.0
0
0
0
0
0
0
0
0
0
0
0
0
0
0
1.660149997115375
0
0
0
0
9.614709844115207
0
0
0
0
0
4.970853654340483
1.5594274086140185
6.970853654340483
0
0
0
0
0
0
0
0
0
0
0
0
0
0
0
0
0
0
0
0
0
0
0
0
0
0
0
0
0
0
0
0
1.4150374992788437
0
0
0
0
0
0
0
0
0
0
0
1.2638303518998333
4.695846606840614
0
0
0
4.807354922057604
0
0
0
0
0
0
0
0
4.0
0
0
0
0
0
0
3.4854268271702415
0
0
5.807354922057604
0
0
0
0
0
0
0
0
0
0
0
0
0
0
0
10.456280481510724
0
0
0
0
0
0
0
0
0
0
0
0
0
0
0
0.0
0
0
0
0.0
0
0
0
0
0
0
0
1.0524674198941355
0
1.8073549220576042
0
0
0
0
0
0
0
0
0
0
0
0
0
0
5.159676242421794
2.8795683232290585
0
0
0
0
0
0
0
0
0
0
0
0
0
0
0
0
0
0
0
0
0
0
0
0
0
4.807354922057604
0
0
0
0
0
0
0
0
0
0
0
0
0
0
0
0
0
0
0
0
0
4.222392421336448
0
0
0
0
0
0
0
0
2.807354922057604
0
0
0
0
0
0
0
0
0
0
0
0
0
0
0
0
0
0
0
0
0
0
0
0
0
0
0
0
5.807354922057604
0
0
0
0
1.11196210668224
0
0
0
0
0
0
0
0
0
2.106915203916512
4.695846606840614
0
0
0
0
0
0
0
0
0
0
0
0
0
0
4.970853654340483
0
0
0
0
0
0
0
0
0
0
0
0
0
0
0
0
1.577509128639647
0
0
0
0
0
0.3155018257279294
0
0
0
0
0
0
0
6.444784842672896
0
0
0
0
0
0
0
0
0
0
0
0
0
0
0
0
1.8930109543675764
0
0
0
0
0
0
0
0
4.807354922057604
6.970853654340483
0
0
0
0
0
0
0
1.0524674198941355
0
0
0
0
0
0
0
2.347923303420307
0
0
0
0
0
0
0
0
0
1.5092548823936933
0
0
0
0
0
0
0
0
0
0
0
0
3.4854268271702415
3.807354922057604
0
0
0
0
0
0
0
0
0
0
0
0
0
6.0
0
0
0
0
0
0
0
0
0
0
0
0
2.222392421336448
0
0
0
0
0
0
0
0
0
0
0
0
0
0
0
0
0
0
0
0.6539949291315182
0
0
0
0
3.851378898001774
0
0
0
0
0
0
0
0
0
0
0
0
0
1.3561438102252754
0
0
0
0
3.4854268271702415
0
2.446316634700928
0
0
0
0
0
0
0
0
0
0
0
0
0
0
0
0
0
0
0
0
4.444784842672896
0
0
0
0
0
0
4.807354922057604
0
0
0
0
0
0
0
0
0
0
0
0
0
0
0
0
0
3.807354922057604
0
0
0
0
0
0
0
0
0
0
0
0
0
0
0
0
0
0
0
0
0
0
0
0
0
0
0
0
0
0
0
0
0
0
0
0
0
0
0
0
0
0
0
0
0
0
0
0
0
0
0
0
0
0
0
0
0
0
0
0
0
0
0
0
0
0
0
0
0
0
0
0
0
4.807354922057604
0
0
4.970853654340483
0
3.807354922057604
3.807354922057604
0
0
0
0
0
0
0
0
0
2.104934839788271
0
5.807354922057604
0
0
0
0
0
0
0
0
0
0
0
4.807354922057604
0
4.807354922057604
0
0
0
0
0
0
0
0
0
6.970853654340483
0
4.222392421336448
0
0
0
0
0
0.8531586116707288
0
0.3479233034203068
0
0
0
0
0
0
0
0
0.5458993791918314
0
0
5.807354922057604
0
0
0
0
0
0
0
0
0
0
0
0
0
0
0
0
0
0
0
0
0
0
1.6374299206152918
0
0
0
0
0
0
0
0
0
0
0.41503749927884376
0
0
0
5.807354922057604
0
0
0
0
0
0
4.807354922057604
0
0
0
0
0
0
0
0
0
0
0
0
0
0
0
0
0
0
0
0
0
0
0
0
0
0
0
0
6.667177264009345
0
0
0
0
0
0
0
0
0
0
0
0
0
0
0
0
0
0
0
0
0
0
0
3.222392421336448
4.807354922057604
0
1.4854268271702418
0
0
4.222392421336448
0
0
0
0
0
0
0
0
0
0
0
0
0.2698591601722173
0
0
0
0
0
0
5.614709844115208
0
0
6.970853654340483
0.5055321407599334
0
0
0
0
0
0
0
0
0
0
1.2837929660005913
0
0
0
0
0
0
0
0
0
0
0
0
0
0
0
0
0
1.6374299206152918
0
0
0
0
0
0
0
0
0
0
0
0
0
0
0
0
0
11.614709844115207
0
0
3.222392421336448
0
4.444784842672896
0
0
0.8073549220576041
0
0
0
0
3.8009286528981714
0
0
0
0
0
0
0
0
0
0
0
0
0
0
0
0
0
0
0
0
0
0
0
0
0
0
0
0
0
0
0
1.0
0
0
3.0
0
0
0
0
0
0
0
0
0
0
0
0
0
0
0
5.807354922057604
0
0
0
0
1.9122897618458754
0
0
0
0
0
0
0
0
0
0
0
0
0
0
0
0
0
0
0
0
0
0
0
0
0
4.807354922057604
0
0
0
0
0
0
0
0
6.0
0
0
0
0
0
0
0
0
2.6374299206152916
0
0
0
0
0
0
0
0
0
0
0
0
0
0
0
0
4.807354922057604
0
0
0
0
0
5.807354922057604
0
0
0
0
0
0
9.614709844115207
4.222392421336448
0
2.4854268271702415
0
0
0
0
0
0
0
0
0
1.7063172233414576
1.6374299206152918
0
0
0
0
0
0
0
0
0
0
0
0
0
0
0
0
0
0
0
0
0
0
0
0
0
5.614709844115208
0
0
0
0
0
0
0
0
0
5.807354922057604
0
0
0
1.1634987322828796
0
0
0
0
0
0
0
0
0
0
0
0
7.456280481510724
5.807354922057604
0
0
0
0
3.807354922057604
0
0
0
0
0
0
0
0
0
0
0
0
0
0
0
0
0
0
0
0
0
0
0
0
0
0
0
0
0
0
0
0
0
0
0
0
0
0
0
0
0
0
0
0
0
0
0
0
0
4.807354922057604
0
6.418964830002957
3.6671772640093443
0
1.222392421336448
0
0
0.3479233034203068
0
0
0
0
0
0
0
0
0
1.1069152039165118
0
0
0
0
0.9493739269300321
0
0
0
3.1486204220766436
0
0
0
0
0
0
0
0
0
0
0
0
0
0
0
0
0
0
3.222392421336448
0
0
0
0
0
0
0
0
0
0
0
0
0
0
0
0
0
0
0
0
0
0
0
0
0
0
0
0
0
0
0
0
0
0
0
0
0
0
0
0
0
0
0
0
5.807354922057604
0
1.3479233034203069
0
0
4.807354922057604
0
0
0
6.970853654340483
0
3.222392421336448
2.6374299206152916
0
3.0
0
0
0
0
0
0
0
0
0
0
0
0
0
0
0
0
0
0
0
6.444784842672896
3.807354922057604
0
0
0
0
0
0
0
0
0
0
0
0
0
0
0
0
0
0
0
0
3.2748598412305836
0
0
0
0
0
0
0
0
0
0
0
0
0
0
0
0
0
0
0
0
1.2837929660005913
0
0
0
0
0
0
0
0
0
0
0
0
0
0
0
0
0
0
0
0
0
0
0
0
0
0
0
0
0
0
0
0
0
3.4854268271702415
0
0
0
0
0
0
0
0
0
0
0.6671772640093441
0
0
0
0
0
0
1.6374299206152918
0
0
0
0
1.222392421336448
0
0
0
0
2.288882408097452
0
0
0
0
0
0
0
0
0
0
0
0
0
0
0
0
0
0
0
0
5.807354922057604
0
4.245112497836531
0
0
3.222392421336448
0
0
0
0
0
0
0
0
0
0
0
0
2.222392421336448
0
0
0
0
0
0
0
0
0
0
0
0
0
0
0
0
0
0
0
0
0
0
0
0
0
0
2.104934839788271
0
0
0
0
0
0
0
0
0
0
0
0
0
2.807354922057604
0
0
0
0
0
1.4189648300029567
0
0
0
0
0
0.5055321407599334
0
5.807354922057604
0
0.12997604266472176
0
0
0
0
0
0
0
0
0
0
0
0
0
0
0
0
0
1.5594274086140185
0
0
0
0
0
0
0
0
0
0
0
0
0
0
0
3.222392421336448
4.807354922057604
0
0
0
0
0
0
0
0
0
0
0
0
0
2.347923303420307
0
0
0
0
0
0
0
0
0
0
0
0
0
0
0
0
0
4.807354922057604
0
0
0
0
0
5.807354922057604
0
0
0
0
0
0
0
0
0
0
0
0
6.444784842672896
0
4.807354922057604
0
0
0
0
0
0
0
0
0
0
0
0
0
0
0
0
0
0
4.222392421336448
0
0
0
0
0
0
0
0
4.265793058353644
0
0
0
0
0
0
1.456280481510725
1.0524674198941355
0
0
0
0
0
0
0
0
0
0
0
0
0
0
0
0
1.1432705020665188
0
0
0
0
0
0
0
0
0
0
0
0
2.807354922057604
0
0
0
0
7.912289761845875
0
0
0
0
0.8073549220576041
0
0
0
0
0
0
0.4498029174395205
0
0
0
0
0
0
0
0
0
0
0
0
0
0
0
1.5594274086140185
0
0
0
0
0
0
0
0
0
0
2.4854268271702415
0
0
0.9708536543404833
0
0
0
0
0
0
0
0
0
0
0
0
0
0
1.4854268271702418
0
1.4854268271702418
0
0
0
0
0
0
0
0
0
0
0
0
0
0.10691520391651188
0
0
0
0
0
0
0
0
0
0
5.807354922057604
0
0
1.0524674198941355
0
0
0
0
0
0
0
0
0
0
0
0
0
0
0
0
0
0
2.4854268271702415
0
0
3.0
0
0
0
0
0
0
0
0
2.347923303420307
2.807354922057604
0
0
0
0
0
0
2.347923303420307
0
0
0
0
0
0
0
0
0
0
0
0
0
0
0.9004643264490856
3.0
0
0
0
0
0.22239242133644802
0
0
0
0
0
0
0
0
0
0
2.347923303420307
5.807354922057604
0
0
0
0
0
0
0
0
0
0
0
0
0
0
0
0
0
0
0
0
4.807354922057604
3.6147098441152083
0
0
0
0
0
0
0
0
0
3.0
0
0
0
0
0
0
0
2.8300749985576874
0
0
0
0
0
0
0
2.422064766172812
0
0
0
0.0
0
0
0
0
0
0
6.667177264009345
0
0
0
0
0
0
0
0
0
0
0
0
0
0
0
0
0
0.4498029174395205
0
0
0
0
0
0
0
0
1.3479233034203069
21.0
0
0
0
1.0524674198941355
0
0
0
0
0
0
0
0
0
0
0
0
0.4766068049664295
0
0
0
0
0
0
0
2.422064766172812
1.2837929660005913
0
0
0
0
0
0
0
0
0
0
0
0
0
0
0
1.7198920808072646
0
0
0.3971723374720246
0
0
0
0
0
0
0
0
0
0
0
0
0
0
0
0
3.0518432107966027
0
0
0
0
0
0
0.025995208532944354
0
0
0
0
0
0
0
0
0
0
0
0
0
0
0
0
0
0
0
0
0
0
0
0
0
0
0
0
4.222392421336448
0
0
0
0.15740225968240645
0
0
0
0
0
0
0
0
0
0
0
0
0
0
0
0
0
0
0
0
1.222392421336448
5.807354922057604
4.0
2.347923303420307
0
0
0
0
0
0
0
0
0
0
0
0
0
0
0
0
0
0
0
0
0
0
0
12.889569685345792
0
0
0
0
0
0
0
0
2.106915203916512
0
0
0
0
0
0
0
0
0
0
0
0
0
0
0
0
0
0
0
0
0
2.807354922057604
0
0
0
0
0
0
0
0
0
0
0
0
0.8073549220576041
0
1.9004643264490857
0
0
0
0
0
0
0
0
0
0
0
0
0
0
0
0
0
0
0
0
0
0
0
0
0
0
0
0
0
0
0
0
6.444784842672896
0
0
0
5.807354922057604
0
3.222392421336448
2.6374299206152916
8.531586116707288
3.222392421336448
0
0
0
0
0
0
0
0
0
0
0
2.347923303420307
0
0
0
0
0
0
0
0
0
0
0
0
0
2.4854268271702415
0
0
0
2.106915203916512
0
0
0
0
0
0
0.5345760195825594
0
5.807354922057604
5.807354922057604
0
0
0
0
0
0
0
0
0
0
0
0
0
0
0
0
0
0
0
0
0
0
0
0
0
0
0
4.807354922057604
0
0
1.71064326266419
0
0
0
0
0
0
0
0
0
0
0
0
0
3.187149603076459
0
0
0
0
0
0
0
0.6780719051126377
5.807354922057604
3.4854268271702415
0
0
0
0
0
0
3.807354922057604
0
0
0
0
0
0
0
0
0
0
0
0
0
0
0
3.222392421336448
0
0
4.807354922057604
0
0
0
0
0
0
0
0
0
0
0
0
0
0
0
3.1313097307827613
0
0
3.4854268271702415
0
0
0
0
0
0
0
0
0
0
0
0
0
3.851378898001774
0
0
0
0
0
0
0
0
0
0
0
0.0
0
0
2.106915203916512
0
0
3.807354922057604
0
0
4.222392421336448
0
0
0.9622368352486069
9.614709844115207
0
0
0
0
0
0
0
0
0
0
0
0
0
0
0
0.6780719051126377
0
0
0
0
0
0
6.980992393697278
0
0
0
0
5.807354922057604
8.300749985576875
0
0
0
5.807354922057604
0
0
0
0
0
0
3.222392421336448
0
0
4.222392421336448
0
0.7198920808072646
0
0
4.222392421336448
0
0
0
0
0
0
0
0
0
0
0
0
0
0
0
0
0
0
0
0
0
0
0
0
0
2.0
0
0.7198920808072646
1.660149997115375
0
0
0
0
5.807354922057604
0
3.4854268271702415
0
0
0
2.159676242421794
4.0
0
0
0
0
0
4.222392421336448
0
0
0
0
0
0
5.701392979347257
0
0
0
0
0
0
0
0
0
0
0
0
0
0
0
0
0
0
0
4.912289761845876
0
0
0
0
4.807354922057604
4.222392421336448
0
0
0
0
0
0
0
0
0
0
0
0
0
0
11.402785958694514
0
0
0
0
0
7.614709844115208
0
0
0
0
0
2.4854268271702415
0
0
0
0
0
0
0
0
0
2.6374299206152916
0
9.667177264009345
11.614709844115207
0
0
0
0
0
0
0.851378898001774
0
0
0
0
0
0
0
0
0
0
0
0
0
0
0
0
0
0
5.807354922057604
2.615979716526073
0
0
0
0
0
0
0
0
0
0
0
0
0
0
0
0
0
2.4854268271702415
0
0
0
0
0
0
0
0
2.106915203916512
0
0
0
0
0
0
1.222392421336448
0
0
0
0
0
0
0
0
0
0
4.502321632245428
21.099439364922333
0
8.286588967998794
0
0
0
0
0
0
0
0
4.889569685345792
2.347923303420307
0.0
0
0
0
0
0
0
0
0
0
1.2748598412305836
0
0
0
0
0
0
0
0
0
0
0
0
0
0
0
0
0
0
0
4.222392421336448
0
3.4854268271702415
0
0
0.2698591601722173
0
0
0
0
0
0
0
0
0
0
0
0
0
0
2.0
0
4.222392421336448
0
0
0
0
0
0
0
0
0
0
0
0
0
0
0
0
0
0
0
0
0
0
0
0
0.15597125119766614
0
0.9708536543404833
0
0
0
0
0
0
0
0
0
0
0
0
0.6310036514558588
0
0
0
0
0
0
0
0
0
0
0
0
0
3.4854268271702415
0
9.941707308680966
0
9.391693213681227
0
0
0
0
0
6.0
0
0
0
0
0
5.397635009274246
0
0
0
0
0
0
0
0
0
0
0
0
0
0
0
0
2.4854268271702415
0
0
0
0
0
0
0
0
0
0
0
0
0
0
0
0
3.320745611749535
0
0
0.38529015588479165
0
0
3.4854268271702415
6.444784842672896
0
0
0
0
0
0
0
0
0
0
0
0
0
0
0
1.7693624926597669
3.4854268271702415
0
0
0
0
0
0
0
0
0
0
0
0
0
0
1.3479233034203069
0
0
0
0
0
0
1.6374299206152918
0
0
0
1.6374299206152918
1.5594274086140185
0
0
0
0.5979015564286544
0
0
0
0
5.807354922057604
0
0
0
0
0
0
0
0
0
0
11.614709844115207
0
0.6671772640093441
0
0
3.0
0
0
0
0
9.614709844115207
0
0
0
0
0
0
0
0
0
2.5675859320011827
0
0
0
0
0.9632253897119791
0
0
0
0
0
0
2.807354922057604
0
0
0.20986967957654193
0
0
0
3.4854268271702415
0
0
0
0
0
0
0
0
4.0
0
0
0
0
0
0
0
0
0
0
0
2.701392979347257
0
2.104934839788271
0
0
0
0
0
0
0
2.106915203916512
0
0
0
0
0
0
0
1.7063172233414576
0
1.7198920808072646
0
0
2.4854268271702415
0.28379296600059134
0
0
0
0
0
0
0
0
0
0
0
0
0
0
0
0
2.807354922057604
0
0
0
0
0
0.8073549220576041
0
0
0
0
0
0
0
0
0
0
0
0
0
0
0
0
0
0
0
0
0
0
0
0
0
0
0
0
0
0
0
0
0
0
0
0
0
0
0
0
0
0
0
0
0
0
0
11.614709844115207
0
0
0.7629608026991507
0
0
0.36727193925894835
0
0
5.807354922057604
0
0
0
0
0
0
0
5.807354922057604
0
0
0
0
0
0
0
0
0
0
0
0
0
1.6191549610333036
0
0
0
0
0
0
0
0
0
0
0
0
0
0
2.222392421336448
0
0
0
0
0
0
0
0
0
3.222392421336448
0
2.347923303420307
0
0
0
0
0
0
0
0
0
0
1.9004643264490857
0
0
0
0
0
0
0
0
0
0.5055321407599334
0
0.6310036514558588
0
0
0
0
0
0
0
0
0
0
0
0
0
0
0
0
0
1.0
0
2.0
0
0
1.0
0
0
0
0
0
0
0
3.222392421336448
0
0
0
0
0
0
0
0
0
0
0
0
2.222392421336448
0
0
0
0
0
0
0
0
0
0
0
0
0
0
0
1.793704669285963
0
0
0
0
0
0
0
0
0
0
0
0.48542682717024166
0
0
0
0
0.13492958008610864
0
0
0
0
0
0
0
0
0
0
0
0
0
0
0
2.347923303420307
0
0
0
0
0
0
0
0
0
0
0
0
0
0
0
3.118854817228037
0
0
0
0
0
0
0
0
0
0
0
0
0
0
0
0
4.0
0
0
0.41503749927884376
0
0
0
0
0
2.0
0
0
0
0
0
0
0
0.47220677904721936
0
0
0
0
0
8.444784842672895
0.3155018257279294
0
0
0
0
0
0
0
0
4.807354922057604
0
0
0
0
0
0
0
0
0
2.609763515976779
0
0
0
0
0
0
0
0
3.8009286528981714
2.4854268271702415
0
0
0
0
15.0
4.947832091834726
0.025995208532944354
0
0
0
0
0
0
5.422064766172813
0
0
0
0
0
0
0
0.5345760195825594
1.5658581095860673
0
3.4854268271702415
0
0
0
9.0
0
0
0
0
0
0
0
0
0
0
0
1.4397841616145293
0
0
0
0
0
0
0
3.6893085580076876
0
0
0
0
0
0
0
0
0
0
0
0
0
0
0
0
0
0
0
4.222392421336448
0
0
0.22239242133644802
0
0
0.4276608156660475
0
0
0
0
0
0
0
0
0
1.1634987322828796
0
0
0
1.9004643264490857
9.614709844115207
0
0
0
0
0
0
0
0
0
0
0
0
0
0
0
0
0
0
3.4854268271702415
0
0
0
0
0
0
0
0
0
0
0
0
0
0
0.0
0
1.793704669285963
0
0
0
0
0
0
0
0
0.6746479004305432
0
0
4.807354922057604
0
0
0
3.320745611749535
0
0
5.807354922057604
0
0
5.807354922057604
0
0
0
1.0439054063907116
0
0
0
3.8009286528981714
0
0
0
0
5.807354922057604
0
0
0
0
0
0
0
0
0
0
0
0
0
0
0
0
0
0
0
0
0
0
0
3.4854268271702415
0
0
0
0
0
0
0
0
0
0
1.6374299206152918
0
0
0
0
0
0
0
0
0
0
0
0
0
0
0
0
0
0
0
0
0
0
0
0
0
0
0.0
0
0
0
0
0
0
0
0
0
0.4766068049664295
0
0
0
1.2748598412305836
0
0
0
0
0
0
0
0
0
0
1.0524674198941355
0
0
0
0
0
0
4.222392421336448
0
0
0
6.970853654340483
0
0
3.222392421336448
0
0.953213609932859
0
0
0.8531586116707288
0
0
0
0
11.614709844115207
0
0
11.11196210668224
0
0
0.5397183203444346
1.4854268271702418
0
0
0
0
0.0
0
0
0
0
0.15740225968240645
0
0
0
0
0
0
0
0
0
0
0
0
0
0
0
0
0
2.106915203916512
0
0
0
0
0
0
0.19264507794239583
0
0
0
0
0
0
4.222392421336448
0
0
0
0
0
0
0
0
0
0
6.739616517101535
0
0
0
0
0
0
0
0
9.614709844115207
0
0
0
2.4854268271702415
0
2.422064766172812
0
0
0
0
0
0
0
0
0
0
0
0
0
0
0
0
0
0
0
5.807354922057604
0
0
0
0
0
0
0
0
0
0
0
0
0
0
0
0
0
0
3.851378898001774
0
0
0
0
0
0
0
0
0
0
0
3.4397841616145293
0
0
0
0
0
0
0
0
0.7629608026991507
0
0
0
0
0
0
0
0
0
0
0
0
0
0
0
4.222392421336448
0
0
0
0
1.1634987322828796
0
0
0
0
0
2.6958466068406137
2.4854268271702415
0
0
0
0
0
0
0
0
0
0
0
0
0
0
0
0.0
0
0
0
0
0
0
0
0
5.807354922057604
0
0
0
0
0
0
0
0
0
5.807354922057604
6.970853654340483
0
0
0
0
0
4.807354922057604
2.104934839788271
0
0
0
0
0
0
0
0
0
0
0
0
3.0
0
0
0
0
0
0
0
0
0
0
0
0
0
0
0
0
0
0
0
0
0
0
0
0
0
0
0
0
0
1.8009286528981712
0
0
0
0
0
2.001531792028032
0
0
0
3.807354922057604
0
0
0
0
0
0
0
0
0
0
0
0
0
0
0
4.444784842672896
0
4.807354922057604
3.807354922057604
0
0
0
0
0
0
4.222392421336448
0
1.4150374992788437
0
0
0
0
0
0
0
0
3.1313097307827613
0
0
0
0.9708536543404833
7.614709844115208
5.807354922057604
0
0
0
0
0
0
0
0
3.2748598412305836
0
0
0
3.4854268271702415
0
0
0
0
2.222392421336448
0
0
0
0
0
0
0
0
0
0
0
1.8073549220576042
0
0
0
6.444784842672896
0
0
1.1958031128573088
0
0
0
0
0
0
0
0
0
0
0
0
0
4.807354922057604
5.807354922057604
0
0
0
0
0
0
0
0
0
0
0
0
0
0
0
0
0
0
0
0
0
0
0
0
0
0
0
0
0
0
0
0
0
0
0
1.3898976509146546
0
0
0
2.6374299206152916
0
0
2.6374299206152916
0
0
0
0
0
0
0
9.0
0
0
0
0
0
0
0
0
0
0
0
0
0
0
0
0
2.347923303420307
0
0
0
0
0
2.347923303420307
0
0
3.222392421336448
0
0
0
2.8481217807900965
0
0
0
5.274859841230583
0
0
0
0
0
0
0
0
0
0
0
0
0
0
0
0
0
0
0
4.807354922057604
0
0
0
0
0
0
1.3479233034203069
0
0
0
0
0
0
0
0
0
0
0
0
0
0
0
4.807354922057604
0
0
0
0
0
0
2.807354922057604
0
0
0
0
0
0
0
0
0
0
0
0
0
0
0
0
0
4.175621625562846
1.9004643264490857
0
0
0
0
0
0
0
0
0
0
0
0
5.274859841230583
0.8531586116707288
2.807354922057604
0
0
0
0
0
0
0.5594274086140185
0
0
3.807354922057604
0
0
0
0
0
0
0
9.614709844115207
0
0
0
0
0
0
0
0
0
0
0
2.6374299206152916
0
0
0
0
2.6374299206152916
0.15886893498880983
0
0
0
0
0
0
0
0
3.6147098441152083
0
0
0
0
0
0
0
0
0
0
0
0
0
0
0
0
0
3.6147098441152083
0
4.222392421336448
0
0
11.747975580894389
3.0
9.614709844115207
5.807354922057604
0
0
0
0
0
1.7198920808072646
3.0
0
0
0
0
0
0
0
0
0
0
0
0
0
0
0
0
0
0
0
0
0
0
0
0
0
0
0
0
0
0
0
0
0
0
0
0
3.0
0
0.7629608026991507
0
0
0
0
0
0
1.5594274086140185
0
0
0
1.1069152039165118
0
0
0
0
0
1.9004643264490857
0
0
0
0
0
0
0
0
0
0
0
0
0
0
0
0
0
0
0
0
0
0
0
0
0
0
0
0
0
0
0
0
0
0
0
0
0
0
0
0
3.807354922057604
0
0
0
0
0
0
0
0
0
0
0
0
0
0
3.4126344466829153
0
0
5.807354922057604
4.444784842672896
4.444784842672896
0
0
0
0
0
6.8795683232290585
0
3.118854817228037
0
0
0
0
0
0
0
0
0
0
0
0
0
0
0
0
0
0
0
2.347923303420307
0
0
0
0
0
0
0
0
0
3.807354922057604
0
3.4854268271702415
0
0
0
0
0
0
0
0
0
2.6374299206152916
0
0
0
0
0
5.807354922057604
0
0
0
2.347923303420307
0
0
0.10493483978827096
0
0
0
0
0
0
0
0
0
0
0
0
0
0
0
0
0
0
0
0
0
0
0
0
0
0
0
0
0
0
0
0
0
0
0
0
0
3.222392421336448
0
0
0
0
0
0
0
0
0
0
0
4.807354922057604
0
0
0
0
0
0
4.807354922057604
0
0
0
0
0
0
2.4854268271702415
0
0
0
0
0
0
3.807354922057604
0
0
0
0
0
0
0
0
0
0
0
0
0
0
0
0
0
0
0
0
3.807354922057604
0
0
4.222392421336448
0
1.8073549220576042
0
0
0
0
0
0
5.807354922057604
0
0
0
0
1.8073549220576042
0
0
0
0
0
0
0
0
0
0
0
0
0
1.1634987322828796
0
0
0
0
0
0
0
0
0
0
0
0
0
0
0
0
0
0
0
0
0
0
0
0
0
0
0
0
0.8531586116707288
0
0
0
0
0
0
0
0
0
0
0
0
0
0.8895696853457921
0
0
0
0
0
0
0
0
0
0
0
0
0
0
0
0
0
0
0
0
1.3479233034203069
0
0
0
0
0
0
0
0
0
0
0
0
0
0
0
0
0
0
0
0
0
0
0
0
0
0
0
0
0
0
0
0
0
0
0
0
0
0
0
0
0
0.8531586116707288
0
0
0
0
0
0
0
0
0
0
0
0
0
0
0
0
0
0
0
0
0
0
0.44478484267289603
0
0
0
2.422064766172812
0
1.793704669285963
0
0
0
0
0
5.807354922057604
0
0
0
0
0
0.9708536543404833
0
8.0
0
0
0
0
0
0
0
0
0
0
0
0
2.347923303420307
4.807354922057604
0
0
0
0
0
1.702757796003548
0
1.2837929660005913
0
0
0
0
0
0
0
0
0
0
0
0
0
0
0
0
0.2527660703799667
0
0
0
0
0
0
0
4.807354922057604
0
0
0
0
0
0
0
0
0
7.04376991026092
0
3.0
5.807354922057604
0
0
0
1.7198920808072646
0
0
0
0
1.0
0
0.41503749927884376
0
0
0
0
0
0
0
2.8395164315513646
0
0
0
0
0
0
0
0
0
0
0.5979015564286544
0
0
0
0
0
0
0
0
0
0
0
0
0
5.614709844115208
0
0
0
0
0
3.2748598412305836
0
0
0
0
0
0
0
12.667177264009343
0
0
3.222392421336448
0
0
0
0
0
0
1.1069152039165118
0
0
0.8073549220576041
0
0
0
0
0
0
0
0
0
0
0
0
0
0
0
0
0
0
7.614709844115208
0
0
0
0
0
0
0
0
4.456280481510725
0
3.807354922057604
0
0
0
0
0.6296090387296258
0
0
0
0
0
0
0
0
0
0
0
0
0
0
0
0
0
5.614709844115208
2.106915203916512
0
1.3479233034203069
0
0
0
0
0
1.6782822258420556
0
0
0
0
0
0
0
0
0
0
0
0
0
0
0
0
0
0
0
0
0
0
0
0
0
0
0
0
0
0
0
0
6.970853654340483
0
0
0
0
0
0
0
0
0
0
0
1.11196210668224
0
2.034215715337913
0
0
0
0
0
0
0
0
0
0
3.222392421336448
0
0
0
0
0
0
0
0
0
0
0
0
0
0
0
0
11.614709844115207
0
0
0
0
0
0
0
0
0
0
0
0
0
0
0
0
0
0
0
0
0
0
4.213830407833024
0
0
0
0
0
0
0
0
0
0
0
0
0.18196645973061049
0
0
0
0
0
0
5.159676242421794
0
0
0
4.807354922057604
0
0
0
0
0
0
7.614709844115208
1.7198920808072646
0
0
4.807354922057604
0.28379296600059134
3.0
0
0
0
0
1.5594274086140185
0
0
0
0
2.9708536543404835
0
0
0
0
0
0
3.0
0
0
0
0
0
0
0
0
3.4854268271702415
0
0
1.9004643264490857
0
0
0.38109016735550627
0
0
0
0
2.9708536543404835
0
0
0
0
0
1.1634987322828796
0
0
0
0
0
0
0
0
0
0
0
0
0
0
0
0
0
0
0
0
0
0
0
0
0
0
0
0
0
0
0
0
0
0
0
0
0
0
0
0
0
0
0
0
0
0
0
1.2837929660005913
0
0
0
0
0
0
0
0
0
0
0
0.3119425023953323
4.807354922057604
0
0
0
0
0
0
0
0
0
2.106915203916512
0
0
0
0
0
0
0
0
0
0
0
0
0
0
0
0
0
0
0
0
1.8073549220576042
0
0
0
0
0
0
0
0.3155018257279294
0
3.807354922057604
0
0
0
3.4854268271702415
5.807354922057604
0
0
0
0
0
0
0
0
0
0
0
0
0
0
5.807354922057604
0
0
7.614709844115208
0
0
0
0
0
0
0
0
0
0
0
0
0
0
0
0
0
0
0
0
0
0
0
0
0
0
0
8.444784842672895
0
0
0
0
0
0
0
0
0
0
0
0
0
0
0
0
3.222392421336448
0
0
0
0
1.222392421336448
0
0
0
0
0
0
0
0
0
0
0
0
0
0
0
0
0
0
0
0
0
0
0
0
0
0
2.5043860132511457
1.2837929660005913
0
0
5.807354922057604
0
0
4.807354922057604
0
0
1.4854268271702418
0
0
0
0
0
0
0
0
5.807354922057604
0
0
0
0
0
0
0
0
5.614709844115208
0
0
0
0
0
0
0
0
0
0
0
0
0
0
0
0
0
0
0
0
4.222392421336448
0
0
1.0
3.118854817228037
1.577509128639647
0
0
0
0
0
0
0
0
0
0.13492958008610864
0
0
0
0
0
0
3.0
4.427660815666047
0
0
0
0
0
0
0
0
0
3.4854268271702415
4.222392421336448
0
0
0
0
0
0
0
0
0
0
0
0
0
0
0
0
0
0
0
0
0
0
0
0
0
0
0
0
0
0
8.08753982052184
0
3.807354922057604
0
0
4.222392421336448
0
0
0
0
0
0
0
0
0
0
0
0
0
0
0
0
0
0
0
0
0
2.347923303420307
5.339695098872658
0
0
8.880904142633645
0
0
0
0
0
0
0
0
0
0
0
0.21383040783302376
0.44478484267289603
0
0
0
0.0
0
0
0
0
0
0
0
0
0.2859472938623879
0
0
0.15740225968240645
0
0
1.7198920808072646
1.2620073029117176
0
0.9632253897119791
0
0
0
1.7984860551116753
0
1.817558466580702
0
0
1.2837929660005913
0
0
0.7582982111399
5.807354922057604
0
1.0
0
0
0
0
0
0
0
0
0.0
0
0
0
0
0
0.15886893498880983
0
0
0
2.347923303420307
1.793704669285963
0
7.229419688230417
0
0
4.222392421336448
0
0
0
0
0
0
0
0
0
0
0.8895696853457921
0
0
0
0
0
0
0
0
0
0
0
0.12997604266472176
0
0
0
0
0
0
0
0
0
1.2620073029117176
0.2698591601722173
0
0
0
0
0
0
6.0
0
0
0
0
0
0
0
0
0
0.7198920808072646
0
2.6374299206152916
0
0
0
0
0
0
0
0
0
0
0
0
1.222392421336448
0
0
1.4854268271702418
0
0
4.213830407833024
0
3.807354922057604
3.807354922057604
0
0
0
0
0
0
0
0
0
0
0
0
0
0
0
0
0
0
0
0
0
0
0
0
0
0
0
0
0
0
0
0
0
0
0
0
0
0
0
0
0
0
0
0
0
7.614709844115208
0
0
0
3.222392421336448
0
0
0
0
0
1.4854268271702418
0
0
0
0
0
7.04376991026092
0
0
0
0.9493739269300321
0
0
0
0
0
0
4.807354922057604
0
0
0
0
0
0
0
0
0.28379296600059134
0
0
4.695846606840614
0
1.0524674198941355
0
0
0
0
0
0
0
0
0
0
0
0.9004643264490856
0
0
0
0
0
0
0
0
0
0
0
0
0
0
0
0
0
0
0
0.2859472938623879
0
0
0
0
0
0
0
0
0
0
0
0
0
0
0
0
0
0
0
0
0
0.7705803117695833
0
0
0
0
0
0
0
3.118854817228037
0
0
0
0
0
0
0
0
0
0
0
0
0
0
0
0
0
0
0
0
0
0
0
0
0
0
0
0
0
0
0
0
0
0
3.4854268271702415
1.3492958008610865
0
0
0
0
0
0
0
0
1.5594274086140185
0
0
0
0
0
0
0
0
0
0
0
0
0
0
0
0
0
0
0
0
0
0
0
0
0
0
3.6147098441152083
0
0
0
0
0
0
0
0
2.222392421336448
0
0
0
0
0
0
0
0
0
0
0
2.2138304078330235
0.8531586116707288
0
0
0
0
0
0
0
0
0
0
0
0
0
0
0
0
0
0
0
0
4.245112497836531
5.807354922057604
0
0
0
0
3.807354922057604
5.807354922057604
0
0
0
0
0
0
0
0
0
5.807354922057604
0
0.8300749985576875
0
1.7198920808072646
0
0
0
0
0
0
0
0
0
0
0
4.456280481510725
0
0
0
0
0
0
7.04376991026092
0
4.807354922057604
0
0
0
0
0
0
0
1.7063172233414576
1.6374299206152918
0
0
0
0
0
0
3.4397841616145293
0
0
0
0
0
0
0
0
0
0
0
0
0
0
0
0
0
0
0
0
0
0
0
0
0
1.4968128548311663
0
0
1.222392421336448
0
0
0
0
0
0
0
0
0
0
0
0
0
0
0
0.8919461382003032
2.222392421336448
0
3.0
0
0
0
0
0
0
0
0
0
0
0
0
0
0
0
0
0
0
0
0
0
0
0
0
0
0
0
0
0
0
0
0
0
0.851378898001774
0
0
0
0
0
0
0
0
3.0
0
0
0
0
0
0
0
0
0
1.0524674198941355
0
0
0
0
0
0
0
0
0
0
0
0
0
0
0
0.5397183203444346
2.0
4.222392421336448
0
0
2.701392979347257
0
0.873779142438454
0
0
0
4.807354922057604
0.8174936614143978
0
0.9708536543404833
0
0
8.444784842672895
3.118854817228037
1.799211669758082
0.7198920808072646
0
0
0
0.0
0
0
3.6018573057963423
0
3.4854268271702415
0
0
3.2748598412305836
0
2.087810812781423
0
0
0
0
0
0
3.4854268271702415
0
0
0
0
0.0
0
0
0
0
0
0
0
0
0
0
0
0
0
0
0
0
0
0
0
0.0
0
0
0
0
5.941707308680967
0
0
0
0
0
1.799211669758082
0
0
0
1.6374299206152918
0
2.326997464565759
0
1.739616517101534
0.5675859320011827
0
0.4498029174395205
0
0
0
0
0.8095774805166518
0
0
0
0
0
1.1634987322828796
0
2.444784842672896
0
0
1.2451124978365313
0
2.106915203916512
0
0
5.614709844115208
0
0
0
0
0
0
0
0
0
0
0
0
0
0
0
0
0.9445070606027605
0
0
0
0
0
0
0
0
0
0
1.5594274086140185
0
1.7198920808072646
0
1.0
0
0.07798562559883307
4.807354922057604
0
0
0
0
0
0
0
0.16349873228287956
0
0
4.222392421336448
0
0
0
0
0
0
0
0
0
