0
0
0
0
0
0
0
0
0
0
0
0
0
0
0
0
0
0
0
0
0
0
0
0
0
0
0
0
0
0
0
0
0
0
0
0
0
0
0
0
0
0
0
0
0
0
0
0
0
0
0
0
0
0
0
0
0
0
0
0
0
0
0
0
0
0
0
0
0
0
0
0
0
0
0.5177391056279265
0
0
0
0
0
0
0
0
0.33321467903538243
0
0
0
1.146128035678238
0
0
0
0
0
0
0
0
0
0
0
0
0
0
0
0
0
0
0
0
0
0
0
0
0
0.46943442605337143
0
0
0
0
0
0
0
0
0
1.035478211255853
0
0
0
0
0
0
0
0
0
0
0
0
0
0
0
0
0
0
0
0
0
0
0
0
0
0
0
0
0
0
0
0
0
0
0
0
0
0
0.35024801833416286
0
0
0
0
0
0
0
0
0
0
0.9700367766225568
0
0
0
0
0
0.9030899869919435
0
0
0
0
0
0
0.7939455175668755
0
0
0
0
0
0
0
0
0
0
0
0
1.806179973983887
0
0
0
0
0
0
0
0
0
0
0
0
0
0
0
0
0
0
0
0
0
0
0
0.33321467903538243
0
0.49291552190289434
0
0
0
0
0
0
0
0
0
0
0
0
0.2857900291072444
0
0
0
0
0.6690067809585756
0
0
0
0
0
0
0
0
0
0
0
0
0
0
0
0
0
0
0
0
0
0
0
0
0
0.5440680443502757
0
0
0
0
0.9700367766225568
0
0
0
0
0
0
0
0.38646019098860757
0
0
0
0
0
0
0
0
0
0
0
0
0
0
0
0
0
0
0
0
0
0
0
0
0
0
0
0
0
0
0
0
0
0
0
0
0
0
0
0
0
0
0
0
0
0
0.7481880270062005
0
0
0
0
0
0
0
0
0
1.4471580313422192
0
0
0
0
0
0
0
0
0.24303804868629442
0
0
0
0
0
0
0
0
0
0
0
0
0
0
0
0
0
0
0
0
0
0.4057653461839942
0
0
0
0.04782431481082273
0
0
0
0
0
0
0
0
0
0.9700367766225568
0
1.7481880270062005
0
0
0
0
0
0
1.505149978319906
0
0.43341821992789054
0
0
0
0
0
0.9030899869919435
0
0.8450980400142568
0
0
0
0
0
0
0
0
0
0
0
0
0
0
0
0
0
0
0.3837710524778263
0.9030899869919435
0
0
0
0
0
0
0
0
0
0
0
0
0
0
3.496376054012401
6.876768214069427
1.7481880270062005
0
0
0
0
0
0
0
0
1.315152321104142
0
0
0
0
0
0
0
0
0
0
0
0
0
0
0
0
0
0
0
0
0
0
0
0
0
0
0
0
0
0
0
0
0
0
0
0
0
0
0
0.5177391056279265
0
0
0
0
0
0
0.04921802267018165
0
0
0
0.16738510183787955
0
0
0
0
0
0
0
0
0
1.271066772286538
0
0.36797678529459443
0
0
0
0
0
0
0
0
0
0
0
0
0
0
0
0
0
0
1.146128035678238
0
0
0
0
0
0
0
1.271066772286538
0
0
0
0
0
0
0
0
0.7939455175668755
0
0
0
0
0
0
0
0.6020599913279624
0.04695202507173915
0
0
0
0
0
0
0.2568263331719277
0
0
0
0
0.27106677228653797
0.0
0
0.08607871263152178
0
0
0
0
0
0
0.6020599913279624
0
0
0.04695202507173915
0
0
0
0
0
0
0
0
0
0
0
0
0
0
0
0.9700367766225568
0
0
0
0
0.6020599913279624
0
0
0
0.09497551323085675
0
0
0
0
0
0
0
0
0
0
1.7481880270062005
0
0
0
0
0
0
0
0
0
0.13540417028646495
0
0
0
0
0.22967408712831291
0
0
0
0
0
0
0
0
0
0
0
0
0
0
0
0
0
0
0
0
0
0
0
0
0
0
0
0
0.20411998265592482
0
0
0
0
1.146128035678238
0
0
1.271066772286538
0
0.9700367766225568
0.8450980400142568
0
0
0
0
0
0
0
0
0
0
0
0
0
0
0
1.9400735532451137
0
0
0
0
0
0
0
0
0
0.49291552190289434
0
0
0
0
0
0
0
0
0
0
0
0
0
0
0
0
0
0
0
0
0
0
0
0
0
0
0
0
0
1.4471580313422192
0
0
0
0
0
0
0
0
0
0
0
0
0
0
0
0
0
0
0
0
0
0.9700367766225568
0
0
0
0
0
0
0
1.4471580313422192
0
0.7067953418479753
0
0
0
0
0
0
0
0
0
0
0
1.4471580313422192
0
0
0
0
0
0
0
0.6020599913279624
0
0
0
0
0
0
0.27106677228653797
0
0
0
0
0
0
0.3249428072661127
0
0
0
0
0.4057653461839942
0
0
0
0
0
0
0
0
0
0
0
0
0
0
0
0
0
0
0
1.7481880270062005
0.46943442605337143
0
0
0
0
0
0
0
0
0
0
0
0
0
0
0
0
0
0
0
0
0
0
0
0
0
0
0
0
0
0
0
0
0
0
0
0
0
0
0.7359535705891889
0
0
0
0
0
0
0.12635413746585505
0.04921802267018165
0
0
0
0
0
0
0
0
0
0
0
0.46943442605337143
0
0.3142468399594024
0
0
0
0
0
0
0
0
0
0
0
0
0
0
0
0
0
0
0
0
0
0
0
0
0
0
0
0
0
0
0
0
0
0
0
0
0
0
0.24987747321659984
0
0
0
0
0
0
0
0
0
0
0
0.2568263331719277
0
0
0.5052132911681707
0.20411998265592482
0
0
0
0
0
0
0
0
0
0
0
0
0
0
0
0
0
0
0
0
0
0
0
0
0
0
0
0
0
0
0
0
0
0
0
0
0
0
0
0
0
0
0
0
0
0
0
0
0
0
0
0
0
0
0
0
0
0
0
0
0
0
0
0
0
0
0
0
0
0
0
0
0
0
0.8745711562580994
0
0
0
0
0
0
0
0
0
0
0
0
0
0
0
0
0
0
0
0.6690067809585756
0
0
0
0
0
0
0
0
0
0.7939455175668755
0
0
0
0
0
0
0
0
0
0
0
0
0
0
0
0
0
0
0
0
0
0
0
0
0
0
0
0.22827050721144881
0.7067953418479753
0
0
0
0
0
0
0
0
0
0
0
0
0
0
0
0
0
0
0
0
0
0
0
0
0
0
0
0
0
0.21670910996394527
0
0
0
0
0
0
0
0
0
0
0
0
1.7481880270062005
0
0
0
0
0
0.08543019532462637
0
0
0
0
0
0.0
0
0
0
0.0
0
0.21670910996394527
0
0
0
0
0
0
0
0
0
0
0.34415871427984174
0
0
0
0
0
0
0
0
0
0
0
0
0
0
1.4471580313422192
0
0
0
0
0
0
0
0
0
0
0
0
0
0
0.43341821992789054
0
0.6690067809585756
0
0
1.7481880270062005
0
0
0
0
0
0
0
0
0.8450980400142568
0
0
0
1.7886321253688768
0
0
0
0
0
0
0
0
0
0.6342446746993636
0
0
0
0
0
0
1.4471580313422192
0
0
0
0
0
0
0
0
0
0
0
0
0
0
0
0
0
0
0
0.24987747321659984
0
0
0
0
0
0
0
0
0
0
0
0
0
0
0
0
0
0
0.06694678963061322
0
0
0
0
0
0
0
0
0
0
0
0
0
0
0
0
0
0
0
0
0
0
0
0.8450980400142568
0
0
0
0
0
0
0
0
0
0
0
0
0
0
0
0
0
0
0
0.49291552190289434
0.5052132911681707
0
0
0
0
0
0
0
0
0
0
0
0
0
0
0
1.7481880270062005
0
0
0
0
0
0
0
0
0
0
0
0
0.09497551323085675
0
0
0
0.07609016907048294
0
0
0
0
0
0
0
0
1.4471580313422192
0
0
0
0
0
0
0
0
0
0
0.6020599913279624
0
0
0
0
0
0
0
0
0
1.4471580313422192
0
0.4065066758919932
0
0
0
0
0
0.49291552190289434
1.0492180226701815
0
0
0
0.8450980400142568
0
0
0
0
0
0
0
0
0
0
0
0
0
0
0
0
0
0
0
1.7481880270062005
0
0
0
0
0
0
0
0
0
0.6690067809585756
0
0
0
0
1.7481880270062005
0
0
0
0
0
0
0
0
0
0
0
0
0
0
0.1968720906807266
0
0
0
0
0
0
0
0
0
0
0
0
0
0
0
0
0
0
0.20411998265592482
0
0
0
0
0
0
0.20084036889183965
0
1.7481880270062005
0.3837710524778263
0
0
0
0
0
0
0
0
0
0
0
1.0492180226701815
0
0
0
0
0
0
0
0.7481880270062005
0
0
0
0
0
1.7481880270062005
0
1.4471580313422192
0
0
0
0
0
0
0
0
0
0
0
0
0
0
0
0
0
0
0
0
0
0
0
0
0
0
0
0
0
0
0
0
0
0
0
0
0
0
0
0
0
0
0
0
0.5052132911681707
0.33321467903538243
0
0
0
0
0
0
0
0
0
0
0
0
0
0
0
0
0
0
0
0
1.7481880270062005
0
0
0
0
0
0
0.24303804868629442
0
0
0
0
0
0
0
0
0
0
0
0
0
0
0
0
0
0.7481880270062005
0
0
0
0
0
0
0
0
0
0
0
0
0
0
0
0
0
0
0
0
0
0
0
0
0
0
0
0
0
0
0
0
0.3168242628472131
0
0
0
0
0
0
0
0
0
0.5136526663438554
0
0.6020599913279624
0
1.0273053326877108
0
0.10473535052001297
0
0
0
0
0
0
0
0
0.11738006267934789
0
0
0
0.7939455175668755
1.0492180226701815
1.4471580313422192
0
0
0.9030899869919435
1.7481880270062005
0
0
0
0
0.5720967679505191
0
1.271066772286538
0
0
0
0
0
0
0
0
0.49291552190289434
0
0
0
0
0
0
0
0
0.6342446746993636
0
0.4997549464331997
0
0
1.0273053326877108
0
0
0
1.2779061968168433
0
0
0
0
0
0
0
0
0
1.271066772286538
0
0
0
0
0
0
0
0
0
0
0
0
0
0
0
0
0
0
0
0
0
0
0
0
0
0
0
0.40823996531184964
0
0
0
0
0
0
0
0
0
0
0
0.24303804868629442
0
0
0
0
0
0
0
0
0.7939455175668755
1.3414740940266576
0
0
0
0
0
0
0
0
0
0
0
0
0
0
0
0.20308925454132043
0
0
0
0
0
1.4471580313422192
0
0
0
0
0.3804508453524147
1.9400735532451137
0
0
0
0
0.4057653461839942
0
0
0
0
0
0
0.4057653461839942
0
0
0
0
0
0
0
0
0
0
0
0
0
0
0
0
1.4471580313422192
0
0
0
0
0
0
0
0
0
0
0
0
0
0
0
0
0
0
0
0
0
0
0
0
0.7291141460588833
0
0
0
0
0
0
0
0
0
0.38646019098860757
0
0
0
0
0
0
0
0
0
0
0
0
0
0
0
0
0
0
0.4259687322722811
0
0
0
0
0
0
0
0.3010299956639812
0
0
0
0
0
0
0
0
0
0
0
0
0
0
0
0
0
0
0
0
0
0
0
0.7675421049556526
0
0
0
0
0.36797678529459443
0
0
0
0
0
0
0.9700367766225568
0
0
0
0
0.7067953418479753
0
0
0
0
0
0
0
0
0
0
0
0
0
0
0
0
0
0
0
0
0
0
0
0
0
0
0
0
0
0
0.38646019098860757
0
0
0
0
0
0
0
0
0
0
0
0
0
0
0
0
0
0
0
0
0
0
0
0
0
0
0
0
0
0
0
0
0
0
0
0
0
0
0
0
0
0.8450980400142568
0
0
0
0
0
0
0
0
0
0
1.146128035678238
0
0
0
0
0
0
0
0
0
0
0
0.6342446746993636
0.8450980400142568
0
0
0
0
0
0.8450980400142568
0
0
0
0
0
0
0.17998630293920545
0
0
0
0
0
0
0
0
0
0
0
0
0
0
0
0
0
0
0
0
0
0
0
0
0
0
0
0
0.9700367766225568
1.7481880270062005
0
0
0
0
0
0
0
0
0
0
0
0
0
0
0
0
0
0
0
0
0
0
0
0
0
0
0
0
0
0
0
0
0
0
0
0
0
1.9027340240980908
1.806179973983887
0
0
0
0
0
0
0
0
0.10473535052001297
0
0
0
0
0
0
0
0
0
0
0
0
0
0
0
0
0
0.17998630293920545
0.13540417028646495
0.7481880270062005
0
0
0
0
0
0
0
0
0
1.7481880270062005
0
0
0
0
0.2677871585224529
0
0
0
0
0
0
0
0
0
2.292256071356476
0
0
0
0.9504727885416393
0.7067953418479753
0
0
0
0
0
0
0
0
0
0
0
0
0
0
0
5.692402218017297
0
0
0
0
0
0
0
0
0
0
0
0
0
0
0
0
0
0
0.8115306923679884
0
0
0
0.5440680443502757
0
0
0
0
0
0
0
0
0
0
0
0
0
0
0.292256071356476
0
0
0
0
0
0
0
0
0
0
0
0
0.9700367766225568
0
0
1.3380135619171512
0
0
0
0
0
0
0
0
0
0
0
0
0.6342446746993636
0
0
0
0
0.8450980400142568
0
0
0
1.5841213142360655
0
0
1.0492180226701815
0
0
0
0
0
0.33321467903538243
0
0
0
0
0
0
0
0
0
0
0
0
0.24987747321659984
0
0
0
0
0
0
0
0
0
0
0
0
0
0
0
0
0
0
0
0
0
0
0
0
0
0
0
0
0
0
0
0
0
0
0
0
0
0
0
0
0.4016807377836793
0
0
0
0
0
0
0.49291552190289434
0
0
0
0
0
0.13540417028646495
0
0
0
0.45934817425662583
0
0
0
0
0
0
0
0
0
0
0
0
0
0
1.1039303558837834
0
0
0
0
0
0
0
0.4259687322722811
0
0
0
0.7481880270062005
0
0
0
0
0
0
0
0
0
0
0
0
0
0
0
0
0
1.4471580313422192
0
0
0
0
0
0.7481880270062005
0
0
0
0
0
0
0
0
0
0
0
0
0
0
0
0
0
0
0
0
0
0
0
0
0
0
0
0
0
0
0
0
1.271066772286538
0
0.08543019532462637
0
0
0
0
0
0.30436067628193175
0
0
0
0.04695202507173915
0
0
0
0
0
0.38646019098860757
0
0
0
0
0
0.6020599913279624
0
0
0
0
0
0
0
0
0
0
0
0
0
0
0
0
0
0
0
0
0
0
0
0
0
0
0
0
0
0
0
0
0
0
0
0
2.8271813673919013
0
1.146128035678238
0
0
0
0
0
1.1441935359010382
0
0
0
0
0
0
0
0
0
0
0
0
0
0
0
0
1.4471580313422192
0
0
0
0
0
0
0
0
0
0
0
0
0
0
0
0
0
1.7481880270062005
0
0
0
0
0
0
0
0
0
0
0
0
0
0
0
0
0
0
0.8115306923679884
0
0
0
0
0
0
1.1431601164289775
0
0
0
0
0
0
0
0
0
0
0
0
0
0
0
0
0
0
0.8450980400142568
0
0
0
0.11471957142661392
0
0
0
0
0.9996440371061472
0
0
0
0
0
0
0
0
0
0
0
0
0
0
0
0
0
0.24303804868629442
3.496376054012401
0
0
0
0
0
0.13540417028646495
0
0
0
0
0
0
0
0
0
0
0
0
0
3.496376054012401
0
0.46943442605337143
0
0
0
0
1.7481880270062005
0
0
0
0
0
0
0
0
0.292256071356476
0
0
0
0
0
0
0
0
0
0
0
0
0.8115306923679884
0
0
0
0
0
0
0
0
0
0
0
0
0
0
0
0
0
0.12873873348560494
0
0.9030899869919435
0
0
0
0
0
0
0
0
0
0
0
0.3168242628472131
0
0.46943442605337143
0.2568263331719277
0
0
0
0
0
0
0
0
0
0
0
0
0
0
0
0
0
0
1.806179973983887
0
0
0
0
0
0
0
0
0
0
0
0
0
0
0.4259687322722811
0
0
0
0
0
0
0
0.9030899869919435
0
0
0
0
0
0
0
0
0
0
0
0
0
0
0.13389357926122644
0
0
0
0
0
0
0
0
0
0
0
0
0
0
0
0
0
0
0
0
0
0
0
0
0
0
0
0
0
0
0
0
0
0
0
0
0
0
0
0
0
0
0
0
0
0
0
0
0.7939455175668755
0
0
0
0
0
0
1.4471580313422192
0
0
0
0
0
0
0
0.0
0
0
0
0
0
0
0
0
0
0
0
0
0
0
0
0
0
0
0
0
0
0
0
0
0
0
0
0
0
1.632204133050827
0
0
0
0
0
0
0
0
0.6336485256944262
0
0
0
0
0
0
0
0
0
0
0
0
0.1434729444324682
0.2568263331719277
0
0
0
0
0
0
0.7291141460588833
0
0.4471580313422192
0
0
0
0
0
0
0
0
0
0
0
0
0
0.3368088607787805
0
0
0.16840443038939024
0.5738917777298728
0
0
0
0
0
1.146128035678238
0.49291552190289434
0
0.3368088607787805
0
0
0
0
0
0
0
0
0
0
0
0
0
0
0.0313013500478261
0
0
0
0
0
0
0
0
0
0
0
0
0
0
0
0
0
1.271066772286538
0
0
0
0
0
0
0
0
0
0
0
0
0
0
0.047382801549695645
0
0.19188552623891314
0
0
0
0
0
0
0
0
0
0
1.7481880270062005
0
0
0
0
0
0
0
0
0
0
0
0
0
0
0
0
0
0
2.292256071356476
0
0
0
0
0
0
0
0
0
0
0
0
0
0
0
0
0
0
0
0
0
0
0
0
0
0
0
0
0
0
0
0
0
0
0
0
0.7939455175668755
0
0
0
0
0
0
0
0
0.36797678529459443
4.225490200071284
0
0
0.4057653461839942
0
0
0
0
0
0
0
0
0
0.24303804868629442
0
0
0
0
0
0
0
0
0
0
0
0
0
0
0
0
0.7939455175668755
0
0
0
0
0
0
0
0
0
0
0
0
0
0
0
0
0
0
0
0
0
0
0
0
0
0.2568263331719277
0
0
0
0
0
0
0
0
0
0
0
0
0
0
0
0
0
0
0
0
0
0
0
0
0
0
0.7481880270062005
0
0
0.7856170998985059
0
0
0
0
0
0
0
0.06436936674280247
0
0
0
0
0
0
0
3.1476540680105445
0
0
0
0
0
0
0
0
0
0
0.5177391056279265
0
0
0.49291552190289434
0
0
0
0
0
0
0
0
0
0
0
0.41840088382821605
0.7067953418479753
0
0
0
0
0
0
0
0
0
0
0
0
0.9594276311945658
0
0
0
0
0
0
0
0
0
0
0
0
0
0
0
0
0
0
0.35024801833416286
0
0
0
0
0
0
0.4259687322722811
0
0
0
0
0
0
0
0
0
0
0
0
0
0
0
0
0
0
0
0
0
0.20411998265592482
0
0
0
0.3142060515600389
0
0
0
0
0
0
0
0
0
1.7481880270062005
0
0
0
0
0
0
0
0
0
0
0
0
0
0
0
0
0
0
0.0
0.6342446746993636
0
0.6342446746993636
0
0
0
0
0
0
0
0
0.12873873348560494
0
0
0
0
0
1.146128035678238
0
0
1.1513131574334787
0
0
0
0
0
0
0
0.20411998265592482
0
0
0
0
0
0
0.7004960366683257
0
0
1.7481880270062005
0
0
0.12493873660829992
0
0
0
0
0
0
0
0
0
0
0
0
0
0
0
0.43341821992789054
0
0
0
0
0
0
0
0
0
0
0
0
0
0
0
0
0
0
0
0
0
0
0
1.146128035678238
0
0
0
0
0
0
0
0.12493873660829992
0
0.33321467903538243
0
0
0
0
0
0
0
0
0
0.6020599913279624
0
0
0
0
0
0
0
0
0
0
0
0
0
0
0
0
0
0
0
0
0
0
0
0
0
0
0
0
0
0
0
0
0
0
0
0
0
0
0
0
0
0
0
0
0
0
0
0
0
1.7481880270062005
0
0
0
0
0
0
0
0
0
0
0
0
0.2857900291072444
0
0
0
0
0
0
0
0
0
0.7939455175668755
0
0
0
0
0
0
0
0
0
0
0
0
0.08543019532462637
0
0
0
0
0
0
0
0
0
0
0
0
0
0
0
0
0
0
0
0.1968720906807266
0
0
0
0
0
0
0
0
0
0
0
0
0
0
0
0
0
0.7481880270062005
0
0.7481880270062005
0
0
0
0
0
0
0
0
0
0
0
0
0
0
0
0
0
0
0
0
0
0
0
0
0
0
0
0
0
0
0
0
0
0
0
0
0.36797678529459443
0
0.0
0
0
0
0
0
0
0
0
0
0.3837710524778263
0
0
0
0.9030899869919435
0
0
0
0
0
0
0
0
0
0
0
0
0
0
0
0
0
0
0
0
0.44679635999090495
0
0
0
0
0
0
0
0
0
0
0
0
0
0
0
0
0
0
0
0
0
0
0
0
0
0
0
0
0
0
0
0
0
0
0
0
0
0
0
0
0
0.023476012535869575
0
0.584512142712952
0
0
0
0
0
0
0
0
0
0
0
0
0.1899510264617135
0
0
0
0
0
0
0
0
0
0
0
0
0
0
0
0
0
0
0
0
1.7481880270062005
0
0
0
0
0
0
0
0
0
0
0
0
0.38646019098860757
0
0
0
0
0
0
0
0
0
0
0
0
0
0
0
0
0
0
0
0
0
0
0
0
0
0
0
0
0
0
0
0
0.05799194697768673
0
0
0
0
0
0
0
0
0
0
0
1.146128035678238
0
0
0
0
0
0
0
0.15218033814096588
0
0
0
0
0
0
0
0
0
0
0
0
0
0
0
0
0
0
0
0
0
0.7067953418479753
0
0
0
0
0.49291552190289434
0.9388688521067429
0
0
0
0.17998630293920545
0
0.6342446746993636
0
0
0
0
0.9700367766225568
0
0
0
0
0
0
0
0
0
0
0.06694678963061322
0
0
0
0.38646019098860757
0
0
0
0
0
0
0
0
0
0
0
0
0.7939455175668755
0
0
0
0.21670910996394527
0.4471580313422192
0.1739758409330602
0
0
0
1.7481880270062005
0
0.6664293580707649
0
0
0
0.0789713359161594
0
0
0
0
0
0
0
0
0
1.7481880270062005
0
0
0
0
0
0
0
0
0
0
1.271066772286538
0
0
0
0
0
0.3168242628472131
0
0
0
0
0
0
0
0.6342446746993636
0
0
0
0
0
0
0
0.2568263331719277
0
0
0
0
0
0.2562905859738791
0
0
0
0
2.292256071356476
0
0
0
0
0.3010299956639812
0
0
0
0
0
0
0
0.1571234199797012
0
0
0
0
0
0
0
0
0
0
0
0
0
0
0.5715800582144888
0
0
1.271066772286538
0
0
0
0
0
0
0
0
0
0
0
0
0
0
0
0
0
0
0
0
0
0.3142060515600389
0
0
0
0
0.6342446746993636
0
0
0.9030899869919435
0
0
0
1.271066772286538
0
0
0
0
0
0
0.1737369390155507
0
0.2568263331719277
0
0
0
0
0
0
0
0
0
0
1.7481880270062005
1.271066772286538
0
0
0
0
0
0
0
0
1.271066772286538
0.2568263331719277
0.20308925454132043
0
0
0
0
0
0
0
0
0
0
0
0
0
0
0
0
0
0
0
0
0
0
0
0
0
0
1.4135906836959506
0
0
0
1.271066772286538
0
0
0
0
0
1.146128035678238
0
0
0
0
0
0
0
0
0
0
0
0
0.1899510264617135
0
0
0
0
0
0
0
0
0
0
0
0
1.146128035678238
0
1.7481880270062005
0
3.496376054012401
0.9030899869919435
0
0.6020599913279624
0
0
0
0
0
0
0
0
0
0
0
0
0
0
0
0
0
0
0
0
0
0
0
0
0
0
1.7481880270062005
0
0
0
0
0.7359535705891889
0
0
0
0
0
0
0
0
0
0
0
0
0
0
0
0
1.806179973983887
0
0
0.146128035678238
0
0
0
0
0.12185355272479226
0
0
0
0
0
0
0
0
0
0
0.8450980400142568
0
0
0
0
0
0
0
0
0
0
0
1.4471580313422192
0
0
0
0
0
1.7481880270062005
0
0.6020599913279624
0.46943442605337143
0
0
0
0
0
0
0
0
0
0
0
0
0
0
0
0
0
0
0
0.12493873660829992
0
0
0
0
0
0
0
0
0
0
0
0
0
0.047382801549695645
0
0
0
0
0
0
0.28492653969257026
0
0
0
0
0
0
1.146128035678238
0
0
0
0
0
0.4259687322722811
0
0.5440680443502757
0
0
0
0.3142468399594024
0
0
0
0
0
0
0
0
0
0
0
0
0
0
0
0.13540417028646495
0.007825337511956526
0
0.9700367766225568
0
0
0.6501273298918357
0
0
0
0
0
0
1.7481880270062005
0
0
0.06436936674280247
0
0
0
0
0
0
0
0
0
0
0
0
0
0
0
0
0
0
0.43341821992789054
0
0
0
0
0
0
0
0.5980113672723846
0
0
0
0
0
0
0
0
0
0
0
0
0
0
0
0
0
0
0
0
0
0
0.06694678963061322
0
0
0.1931081002284074
0
0
0
0
0
0
0
0
0
0
0
0
0
0
0
0
0
0
0
0
0
0
0
0
0
0
0
0
0
0
0
0
0
0
0
0
0
0
0
0
0
0
0
0
0
0
0
0
0.0
0
0
0
0
0
0
0
0
0.13540417028646495
0
0.08123570181652817
0
0
0
0
0
0
1.6660733951769122
0
0
0
0
0
0
0
0
0.4471580313422192
0.1571234199797012
0
0.3599726058784109
0.5440680443502757
0
0
0
0
0
0
0
0
0
0
1.4471580313422192
0
0
0
0
0
0
0
0
0
0
0
0
0
0
0
0.35024801833416286
0
1.271066772286538
0
0
0
0
0
0
0.16840443038939024
0.3168242628472131
0
0
0
0
0
0
0
0
0
0
0
0
0
0
0
0
0
0
0
0
0
0
0
0
0
0
0
0
0
0
0.0
0
0
0
0
0
0
0
0
0
0.0717364722162341
0
0
0.7067953418479753
0.7675421049556526
0
0
0
0
0
0
0
1.146128035678238
5.244564081018601
0
0.3168242628472131
0
0
0
0
0
0
0
0
0
0
0
0
0
0.9700367766225568
0
0.09564862962164546
0
0
0
0
0
0.22967408712831291
0
0
0
0
0
0
1.7481880270062005
0.12185355272479226
0.8943160626844384
0
0
0
0
0.0
0
0
0
0
0.0789713359161594
0
0
0
0
0
0
0
0
0
0
0
0
0
0
0
0
1.146128035678238
0
0
0
0
0
0
0
0.2899597348884337
0
0
0
0
3.496376054012401
1.146128035678238
0
0
0
0
0
0
0
0
0
0
0
0.4057653461839942
0
0
0
0
0
0
0
0
0
0
0
0
0
0
0.24303804868629442
0
0
0
1.7481880270062005
1.7481880270062005
0
0
0
0
0
0
0
0
0
0
0
0
0
0
0
0
0
0
0
0
0
0
0
0
0
0
0
0
0
0
0
0
0
0
0
0
1.4471580313422192
0.11471957142661392
0
0
0
0
0
0
0
0
0
0
0
0
0
0
1.146128035678238
0
0
0
0
0
0
0
0
0
4.584512142712952
0
0
0
0
0.38646019098860757
0
0
0
0
0
0
0
0
0
0
0.4471580313422192
0
0
0
0
0
0
0
0
0
0
0
0
0
0
0
0
0.8450980400142568
0
0
0.0
0
0
0
0.8668364398557811
0
0
0
0
0
0
1.0492180226701815
0
0.6342446746993636
0
0
0
0
0
0
0
0
0
0
0
0
0
0.3168242628472131
0
0
0
0
0
0
0
0
0
0
0
0
0
0
0
0
0
0
0
0
0
0.3010299956639812
0
0
0
0
0
0
0
0
0
0
0
0
0
0
0
0
0
0
0
0
0
0
0
0
0
0
0.20084036889183965
0
0
0
0
0
0.7067953418479753
0
0
0
0
0
0
0
0
0
0
0
0
0
0
0
0
0
1.7481880270062005
0
0
0
0
0
0
0
0.4259687322722811
0
0
0
1.271066772286538
0
0
0
0
0.20947070104002594
0
0
0
0
0
0
0
0
0
0
0
0
0
0
0
0
0
0
1.0492180226701815
0
0
0
0
0
0
0
0
0
0
0
3.496376054012401
0
0
0
0
0.5440680443502757
0
0
0
0
1.2041199826559248
0.19188552623891314
0.17998630293920545
0
0
0
0
0
0
0.7481880270062005
0
0
0
0
0
0
0
0
0
0
0
0
0
0
0
0
0
0
0
0
0
0
0
0
0
0
0
0
0
0
0
1.7481880270062005
1.7481880270062005
1.7481880270062005
1.7481880270062005
3.496376054012401
0
0
0
0
0
0
0.6342446746993636
0.12873873348560494
0
0
0
0
0
0
0
0
1.146128035678238
0
0
0
0
0
0
0
0
0
1.7481880270062005
0
0
0
0
0
0
0
0
0
1.0492180226701815
0
0
0
0
0
0
0.9030899869919435
0.49291552190289434
0.7067953418479753
0
0
0
0
0
0
0.2857900291072444
0
0
0
0
0
0
0
0
0
0
0
0
0
0
0
0
0
0
0
0
0
0
0
0
0
0
0
0
0
0
0
0
0
0
0
0
0
0
0
1.0881360887005513
0.7939455175668755
0
0
0
0
0
0
0
0
0
0
0
1.7481880270062005
0
0
0
0
0
0
0
0
0
1.146128035678238
1.271066772286538
0
0
0.7481880270062005
0
0
0
0
0
0
0
0
0
0
0
0
0
0
0
0
0
0
0
0.2568263331719277
0.8450980400142568
0
0
0
0
0
0
0
0
0
0
0
0
0
0
0
0
0
0
0
0
0
0
0
0
0
0
0
0
0
0
0
0
0
0
0.7939455175668755
0.0717364722162341
0
0
0
0
0
0
0
0
0
0
0
0
0
0
0
0
0
0
0
0
0
0
0
0
0
0
0
0
0
0
0
0
0
0
0
0
1.146128035678238
0
0
0
0.5177391056279265
0
0
0
0
0
0.4471580313422192
0
0
0
0
0
0
0
0
0
0
0
0
0
0
0
0
0
0
0
0
0.5177391056279265
0
0
0
0
0
0
0
0
0.5177391056279265
0
0
0.4471580313422192
0.22967408712831291
0
0
0
0
0
0
0
0
0
0
0
0
0
0
0
0.13540417028646495
0
0
0
0
0
0
0.5177391056279265
0
0
0
0
0
0
0
0
0
0
0
0
0
0
0
0
0
0.46943442605337143
0
0
0
0
0
1.9027340240980908
0
0
0
0
0
0
0
0
0
1.7886321253688768
0
0
0
0
0
0
0
0
0
0
0
0
0
0
0
0
0
0
0
0.6690067809585756
0
0
0
0
0
0
0
0
0
0
0
0
0
0
0
0
0
0
0.4713702599391036
0
0
0
0
0
0
0
0
0
0
0
0
0
0
0
0
0
0
0
0
0
0
0.8115306923679884
0
0
0
0
0
0
0
0
0
0
0
0.5720967679505191
0
0
0
0
0
0
0
0
0
0.015794267183231882
0
0.20411998265592482
0
0
0
1.7481880270062005
0
0
0
0
0
0
0.8519374645445622
0
0
0
0
0
0
0
0
0
0
0
0
0
0
0
0
0
0
0
0
0.45934817425662583
0
0
0
0
0
0.40823996531184964
0
0
0
0
0
0
0
0
0
0
0
0
0
0
0
0
0
0
0
0
0
0
0
0
0
0
0
0
0
0
0
0
0
0
0
0
0
0
0
0
0
0
0
0
0
0.6342446746993636
0
0
0
0
0
0
0
1.7481880270062005
1.271066772286538
0
0
0
0.5440680443502757
0
0.5720967679505191
0
0
0
0
0
0.4471580313422192
1.7481880270062005
0
0
0
0
0
0
0
0
0
0
0
0
0
0
0.35024801833416286
0
0
0
0
0
0
0
0
0
0
0
0
0
0
0
0
0
0
1.146128035678238
0
0
0
0
0
0
0
0
0
0.5136526663438554
0
0
0
0
0
0
0
0
0
0
0
0.5715800582144888
0
0.06694678963061322
0.6690067809585756
0
0
0
0
0
0
0
0
0
0
0
0.7481880270062005
0
0.4057653461839942
0
0
0
0
0
0
0
0
0
0
0
0
0
0
0
1.7481880270062005
0
0
0
0
0
0
0
0
0
0
0
0.49291552190289434
0
0
0
0
0
0
0
0
0
0
0
0
0
0
0.9996440371061472
0
0
0
0
0.5136526663438554
0
0
0
0
0.7067953418479753
0
0
0
0
1.7481880270062005
0.6336485256944262
0
0
0
0
0
0
0
0
0
0
0
0.13389357926122644
0
0
0
0
0
0.17998630293920545
0
0
0
0
0
0
0
0
0
0
0.2857900291072444
0.146128035678238
0
0
0
0.6020599913279624
0
0
0
0
0
0
0
0
0
0
0
0
0
0.5052132911681707
0
0
0
0.17086039064925274
0
0
0
0
0
0
0
0
0
0
0
0
0
1.146128035678238
0
0
0
0
0
0
0
0
0
0
0
0
0
0
0
0
0
0
0
0
0
0
0
0
0
0
0
0
0
0.5177391056279265
0
0
0
0
0.3010299956639812
0
0
0
0
0
0.3168242628472131
0
0
0
0
0
0
0
0
0.4471580313422192
0
0
0
0
0
0.17998630293920545
0
1.7481880270062005
0
0
0
0
0
0
0
0
0
0
0
0
0
0.5421335445730759
0
0
0
0
0
0
0
2.098436045340363
0
0
0
0
0
0
0
0
0
0
0.7481880270062005
1.0492180226701815
0
0
0
0.4259687322722811
0.48607609737258883
0
0
0
0
0
0
0
0
0
0
0
0
0
0
0
1.7481880270062005
0
0
0
0
0
0
0
0
0
0
0
0
0
0
0
1.7481880270062005
0
0
0.09476560309939129
0
0
0
0
0
0
0
0
0
0
0.7481880270062005
2.542133544573076
0
0
0
0
0
0
0
0
0.4057653461839942
0
0
0
0
0
0.673617721557561
0
0
0
1.1431601164289775
0
0
0
0
0
0
0
0
0.5440680443502757
0
0
0
0
0
0
0
0
0
0
0
0
0
0
0
0.49291552190289434
0
0
0
0
0
0
1.146128035678238
0
0
0
0
0
0
0
0
0.3347339481530661
0
0
0
0
0
0
0
0
0
0
0
0
0
0
0
0
0
0
0
0
0
0
0
0
0
0
0
0
0
0
0
0
0
0
0
0
0
0
0
0
0
0
0
0
1.7481880270062005
1.4471580313422192
0
0
0
0
0
0
0
0
0
0
0
0
0
0
0
0
0
0
0
0.023476012535869575
0
0
0
0.7481880270062005
0
0
0
0
0
0
0
0
0
0.7481880270062005
0
0
0
0
0
1.9400735532451137
0
0
0.17086039064925274
0
0
0
0
0
0
0
0
0
0
0
0
0
0
0
0
0
0
0
0
0
0
0
0
1.0492180226701815
0
0
0
0
0
0.4471580313422192
0
0.11471957142661392
0
0
0
0
0
0
0
0
0
0
0
0
0
0
0
0
0
0
0
0
0
0
0
0
0
0
0
0
0
0
0
0
0
0
0
0
0
0
0
0
0
0
0
0
0
0
0
0
0
0
0
0.7939455175668755
0
0
0
0.9030899869919435
0
0
0
0
0
0
0
0
0.48607609737258883
0.48607609737258883
0.4471580313422192
0
0
0
0.05477736258369568
0
0
0
0
0
0
0
0
0
0
0
0
0
0
0
0
1.7481880270062005
0
0
0
1.7481880270062005
0
0
0
0
2.120386025543926
0
0
0
0
0
0
0
0
0
0
0
0
0
0.4748775661542837
0
0
0
0
0.6690067809585756
0
0
0
0
0
0
0
0
0
0
0
0
0.22967408712831291
0
0
0
0
0.6020599913279624
0
0
0
0
0
0
0
0.146128035678238
0
0
0
0
0
0
0
3.8801471064902273
0
0
0
0
0
0
0
0
0
0
0
0
0
0
0
0
0
0
0.36797678529459443
0
0
0
0
0
0
0
0
0
0
0
0
0
0
0
0
0
0
0
0
0
0
0
0
0
0
0
0
0
0
0
0
0
0
0
0
0
0
1.7481880270062005
0
0
0
0
0.11598389395537347
0.38646019098860757
0
0
0
0
1.271066772286538
0
0
0.3168242628472131
0
0
0
0
0
0.7939455175668755
0
0
0
0
0
0
0
0
0
0
0
0
0
0
0
0
0
0
0
0
0
0
0
1.146128035678238
0
0
0
0
0
0
1.7481880270062005
0
0
0
0
0
0
0
0.1899510264617135
0
0
0
0
0
0
0
0
0
0.040617850908264086
0.5177391056279265
0
0
0
0
0
0
0
0
0
0.7481880270062005
0
0
0
0
0
0
0
0
0
1.146128035678238
0
0
0.6648285926159972
0
0
0
0
0
0
0
0
0
0
0
0
0
0
0
0
0
0
0
0
0
0
0
0
0
0
0
0
0
0
0
0.4259687322722811
0
0
0
0
0
0
0
0
0
0
0
0
0
0
1.0507440550024887
0
0
0
0
0
0
0
0
0
0
0
0
0
0
0
0
0
0
0
0
0
0.032184683371401235
0.06694678963061322
0
0
0
0.0
0
0
0
0
0.146128035678238
0
0
0.5177391056279265
0.03912668755978263
0
0
0.11055987028262318
0
0
0.5177391056279265
0
0
0
0
0
0
0.24609011335090827
0
0.3540315170854136
0
0
0
0
0
0.15218033814096588
0
0
0
0
0.9030899869919435
0
0
0
0
0
0
0.0
0
0
0
0
0
0.09564862962164546
0
0
0
0.7067953418479753
0.7199452117568218
0
0
0
0
0
0
0
0
0
0
0
0
0
0
0
0.06694678963061322
0
0
0
0
0
0
0
0.8450980400142568
0
0
0
0.023476012535869575
0
0
0
0
0
0
0
0
0
0
0.16247140363305634
0
0
0
0
0
0
0
0
0
0
0
0
0
0
0
0
0.8668364398557811
0
0.7939455175668755
0
0
0
0
0
0
0
0
0
0
0
0
0
0
0
0.8943160626844384
0
0
0
0
0
0
0
0
0
0
0
0
0
0
0
0
0
0
0.5125811719477582
0
0
0
0
0
0
8.740940135031002
0
2.542133544573076
0.9700367766225568
0
0
0
0
0
0
0
0
0
0
0
1.7481880270062005
0
0
0
0
0
0
0
0
0
0
0
0
0
0
0
2.9101103298676705
0
0
5.915686280099798
0
0
0
0
0
0
0
0
0
0
0
0.5715800582144888
0
0
0
0
1.7481880270062005
0
0
0
0
0
0
0
0.4057653461839942
0
0
0.5980113672723846
0
0
0
0
0
0
0
0
0
1.0492180226701815
0
0
0
0
0
0
0.27106677228653797
0
0
0.9030899869919435
0
0
0
0
0
0
0
0
0
0
0
0
0
0
0
0
0.0313013500478261
0
0
0
0
0
0
0
0
0
0
0
0
0
0
1.4471580313422192
0
0
0
0
0
0
0.40594362884380714
0
0
0
0
0
0
0
0
0
0
0
0
0
0
0
0
0
0
0
0
0
0
0
0
0
0
0
0
0
0
0
0
0
0
0
0
0
0
0
0
0
0
0
0.12185355272479226
0
0
0
0
0
0
0
0
0
0
0
0
0
0.9700367766225568
0
0
0
0
0
0.35024801833416286
0
0
0
0
0
0
0
0
0
0
0
0
0
0
0
0
0
0
0
0
0
0
0.33321467903538243
0
0
0
0
0
0
0
0
0
0
0
0
0
0.9996440371061472
0
0
0
1.7481880270062005
0
0
0
0
0
0
0
0
0
0
0.9700367766225568
0
0
0
0
0
0
0
0
0
0
0
0
0
0
0
0
0
0
0
0
0
0.6020599913279624
0
0
0
0
0
0.5177391056279265
0.8115306923679884
0
0
0
0
0
0
0
0
0
0.7481880270062005
0
0
0
0
0
0
0
0
0
0
0
0
0
0
0
0
0
0.2568263331719277
0.9858310438057887
0
0
0
0
0
0
0
0
0
0
1.0492180226701815
0
0
0
0
0
0
0
0
0
0
0
0
0
0.12493873660829992
0
0.27106677228653797
0
0
0
0
0
0.06436936674280247
0
0
0.36797678529459443
0
0
0.9700367766225568
0
0
0
0
0
0
0
0
0
0
0.292256071356476
0
0.015794267183231882
0
0
0
0
0
0
0
0
0
0
0
0
0
0
0
0
0
0
0.146128035678238
0
0
0
0
0
0
0
0
0
0
0
0
0
0
0
0
0
0.08543019532462637
0
0
0
0
0
0
0
0
0
0.7004960366683257
0.36797678529459443
0
0
0
0
0
0
0
0
0
0
0
0
0
0
0
0
0.5136526663438554
0
0
0
0
0
0.46943442605337143
0.040617850908264086
0
0
0
0
0
0
0.04782431481082273
0
0
0
0
0.1968720906807266
0
0
0
0
0
0
0.13540417028646495
0.21670910996394527
0
0.19188552623891314
0
0.0
0
0
0
0
0
0
0
0
0
0.1571234199797012
0
0
0
0
0
0
0
0.7067953418479753
0
0
0
0.0
0
0
0
0
0
0
0.6284936799188048
0
0
0
0
0
0
0
0
0
0
0
0
0.0
0
0
0
0.49291552190289434
0
0
0
0
0
0
0
0.7939455175668755
0
0
0
0
0.35024801833416286
0
0
0.17086039064925274
0
0
0
0
0.12493873660829992
0
0.20308925454132043
0
0
0
0
0
0.35024801833416286
0
0.36797678529459443
0
0
0.6246936830414996
0
0
0
0
0
0
0
0
0
0
0
0
0
0
0
0
0
0
0
0
0
0.16247140363305634
0
0
0
0
0
0
0
0
0
0
0.46943442605337143
0
0
0
0
0
0.03912668755978263
0
0
0
0
0
0.21670910996394527
0
0
0.48741421089916903
1.5532173168837793
0
0
0
0.5720967679505191
0
0.38646019098860757
0
0
0
0.5413982493719982
0
0
0
0
0
0
0
0
0
