0
0
0.7939455175668755
0
0
0
0
0
0
0
0
0
0
0
0
0
0
0
0
0
0.7481880270062005
0
0
0
0
0
0
1.587891035133751
0.6690067809585756
1.4471580313422192
0
0
0
0
0
0
0
0
0
0
0
0
0
0
0
0
0
0
0
0
0
0
0
0
0
0
0
0
0
0
0
0
0
0
0
0
0
0
0
0
0
0
0
0
0.5177391056279265
0
0
0
0
0
0
1.146128035678238
0
0.33321467903538243
0
0
0
0
0
0
0
0
0
0
0
0
0
0
0
0
0
0
0
0
0
0
0
0
0
0
0
0
0
0
0
0
0
0
0
0
0
0
0
0
0
0
0
0
0
0
0
0
0
0
0
0
0
0
0
0
0
0
0
0
0
0
0
0
1.7481880270062005
0
0
0
0
0
0
0
0
1.4471580313422192
0
0
0
0
0.35024801833416286
0
0.7939455175668755
0
0
0
0
0
0
0
0
0.9700367766225568
0
0
0
0
0
0
0
0
0.9030899869919435
0
0
0
0
0
0
0
0
0
0
0
0
0
0
0
0
0
0
0
0
0
0
0
0
0
0
0
0
0
0
0
0
0
0
0
0
0
0
0
0
0.6664293580707649
0
0
0.38646019098860757
0
0
0
0
0
0
0
0
0
0
0
0.2857900291072444
0
0
0
0
0
0
0
0
0
0
0
0
0
0
0.7481880270062005
0
0
0.33321467903538243
0
0
0
0
0
0
0
0
0
0
0
0
0
0
0
0
0
0
0
0
0
0
0
0
0
0
0
0
0
0
0
0
0
0
0
0
0
0
0
0
0.5440680443502757
0
0
0
0
0
0
1.7481880270062005
0
0
0
0
0
0
0
0
0
0
0
0
0
0
0
0
0
0
0
0.7481880270062005
0
0
1.7481880270062005
0
0
0
0
0
0
0
0
0
0
0
0
0
0
0
0
0
0
0
0
0.48607609737258883
0
0
2.098436045340363
0
0
0
0
0
0
0
0
0
0
0
0
0
0
0
0
0
0
0.8115306923679884
0
0
0
0.0717364722162341
0
0
0
0
0
0
0.9030899869919435
0
0
0
0
0
0
0
0
0
0
0
0.6020599913279624
0
0.21670910996394527
0
0
0
0
0.5720967679505191
0
0
0
0
0.9700367766225568
0
0
0
0
0
0
0
0
0
0
0
0
0
0
0
0
0.19188552623891314
0
0
0.35024801833416286
0
0
0
0
1.0492180226701815
0
0
1.7481880270062005
0
0
0
0.9030899869919435
0
0
0
1.146128035678238
0.7067953418479753
0
0
1.2684893493987273
0
0
0
0
0
0
0
0
0
0
0
0
0
0
0.8450980400142568
0
0
0
0
0
0
0
0
0.9030899869919435
0
0
0
0
0
0
0
0
0
0
0
0
0
0
0
0
0
0
0
0.5177391056279265
0
0.6690067809585756
0
0
0.48607609737258883
0
0.14765406801054495
0
0
0
0.1912972592432909
0
0.17998630293920545
0
0
0
0
0
0
0
0
0
0
0
0
0
0
0
0
0
0
0
1.0492180226701815
0
0
0
0
0
0
0
0
0
0
0
0
0
0
0.6690067809585756
0
0
1.7481880270062005
0
0
0
0
0
0.46943442605337143
0
0
1.146128035678238
0
0
2.070956422511706
0
0.5440680443502757
0
0.6020599913279624
0.0313013500478261
0
0
0
0
0
0.35024801833416286
0.5136526663438554
0
0
0
0
0.8132003168596139
0.0
0
0.10172938765543484
0
0
0
0
0
0
0
0
0
0.10955472516739136
0
0
0
0
0
0
0
0
0
0
0
0
0
0
0
0
0
0
0
0
1.2041199826559248
0
0
0
0.5698530793851405
0
0
0
0
0
0
0
0
0
0
0
0
0
0
0
0
0
0
0
0
0.13540417028646495
0
0
0
0
0.45934817425662583
0
0
0
0
0
0
0
0
0
0
0
0
0
0
0
0
0
0
0
0
0
0
0
0
0
0
0
0
0.20411998265592482
0
0
0
0
0
0
0
0
0
0
0
0
0
0
0.7067953418479753
0
0
0
0
0
0
0
0
0
0
0
0
1.0492180226701815
0.6501273298918357
0
0
0
0
0
0
0
0
0
0
0
0
1.146128035678238
0
0
0
0
0
0
0
0
0
0
0
0
0
0
0
0
0
0
0
0
0
2.292256071356476
0
0
0
0
0
0
0
0
0
0
0
0
1.7481880270062005
0.9700367766225568
0
0
0
0
0
0
0
0
0
0
0
0
0
0
0
0
0
0
0
0
0
0
0
0
0
0
0
0
0
0
0
0
0
0
0
0
0
0
0
0
0.6020599913279624
0
0
0
0
0
0
0
0
0
0
0
0
0
0.20308925454132043
0
0
0
0
0
0
0
0
0.7359535705891889
0
0
0
0
0
0
0
0
0
0
0
0
0
1.271066772286538
0
0
1.8777377042134857
0
1.4471580313422192
0
1.146128035678238
0
0
0
0
0
0
0
0
0
0
0.7481880270062005
0
0
0
0
0
1.9400735532451137
0
0
0
0
1.146128035678238
0
0
0
0
0
0
0
0
0
0
0
1.0228962497476661
0.36797678529459443
0
0
0
0
0
0
0.06317706873292753
0.14765406801054495
0
0
0.24303804868629442
0.36797678529459443
0
1.496376054012401
0
0
0
0
1.7481880270062005
0
0
0.1571234199797012
0
0
0
0.33321467903538243
0
0
0
0
0
0
0
0
0
0
0
0
0
0
0
1.0492180226701815
0.7359535705891889
0
0
0
0
0
0
0.6342446746993636
0
0
0
0
0.6336485256944262
0
0
0
0
0
0.37481620982489977
0
0
0
0
0
0
0
0
0
0.48607609737258883
0.8519374645445622
0.5136526663438554
0
0
0.3368088607787805
0.8164799306236993
0
0
0
0
0
0
0
0
0
0
0
0
0
0
0
0
0
0
0
0
0
0
0.49291552190289434
0
0
0
0
0
0
0
0
0
0
0
0
0
0
0
0
0
0
0
0
0
0
0
0
0
0
1.4471580313422192
0
0
0
0
0
0
0
0
0.9030899869919435
0.9030899869919435
0
0
0
0
0
0
0
0
0
0
1.271066772286538
0
0
0
0.7496324196497995
0
0
0
0
0
0
1.7481880270062005
0
1.4471580313422192
0
0.7481880270062005
0
1.0492180226701815
0
0
0
0
0
0
0
0
0
0
0
0
0
0
0
0
0
0
0
0
0
1.271066772286538
0
0
0
0
0
0
0
0
0
0
0
0
0
0
0
0
0
1.0492180226701815
0
0
0
0
0
0.7067953418479753
1.271066772286538
0
0
0
3.496376054012401
1.4135906836959506
0
0
0
0
0
0
1.2041199826559248
0
0
0
1.0492180226701815
0
0
0
0
0
0
0.49291552190289434
0
0
0
0
0
0.43341821992789054
0
0.6690067809585756
0
0
0
0
0
0
1.0492180226701815
0
0
0
0
0
0
0
0
0
0.7688717579216373
2.292256071356476
0
0
0
0
0.0
0
0
0
0.0
0
0
0
0
0
0
0.2857900291072444
0.3168242628472131
0
0
0
0
0.22943914285322783
0
0
0
0
0
0
0
0
0
0
0
0.5177391056279265
0.43341821992789054
0
0
0
0
0
0
0
0
0
0
0
0
0
0
0
0
0
0
0.6690067809585756
0
0
0
0
0
0
0
0
0
0
0.9700367766225568
0
0
0
0
0.4471580313422192
0
0
2.0070203428757267
0
0.6020599913279624
0
0
0
0
0
0
0
0
0
0
0
0
0
0
0
0
0
0
0
0
0
0
0
0
0
0
0
0
0
0
0
0.24987747321659984
0.9700367766225568
0
0
0
0
0.8450980400142568
0
0
0
0
0
0
0.8450980400142568
0
0
0
0
0.6020599913279624
0.13389357926122644
0
2.098436045340363
0
1.146128035678238
0
0
0
0
0
0
0
0
0
0
0
0
0
0.7481880270062005
0
0
0
0
0
0
0
0
0
0
0
0
0
0
0
0
0
0
0
0
0
0
0
0
0.28492653969257026
0.49291552190289434
0.3368088607787805
0
0
1.7481880270062005
0.1899510264617135
0
0
0
0
0
0
0
0
0
0
0
0
0
0
0
0
0
0
0
0
0
0
0
0
0.28492653969257026
0
0
0
0.30436067628193175
0
0
0
0
0
0
0
0
0
0
0
0
0
0.6336485256944262
0
0
0
0
0
0
0
0
0
0
0
0
0
0
1.7481880270062005
0
0
0.52606746291905
0
0
0
0
0
0
0
0
0
0
0
0
0
2.292256071356476
0
0
0
0
0
0
0
0
0
6.3216299089436045
0
0
0
0
0
0
0
1.7481880270062005
0
3.496376054012401
0
0
0
0
0
0
0
0
0
0
0
0
0
0
0
0
8.393744181361452
0
0
0
0
0
0
0
0
0
0.04921802267018165
3.1476540680105445
0
0
0
0
0
0
0
0
0
0
0
1.7481880270062005
0
0
0
0
0
0
0
0
0
0
0
0
0.3347339481530661
0
0
2.686397367344784
0
0
0
0
0
0
0
0
0
0
0
0
2.292256071356476
0
0
0
0
0
0
0
0.9700367766225568
1.7481880270062005
0
0
0
0
0
0
0
0
0
0
0
0
0
0
0
0.7939455175668755
0
0
0
0
0
0
0
0
0.9030899869919435
0
0
0
0
0
0
0
0
0
0
0
0
1.7481880270062005
0
0
0
0
0
0
0
0
0
0
0
0
0.16840443038939024
0.33321467903538243
0
0
0
0
0
0
0
0
1.4471580313422192
0
0
0
0
0
0
0
0
0
0
0
0
0
1.271066772286538
0
0
0
0
0.24303804868629442
0
0
0
0
0
0
0
0
0
0
0
0
0
0
0
0
0
0
0
0
0
0
0
0
0
0
1.146128035678238
0
0
1.146128035678238
0.3168242628472131
0
0
0
0
0.6690067809585756
0
0
0
0
0
0
0
0
0
0
0
0
0
0
0
0
0
0
0
0
0
0
0
0
0.5136526663438554
1.0492180226701815
0.9030899869919435
0
0
0
0.20947070104002594
0
0
0
0
0
0
0
0.6690067809585756
0.148681412727174
0
0
0
0.7939455175668755
0
0
0
0
0.3010299956639812
0
0
0
0
0
0.5720967679505191
0
0
0
0
0
1.146128035678238
0
0
0
0.2568263331719277
1.4787465657086831
0
0.6342446746993636
0
0
0
0
0
0
0
0
0.37481620982489977
0
0
0.7704789995157831
0
0
0
0
0
0
0
0
0
0
0
0
0
0
0
0
0
0
0
0
0
0
0
0
0
0
0
0
0
0
0
0
0
0
0
0
0
0
0
0
0
0.20411998265592482
0
0
0
0
0
0
0
0
0
0
0
0
0
0
0
0
0
0
0
0
0
0
0
0
0
0
0
0
0
0
0
0
0
0
0
0
0
0.08123570181652817
0
0
0
0
0
0
0.8450980400142568
0
0
0
0.7609016907048294
0.9700367766225568
0
0
0
0
0.8115306923679884
0
0
0
0
0.7729203819772151
0
0.4057653461839942
0
0
1.7481880270062005
0
0
0
0
0
0
0
0
0
0
0
0
0
0
0
0
0
0
0
0
0
0
0
0
0
1.7481880270062005
0
0
0
0
0
0
0
0
0
0
0
0
0.24303804868629442
0
0
0
0
0.5720967679505191
0
0
0
0
0.7729203819772151
0
0
0
0
0
0
0
0
0
0
0
0
0
0
0
0
0
0
0.4259687322722811
0
0
0
0
0
0
1.7481880270062005
0.6020599913279624
1.4135906836959506
0
0
0
0
0
0
0
0
0
0
0
0
0
0
0
0
0
0
0
0
0
0
0
0
0
0
0
0.36797678529459443
0
0
0
0
0
0
0
0.6690067809585756
0
0
0
2.8271813673919013
1.4471580313422192
0
0
0
0
0
0
0
0
0
0
0
0
0
0
0
0
0
0
0
0
0
0
0
0
0
0.7939455175668755
0
0
0
0.7729203819772151
0.3168242628472131
0
0
0
0.4471580313422192
0
0
0
0
0
0
0
0
0
0
0
0
0
0
0
0
0
0
0
0
0
0
0
0
3.8132003168596142
0
0
0
0
0
0
0
0
0.7704789995157831
0.9858310438057887
0
0
0
0
0
0.8450980400142568
0
1.271066772286538
0
0
0
0
0
0
0
0
0
0
0
0
0
1.146128035678238
0
0
0.6342446746993636
0
0
0
0
0
0
0
0
0
0
0
0
0
0.3599726058784109
0
0
0
0
0
0
0
0
0
0
0
0
0
0
0
0
0
0
0
0
0
0
0
0
0
0
0
0
0
0
0
0
0
0
0
0
0
0
0
0
0
0
0
0
0
0
0
0
0
0
0
0
0
0
0
0
0
0
0
0
0
2.098436045340363
0
0
0
0
0
0
0
0
0
0.38646019098860757
0
0
0.7359535705891889
0
0
0.8378828041601037
0
0
0
0
0
0
0
0
0
0.6664293580707649
0
0
0
0
0.5715800582144888
0
0
0.5399589088176163
0.40621251085939486
0
0
0
0
0
0
0
0
0
0
0
1.271066772286538
0
0
0
0.4016807377836793
0
3.496376054012401
0
0
0
0
0
0
0
1.146128035678238
0
0
0
0
0
0
0
0
0
0
0
0
0
0
0
0
0
0
0
0
0.8132003168596139
0
1.146128035678238
0
0
0
0
0
0
0.8943160626844384
0
0
0
0
0
0
0
0
0
0.4057653461839942
0
0
0
2.7203402217513784
0
0
0
0
0
0
0
0.3010299956639812
0
0
0
0
0
0
0.584512142712952
0
0
0
0
1.2672970513888524
0
0
0
0
0.24303804868629442
0
0
0
0
0
0
0
0
0
0
0
0
0
0
0
0
1.4471580313422192
0
0
0
0
0
0
0
0
0
0
0
0
0
0
0
0
0
0
0
0.6664293580707649
0
0
0
0
0
0
0
0
0
0
0
0
0.24987747321659984
0
0
0
0
0
0
0
0
0
0
0
0
0
0
0
0
0
0
0
0
0
0
2.8271813673919013
0
0
0
0
0
0
0
0
0
0
0
0
0
0
0
0
0
0.20084036889183965
1.7481880270062005
0
0
0
0
0
0
0
0
0
0
0
0.2708083405729299
0
0
0
0.22967408712831291
0
0
0
0
0
0
0
0
0
0
0
2.292256071356476
0
1.146128035678238
0.7359535705891889
0
0
0
0
0
0
0
0.4259687322722811
0
0
0
0
0
0.8450980400142568
0
1.3414740940266576
0
1.4135906836959506
0
0
0
0
0
0.6690067809585756
0
0
0
0
0
0
0
0
0
0
0
0
0
0
0.7939455175668755
0
0
0
0
0
0
0
0
0
0
0
0.3168242628472131
0
0
0
0
0
0.6336485256944262
10.168534178292305
0
0
0
0
0
0
0
0
0
0
0
0
0
0
0
0
0
0
0.45654101442289763
0
0
0
0.0313013500478261
0.7067953418479753
0
0
0.6336485256944262
0
0.38646019098860757
0
0
0
0
0
0
0
0
0
0
0
0
0
0
0
0
0
0
0
0
0
1.7481880270062005
0
0
0
0
0
0
0
0
0
0
0
0
0
0
0
1.7481880270062005
0
0
0
0
0.7067953418479753
0
0
0
0
0
0
0
0
0
0
0
0
0
0.9030899869919435
0
0
0
0
0
0
0
0
0
0
0
0
0
0
0
0
0
0
0
0
0
0
0
0
0
0
0
0
0
0
1.146128035678238
0
0
0
0
0
0
0
0
0
0
0
0
0
0
0
0
0.4057653461839942
0
0
0
0.7939455175668755
0
0
0
0
0
0
0.8450980400142568
0.146128035678238
0.9504727885416393
0
0.6020599913279624
0
0
0
0
0
0
0
0
0
0
0
0
0
0
0.34415871427984174
0
0
0
0
0.6664293580707649
0
0
0
0
0
0
0
0
0
0
0
0
0
1.7481880270062005
0.36797678529459443
1.7481880270062005
1.4471580313422192
0.48607609737258883
0
0
0
0
0
0
0.13540417028646495
0
0
0.9700367766225568
0
0
0
1.146128035678238
0
0
0
0
1.4471580313422192
0
0
0
0.46943442605337143
0
1.146128035678238
0
0
0
0
1.7481880270062005
0
0
0.6690067809585756
0
0
0
0.292256071356476
0.9700367766225568
0.46943442605337143
0
0
0
0
0
1.4471580313422192
0
0.8450980400142568
0
0
0
0
0.8943160626844384
0
0
0
0
0
0
3.496376054012401
0
0
0
0
0
0
0
0
0.032184683371401235
0
0
0
0
0
1.7481880270062005
0
0
0
0
0
0
0
0.3168242628472131
0
0.46943442605337143
0.2568263331719277
0
0
0
0
0
0
0
0
0
0
0
0
0
0
0
0
0
0
0
0
0
0
0
0
0
0
0
0
0
0
0
0
0
0
0
0.7067953418479753
0
0
0
0
0
0
0
0
0
0
0
0
0
0
0
0
0
0
0
0
0.2677871585224529
0
0
0
0
0
0
0
0
0
0
0
0
0
0
0
0
0
0
0
0
0
0
0
0
0
0
0
0
0
0
0
0
0
0.5440680443502757
0
0
0
0
0
0
0
0
0
0
0
1.0492180226701815
0
0
0
0
0
0
0
0
0
0
0
0
0
0
0
0
0
0.0
0
1.4135906836959506
1.271066772286538
0
0
0
0
0
0
1.7481880270062005
0
0
0
0
0
0
0
0
0
0
0
0
0
0
0.40621251085939486
0
0
0
0
1.0881360887005513
0.9030899869919435
0
0
1.2172960385519827
0
0
0
0
0.3168242628472131
0.6020599913279624
0
0
0
0
0
0
0
0
0
0
0
0.0717364722162341
0.7704789995157831
0
0
0
0
0
0
0
0
0
0
0
0
0
0
0
0
0
0
0
0
0
0
0.673617721557561
0
0
0.3368088607787805
0.4065066758919932
0
0
0.9700367766225568
0
1.271066772286538
0
0.49291552190289434
0
0
0
0
0
0
0
0
0
0.22967408712831291
0
0
0
0
0
0
0.05477736258369568
0
0
0
0
0
0
0
0
0
0
0
0
0
0
0
0
0
1.271066772286538
0
0
0
0
1.4471580313422192
0
0
0
0
0
0
0
0
0
0.11055987028262318
0.7939455175668755
0.19188552623891314
0
0
0
0
0
0
0
0.9030899869919435
0
0
0
0
0
1.7481880270062005
0
0
0
0
0
0
1.2041199826559248
0
0
0.6020599913279624
0
0
0
0
0
1.146128035678238
0
0
0
0
0
0
0
0
0
0
0
0
0
0
0
0
0
0
0
0
0
0
0
0
0.6342446746993636
0
0
0
0
0
0
0
0.9700367766225568
0
0
1.7481880270062005
0
0
0
0
0
0
0
0
0
0
0
0
0
0
0
1.146128035678238
0
0
0
0
0
0
0
0.24303804868629442
0
1.1441935359010382
0
0
0
0
0
0
0
0
0
0
0
0
0
0
0
0
0
0
0
0
1.0881360887005513
0
0
0
0
0
0
0
0
0
0.7939455175668755
0
0
0
0
0
0
0
0
0
0
0
1.7481880270062005
0
0
0
0
0
0
0.9388688521067429
0.6020599913279624
0
0
0.7067953418479753
0
0
0
0
0
0
0
0
0
0
0
0
0
0
0
0
0.1571234199797012
0
0
0
0
0
0
0
0.2896621503426111
0
0
0
0
0
1.806179973983887
0
1.0492180226701815
0
0
0.7067953418479753
0
0
0
0
0
1.496376054012401
0
0
0
0
0.9858310438057887
0
0
0
1.4471580313422192
2.292256071356476
0
0
0
0
0
0
0.547139617313821
0
0
0
0
0
0
0.6342446746993636
0
1.4787465657086831
0
0
0
0
0.7675421049556526
0
0
0
0
0
0
0
0.8164799306236993
0
0
0
0
0
0
0
0.5720967679505191
0
0
0.35024801833416286
0
0
0
0
0
0
0
0
0
0
0
0
0
0
0
0
0
0
0
0
0
0
0
0
0
0
0
0
0.40823996531184964
0
0
0
0.6284121031200778
0
0
0
0
0
0
0
0
0
0
0
0
0
0
0
0
0.38646019098860757
0
0
0
1.4471580313422192
0
0
0
0.9030899869919435
0
0
0
0.0
0
0
0
0
0
0
0
0
0
0
0
0.12873873348560494
0
0
0
0
0
0
0
0
0.9594276311945658
0
0
0
0
0.5399589088176163
0
0
0.20411998265592482
0
0
0
0
0
0
1.7512400916708142
0
0
0
0
0
0.7496324196497995
0
0.7939455175668755
0
0
0
0
0
0
0
0
0.9700367766225568
0
1.7481880270062005
0
1.271066772286538
0
0
0.6020599913279624
0
0
0
0
1.806179973983887
0
0
0
0
0
0
0
0
0
0
0
0
0
0
0
0
0
0
0
0
0
0
0
0
0.4997549464331997
0
0
0
0
0
0.9700367766225568
0
0
0
0
0.21670910996394527
0
0
0
0
0.3168242628472131
0
0
0
0
0
0
0
0
0
0
0
0.7939455175668755
0
0
0
0
0
0
0
1.7481880270062005
0
0
0
0
0
1.7481880270062005
0
0
0
0
0.4057653461839942
0
0
0
0
0
0
0
0
0
0
0
0
0
0
0
0
0
0
0.5720967679505191
0
0
0
0
0
0
0
0
0
0
0
0
0
0
0
0
0
0
0
0
0
0
0
0
0
0
0
0
0
0
0
0.42715097662313184
0
0
0
0
0
0
0
0
0
0
0
0
0
0
0
0
0
0
0
0.2953081360210899
0
0
0
0
0
0
0
0
0
0
0
0
0
0
0
0
0
0.7481880270062005
0
0
0
0
0
0
0
0
0
0
0
0
0
0
0
0
0
0
0
0
0
0
0
0
1.7481880270062005
0
0
0
0
0
0
0
0
0
0
0
0
0
1.4719071411783777
0
0.0
0
0
0
0
0
0
0
0
0
0.5756565787167394
0
0
0
0
0
0
0
0
0
0
0
0
0
0
0
0
0.9030899869919435
0
0
0
0
0
0
0
0.5280320618074331
0
0
0
0.4057653461839942
0
0
0
0
0
0
0
0
0
0
0
0
0
0
0
0
0
0
0
1.146128035678238
0
0
0
0
0
0
0
0
0
0
0
0
0
0
0
0
0
0.0313013500478261
0
0.146128035678238
0
0
0
0
0
0
0
0
0
0
0.9030899869919435
0
0.1899510264617135
0.9700367766225568
0
0
0
0
0
0
0
0
0
0
0
0
0
0.46943442605337143
0
1.0492180226701815
0
0
0
0
0
0
7.224719895935548
0
0
0
0
0
0.5416166811458598
0
0
1.4471580313422192
0
0
0
0
0
0
0
0
0
0
0
0
0
0
0
0
0
0
0
0
0
0.6020599913279624
0
0
0
1.271066772286538
0
0
1.9400735532451137
0
0
0
0.8519374645445622
0
0
0
0
0
0
0
0.7067953418479753
0
0
0
0
0
0
0
0
0
0
0
0
0.6087213525638635
0
0
0.9030899869919435
2.8943160626844384
0
0
0
0
0.9030899869919435
0
0
0
0
0
0.8519374645445622
0.4057653461839942
0
0
0
0
0
0
0.49291552190289434
0
0
0
0
0
0
0
0.5440680443502757
0.5399589088176163
0
0.6342446746993636
0
5.244564081018601
0
0
0
0
0
0
0
0
0
0
0
0
0
0.06694678963061322
0
0
0
0.38646019098860757
0
0
0
0
0
1.271066772286538
0
0
0
0
0
0
0
0
0
0
0.21670910996394527
0
0.2899597348884337
0
0
0
0
0
0
0
0
0
0.12635413746585505
0
0
0
0
0
0
0
0
0
0
0
0
0
0
0
0
0
0
0
0
0
0
0
0.7067953418479753
0
0
0.9504727885416393
0
1.806179973983887
0
0
0
0
0.49291552190289434
0
0
0
0
0
0
0
0
0.5136526663438554
0
0
0
0
0
0.2562905859738791
0
0
0
0
0
0
0
0
0
0.3010299956639812
0
0
0
0
0
0
0
0.7856170998985059
0
0
0
0
0.24303804868629442
0
0
0
0
0
0
0
0
0
0.2857900291072444
0
0
0
0
0
0
0
0
1.7481880270062005
0
0
0
0
0
0
0
0
0
0
0
0
0
0
0
0.8378828041601037
0
0
0
0
0.6342446746993636
0
0
0
0
0
1.0492180226701815
0
0
0
0
0.45934817425662583
0
0
0.14214840464908693
0
0.2568263331719277
0
0
2.292256071356476
0
0
0
0
0
0
0
0
0
0
0
0
0
0
0
0
0
0
0.2568263331719277
0.2843249563578486
0
0
0
0
0
0
0
0
0
0
0
0
0
0
1.3380135619171512
0
0
0
0
0
0
0
0
0
0
0.7856170998985059
0
0
0
0
0
0
0
0
0
0
0
0
0
0
0
0
0
0
0
0
0
0.6848115216343464
0
0
0
0
0
0
0
0
0
0
0
0
1.0492180226701815
0
0
0
0
0
0
0.6020599913279624
0
0
0
0
0
0
0
0
0.17998630293920545
0
0
0
0
1.4471580313422192
0
0
0
0
0
0
0
1.146128035678238
0.6020599913279624
0
0
0
0
0
0
1.4471580313422192
0
0
0
0
0
0
0
0
0
0
0
0.3599726058784109
0
0
0
0
0
0
0
0
0
0
0
0.8767682140694281
0
0
0
0
0.24370710544958452
0
0
0
0
0
0.8450980400142568
0
0.7481880270062005
0
1.7481880270062005
0
0
0
0
0
0.7067953418479753
0
1.271066772286538
0
0
0
0
0
0
0
0
0
0
0
0
0
0
0
0.8450980400142568
0
0
0
0
0
0
0
0
0
0
0
0
0
0
0
0
0
0.4997549464331997
0
0
0
0
0
0
1.4471580313422192
0
0
0
0
0
0
0.1579426718323188
0
0.7481880270062005
0
0
0
0
0.5698530793851405
0
0
0
1.7481880270062005
0
0
0
0
0
0
0
0
0.4259687322722811
0
0
0
0
0
0.1571234199797012
0
0
0
0
0
0
0
0
0
0.7481880270062005
0
0
0
0
0
0.5416166811458598
0.20345877531086967
1.6901960800285136
0
0
0
0.43341821992789054
0
0
0
0
0
0
0
0
0
0.06436936674280247
0.3142468399594024
0
0
0
0
0
0
0.7939455175668755
0
0
0
0
0
0
0
0
0
0
0
0
0
0
0
0
0
0
0.6834415625970109
0
0
0
1.146128035678238
0
0
0
1.146128035678238
0
0.9700367766225568
0
0
0
1.0881360887005513
0
0
0
0
0
0
0
0
0.5355743170449058
0
0
0.06436936674280247
0
0
0
0
0
0
0.6342446746993636
0
0
0.35024801833416286
0
0
0
0
0
0
0
0
5.244564081018601
0
0
0
0
0
0
0
0
0
0
0
0
0
0
0
0
0
0
0
0
0
0
0
0
0
0
0
0
0
0.0
0
0.5399589088176163
0
0
0
0
0
0
0.2708083405729299
0
0.48741421089916903
0
0
0
0
0
0
0
1.271066772286538
0
0
0
0
0
0
0
0.4471580313422192
0.3142468399594024
0
0.5399589088176163
0
0
0
0
0
0
0
1.7481880270062005
0
0
0
0
0
0
0
0
0
0
0
0
0
0
0
0
0
0
1.4471580313422192
0
0
0
0
0
0
0
0
0
0.16840443038939024
0
0
0
0
0.9858310438057887
0
0
0
0
0
0
0
0.6020599913279624
0
0
0
0.7067953418479753
0
0
0
0
0
0
0
0
0
0
0
0
0
0
0.0
0
0
0
0
0
0
0
0
0
0.11956078702705682
0
0
0
0.5756565787167394
0
0
0
0
0
0
0
0
0
0.2857900291072444
0.3168242628472131
0
0
1.4471580313422192
0
0
0
0
0
0
0
0
0
0
0
0
0.23912157405411363
0
0
0.2568263331719277
0
0
0.22967408712831291
0
0
0
0
0.6690067809585756
0
0
0.08123570181652817
0.8943160626844384
0
0
0
0
0.0
0
0
0
0
0.20532547338201446
0
0
0
0
0
0
0
0
0
0
0
0
0
0
0
0
1.146128035678238
0
0
0
0
0
0
0
0.2899597348884337
1.271066772286538
0
0
1.7481880270062005
0
0
0
0
0
0
0
0
1.7481880270062005
0
0
0
0
0.4057653461839942
0
0
0
0
0
0
0
1.7481880270062005
0
0
0
0
0.7481880270062005
0
0.24303804868629442
1.0492180226701815
0
0
0
0
0
0
0
0
0
3.8801471064902273
0
0
0
0
0
0
0
0
0
0
0
0
0
0
0
0
0
0
0
0
0
0
0
0
0
0
0
0
0
0
0
0.11471957142661392
0
0
0
0
0
0
0
0.5177391056279265
0
0
0.7481880270062005
0
0
0
0
0
0.22967408712831291
0
0
0
0
0
1.4471580313422192
0
0
0
0
0
0
0
0
0
0
0
0
0
0
0.7004960366683257
0
0
0
0
0
0
0
0
0
0
1.7481880270062005
0
0
0
0
0
0
0
0
0
0
0
0.0
0
0
0
0.21670910996394527
0
0
0
0
0
2.098436045340363
0
1.146128035678238
0
0
0
0
0
0
0
0
0
0
0
0
0
0
0.3168242628472131
0.6342446746993636
0
0
0
0
0
0
0
0
0
0
0
0
0
0
0
0
0
0
0
0
0
0
0
0
0
0
0
0
0
0
1.146128035678238
0
0
0
0
0
0
0
0
0
0
0.27106677228653797
0
0
0
0
0
0.06694678963061322
0
0
0
0
0
0
1.146128035678238
0
0
0
0
0
0
0
0
0
0
0
0
0
0
0
0
0
0
0
1.7481880270062005
0
0
0
0
0.4259687322722811
0
0
0
0
0
0
0
0
0.20947070104002594
0
0
0
0.292256071356476
0
0
0
0.3837710524778263
0
0
0
0
0
0
0.9858310438057887
0
0
0
0
0
0
0
0
0
0
0
0
1.1441935359010382
0
0
0
0
0
0
0
0
0
0
0
0
0.6020599913279624
0.3837710524778263
0.17998630293920545
0
0
0
0
0
0
0
0
0
0
0
0
0
0
0
0
0
0
0
0
0
0
0
0
0
0
0
0
0
0
0
1.4135906836959506
0
0
0
0
0
0
0
0
0
0
0
0
0.8450980400142568
0
0
0
0
0
0.0965540501142037
0
0
0
0
0
0
1.587891035133751
0
0
0
0
0
0
0
0
1.0492180226701815
0
0
0
0
0
0
0
0
0
0
0
0
1.0492180226701815
0
0
0
0
0
0
0
0
0
0
0.8573700873217331
0
0
0
0
0.2857900291072444
0
0
0
0
0
0
0
0
0
0
0
0
0
0
0
0
0
0
0
0
0
0
0
0
0
0
0
0
0
0
0.4057653461839942
0
0
0
0
0
0
0
0
0
0
0
0
0
0
0
0
0
0
0
0
0
0
0
2.5352941200427703
0
0
0
0
0
0
0
0
0
0
0
0
0
0
0
0
0
0
0
0.7481880270062005
0
0
0
0
0
0
0.49291552190289434
0
0
0
0.7939455175668755
0
0
1.7481880270062005
0
0
0
0
0
0.673617721557561
0
0
0
0
12.237316189043403
0
0
0
0
0
0
0
0
0
0
0
0
0
0
0
0
0
0
0
0
0
0
0
0.11956078702705682
0
1.2041199826559248
0
0
0
0
0
0
0
0
0
0
0
0
0
0.7067953418479753
0
0
0
0
0
0
0
0
0
0
0.5440680443502757
0
0
0
0
0
0
0
0
0
0
0
0
0
0
0
0
0
1.271066772286538
0
0
0
0
0
0
0
0
0
0
0
0
0
0
0
0
0
0
0
0
0
0
0
0
0
0
0
0
1.146128035678238
0
0
0
0
0.9030899869919435
0.8943160626844384
1.8373926970265033
0
0
0
0
0
0
0
0
0
0
0.6664293580707649
0
0
0
0
0.5416166811458598
0.5720967679505191
0
0
0
0
0
0.5177391056279265
0
0
0
1.271066772286538
1.0492180226701815
0
0
0
0
0
0
0
0
0
0
0
0
0
0
0
0
0
0
0
0
0
0
0
0
0
0
0
1.7481880270062005
0
0
0
0
0
0
0
0
0
0
0
0
0.21670910996394527
0
0
0
0.5136526663438554
0
0
0
0
0
0
0
0
0
0
0
0
0.46943442605337143
0
0
0
0
0
0
0
0
0
0.1571234199797012
0
0.7481880270062005
1.146128035678238
0
0
0
1.271066772286538
0
0
0
0
0
1.7481880270062005
0
0
0
0
0
0
0
0
0
0.8115306923679884
0
0
0
0
0
0
0
0
0
0
0
0
0
0
0
0
0
1.7481880270062005
0
0
0
0.015794267183231882
0
0
0
0
0
0
0
0
0
0
0
0
0
0
0
0
0
0
0
0
0
0
0
0
0
0
0
0
0
0
0
0
0
0.22967408712831291
0
1.271066772286538
0
0
0
0.20411998265592482
0
0
0
0
0
0
0
1.4471580313422192
0
0
0
2.120386025543926
0
0.7939455175668755
0
0
0
0
0.9030899869919435
0
0
0
0
0
1.146128035678238
0
0
0
0
0
0
0
0
0
0
0
0
0.9700367766225568
0
0
0
0
0
0
0
0
0
0
0
0
0
0
0
0
0
0.9030899869919435
0
0
0
0
0
0
0
0
0
0
0
0
0
0
0
1.7481880270062005
0
0
0
0
0
0
0
0
0
0
0
0
0
0
0
0
0
0
0
0
0
0
0
0
0
1.7481880270062005
1.4471580313422192
1.4471580313422192
1.0492180226701815
0
0
0
0
0
0
0
0
0
0
0.5136526663438554
0
0
0
0
0
0
0
1.271066772286538
0
0
0
0.2857900291072444
0
0.2677871585224529
0
0
0
0
0
0
0
1.6901960800285136
1.0492180226701815
0
0
0
0
0
0.4057653461839942
0
1.2684893493987273
0
0
0
0
0
0
0
0
0
0
0
0
0
0
0
0
0
0
0
0
0
0
0
0
0
0.9858310438057887
0
0
0
0.9700367766225568
0
0
0
0
0
0
0
0
0
0
0
0
0
0.35024801833416286
0
0.2568263331719277
0
0
0
0
0
0
0
0
0
0
0.3168242628472131
0
1.271066772286538
0
0
0
0
0
1.271066772286538
0
0
0
0.4016807377836793
0
0
0
0
0
1.2599041205744381
0
0
0
0
0
0
1.146128035678238
0
0.9388688521067429
0
0.2857900291072444
0.43838410703471403
0
1.2041199826559248
0
0.6020599913279624
0
0
0
0
0.9700367766225568
0
0
0
0
0
0.7067953418479753
0
0
0.3368088607787805
0
0.6342446746993636
0
0.2562905859738791
0
0.38646019098860757
0
1.4471580313422192
0
0
0
0
0
0
0
0
0
0
0
0
0
0
0.3804508453524147
0
0
0
0
0
0
0
0
0
0
0
0
0
0
0
0
0
0
0
0
0
0
0
0
0
0
0
0
0
0.3010299956639812
0
0.12493873660829992
0
0
0
0.3168242628472131
0
0
1.7481880270062005
0.28492653969257026
0
0
0
0
0
0
0
0
0
1.146128035678238
0.17998630293920545
0
0
0
0
0
0
0
0
0
0
0
0.8450980400142568
0
0
0
0
0
0
0
0
0
0
0
0
0
0
0
0
0.9700367766225568
0
0
0
0
0
0
0
0
0
0
0.4259687322722811
0.24303804868629442
0
0
1.3380135619171512
0
0
0
1.7481880270062005
0
0
0
0
0
0
0
0
0
0
0
0
0
0
0
0
0
0.9030899869919435
1.271066772286538
0.9700367766225568
0
0
0
0
0
0
0
0.12635413746585505
0
3.496376054012401
0
0
0.33321467903538243
0
0
0
0
0
0
0
0
0
0
0
0
2.5352941200427703
0
0
0
0
0
0
0
0
0
0
0
0
0
0
1.4471580313422192
0
0
0
0
0
0
1.632204133050827
0
0
0
0
0
0.5720967679505191
0
0
0
0
0
0
0
0
0
0
0
0
0
0
0
0
0
0.33321467903538243
0
0
0
0
0
0
0
0.13389357926122644
0
0.6123599479677745
0
0
0
0
0
0
0
0
0
0
0
0.5177391056279265
0
0
0
1.0492180226701815
0
1.146128035678238
0
0
1.271066772286538
0
0
0
0
0
0
0
0
0
0
0
0
0
0
0
0
0
0
0
0
0
0
0
0
0
0.48607609737258883
0
0
0
0
0
0
0
0
0
0
0
0
0
0
0
0
0.0313013500478261
0
0
0
0.7481880270062005
0
0
0
0
0
0
0
0
0
0
0
0
0
0
0
0
0
0
0.17086039064925274
0
0
0
0
0
1.4083032781601144
0
0
0.7939455175668755
0
0.4471580313422192
0
1.271066772286538
0
0
0
0
0
0
0
0
0
0
0
0
0
0
0
0
0
0.4471580313422192
0
0.5735978571330695
0
0
0
0
0.8943160626844384
0
0
0.6020599913279624
0
0
0
0
0
0
0
0
0
0
0
1.7481880270062005
0
0
0
0
0
0
0
0
0
0
0
0
0
0
0
0
0
0
0
0
0
1.0492180226701815
0
0
1.7481880270062005
0
0
0
0
0
0
0
0
0
0
0
0
0
0.38646019098860757
0.7067953418479753
0
0
0
0
0
0.7291141460588833
1.3414740940266576
0
0
0
0.04695202507173915
0
0
0
0
0
0
0
0
0
0
0
0
0
1.7481880270062005
0
0
0
0
0
0
0
0
0
0
0.9030899869919435
0
0
0
0
0
0
0
0
0
0
0
0
0
0
0.28492653969257026
0
0
0
0
2.0070203428757267
0
0
0
0
0
0
0
0
0
0
0
0
0.45934817425662583
0
0
0
0
0
0
0
0
0
0
0
0
0.146128035678238
1.2041199826559248
1.146128035678238
0
0
0
0
0
0
0
0
0
0
0
0
0
0
0
0
0
0
0
0
0
0
0
0
0.36797678529459443
0
0
0
0
0
0
0
0
0
0
0
0.9700367766225568
0
0
0
0
0.7359535705891889
0
0
0
0
0
0
0
0
0
0
0
0
0
0
0
0
0
0
0
0
0
0
0
0
0
0
0.1739758409330602
0
0.6690067809585756
0
0
0
0
0
0
0.3168242628472131
0
0
0
0
0
0
0
1.4471580313422192
0
0
0
0
0
0
0
1.7481880270062005
0
0
0
0
0
0
0
0
0
0
0
0
0
0
0
1.4471580313422192
0
0
0
0
0
0
0
0
0
0
0
0.46943442605337143
0.28492653969257026
0
0
0
0
0
0
0
0
0
0.20308925454132043
0.5177391056279265
0
0
0
0.8450980400142568
0
0.9030899869919435
0
0
0
0.7481880270062005
0
0
0
0
0
0
0
0
0
0
0
0
2.1844368043097053
0
0
0
0
0
0
0
0
0
0
0
0
0
0
0
0
0
0
0
0
0
0
0
0
0
1.2172960385519827
0
0
0
0
0
0.8519374645445622
0
0
0
0
0
0
0
0
0
0
0
0
0
0
1.0507440550024887
0
0
0
0
0
0
0.292256071356476
0
0
0.48607609737258883
0
0
0
0
0
0
0
0
0
0
0
0.32184683371401235
0.06694678963061322
0
0
0
0.0
0
0
0
0
1.315152321104142
0
0
0
0.07042803760760873
0
0
0.0789713359161594
0
0
0
0.1899510264617135
0
0.2899597348884337
0
0
0
0.2953081360210899
0
0.22529278359980864
0
0
0.38646019098860757
0.49291552190289434
0
0.6087213525638635
0
0
0.3010299956639812
1.4135906836959506
0
0
0
0
0
0
0
0.0
0
0
0
0
0
0.09564862962164546
0
0.7481880270062005
0
0
0.7199452117568218
0
0
0
0
0
0
0
0
0
0
0
1.146128035678238
0
0
0
0.06694678963061322
0.9030899869919435
0
0
0
0
0
0
0
0
0
0
0.05477736258369568
0
0
0
0
0
0
0
0
0
0.8547796190777107
0.08123570181652817
0
0
0
0
0
0
0
0
0
0
0
0
0
0
0
0
0
0.4057653461839942
0
0.4259687322722811
0
0
0
0
0
0
0
0
0
0
0
0
0
0
0
0
0
3.8054680481961816
0
0
0
0
0
0
0
0
0
0
0
0
0
0
0
0.42715097662313184
0
0
0
1.0492180226701815
0
0
0
0
0
0
0
1.271066772286538
0
0
0
0
0
0
0
0
0
0
0.6690067809585756
0
0
1.4471580313422192
0
0
0
0
0
0
0
0
0
0
0
0
0
0
0
0
0.4471580313422192
0
0
0
0
0
0
0
0
0
0.5715800582144888
0
0
0
0
0
0
0
0
0
0.9700367766225568
0
0
0
0
0
0.2562905859738791
0
0
0
0
0
0
0
0
0
0
0
0
0
0
0
0
1.0842670891461519
0
0
0
0
0
0
0
0
0
0
0
0
0
0
0
0
0
0
0
0.023476012535869575
0
0
0
0
0
0
0
0
0
0
0.8450980400142568
0
0
0
0
0
0
0
0
0
0
0.1739758409330602
1.7481880270062005
0
0
0
0
0
0
1.4083032781601144
1.146128035678238
1.271066772286538
0
0
0
0
0
0
0
0
0
0
0
0
0.9700367766225568
0
1.271066772286538
0
0
0
0
0
1.7481880270062005
0
0
0
0
0
0
0
0
0
0
0
1.0492180226701815
0.16247140363305634
0
0
0
0
0
0
0
0
0
0
0
0
0
0
0
0
0
0
0
0.35024801833416286
0
0
0
0
0
0
0
0
0
0
0
0
0
0
0
0
0
0
0
0
0
0
0.33321467903538243
0
0
0
0
0
0
0
0
0
0
0
0
0
0.6664293580707649
0.2568263331719277
0
0
0
0
0
0
0
0
0
0
0
0
0
0
0
0
0
0
0
0
1.2779061968168433
0
0
0
0
0
0
0
0
0
0
0
0
0
0
0
0
0
0
0.4997549464331997
0
0
0
0
0
0
0
0
0
0
0
0
0
0
0
0
0
0
0
0
0
0
0
0
0
0
0
0
0
0
0.2568263331719277
0
0
0
0
0
0.8450980400142568
0
1.035478211255853
0
0
0
0
0
0
0
0
0
0
0
0
0
0
0
0
0
0.12493873660829992
0
0
0
0.4259687322722811
0
0
0
0.3862162004568148
1.7481880270062005
0
0.7359535705891889
0
0
0
0
0
0
0
1.7481880270062005
0
0
0
0
0
0.43838410703471403
0
0.1579426718323188
0
0
0.3010299956639812
0
0
0
0
0
0
0
0
0
0
0
0
0
0
0
0.146128035678238
0
0
0
0
0
0
0
0
0
0
0.6690067809585756
0.8450980400142568
0
0
0
0
0
0.2562905859738791
0
0
0
0
0
0
0
0
0
0
0.36797678529459443
0
0
0
0
0
0
0
0.3168242628472131
0
0
0
0
0
0
0
0
0
0
0
0
0
0
0.46943442605337143
0.40617850908264086
0
0
0
0
0
0
0.2869458888649364
0
0
0
0
0.7382703400527248
0
0.146128035678238
0
0
0
0
0.40621251085939486
0.43341821992789054
0
0.3837710524778263
0
0.0
0
0
0
0
0
0
0
0.49291552190289434
0
0.4713702599391036
0
0
0
0
0
0
0
0
0
0
0
0.0
0
0
0
0
0
0
0.1571234199797012
0
0
0
0
0
0
0
0
0
0
0
0
0.0
0
0
0
0.9858310438057887
0.4471580313422192
0
0
0
0
0
0.13540417028646495
0
0
0
0.49291552190289434
0
0
0
0
0.2562905859738791
0
0.40621251085939486
0
0
0.24987747321659984
0
0.16247140363305634
0
0
0
0
0
1.0507440550024887
0
0
1.0492180226701815
0
0.37481620982489977
0
0
0
0
0
0
0
1.271066772286538
0
0
0.5177391056279265
0
0
0.7939455175668755
0
0
0
0
0
0
0
0.20308925454132043
0
0
0
0
0
0
0
0
0
0
0.46943442605337143
0
0
0
0.3010299956639812
0.6020599913279624
0.148681412727174
0
0
0
0
0
0
0
0
0.48741421089916903
0
0
0
0
0
0
0.38646019098860757
0
0
0
1.8210668387967213
1.271066772286538
0
0
0
1.0492180226701815
0
0
0
0
