0
0
2.6374299206152916
0
0
0
0
0
0
0
0
0
0
0
0
0
0
0
0
0
0
0
0
0
0
0
0
0
0
0
0
0
0
0
0
0
0
0
0
0
0
0
0
0
3.222392421336448
0
0
0
0
0
0
0
0
0
0
0
0
0
0
0
0
0
0
0
0
0
0
0
0
0
0
0
0
0
0
0
0
0
0
0
0
0
0
1.1069152039165118
0
0
1.2837929660005913
0
0
0
0
0
0
0
0
0
0
0
0
0
0
0
0
0
0
0
0
0
0
0
0
0
0
1.5594274086140185
0
0
0
0
0
0
0
0
0
0
3.0
0
0
0
0
0
0
0
0
0
0
0
0
0
0
0
0
0
0
0
0
0
0
0
0
0
0
0
0
0
0
0
0
0
0
0
0
0
0
0
0
3.4854268271702415
0
0
0
0
0
0
0
0
0
0
0
0
0
0
0
0
0
3.807354922057604
0
0
0
0
0
0
0
0
0
2.6374299206152916
0
0
0
0
0
0
0
0
0
0
0
0
0
0
0
0
0
0
0
0
0
0
0
0
0
0
0
0
0
1.1069152039165118
0
0
2.5675859320011827
0
0
2.347923303420307
0
0
0
0
0
0
0
0
0.9493739269300321
0
0
0
0
0
0
0
0
0
0
0
0
0
0
0
0
0
0
0
0
0
0
0
0
0
0
0
0
0
0
1.8073549220576042
2.6374299206152916
0
0
0
0
0
0
0
0
0
0
0
0
0
0
0
0
0
0
0
0
0
0
0
0
0
0
1.8073549220576042
0
0
0
0
0
0
0
0
2.106915203916512
0
2.106915203916512
0
0
0
0
0
0
0
0
0
0
0
0
0
0
0
0
0
3.0
0
0
0
0
0
0
0
0
0
0
0
2.222392421336448
0
0
0
0
0
0
0
0
0
2.422064766172812
0
0
0
0
0
0
0
0
0
0
0
0
0
0
0
0
0
0
0
0
0
0
0
0
0
0.31773786997761966
0
0
0
0
0
0
0
0
0
0
0
0
0
0
0
0
0
0
2.0
0
1.4397841616145293
0
0
0
0
0
0
0
0
0
0
0
0
0
0
0
0
0
0
0
0
3.4854268271702415
0
0
0
0
0
0
0
0
0
0
0
0
0
0
0
0
0
0
0
0
0
0
0
0
0
0
0
0
0
0
0
0
0
0
0
0
0
0
0
0
0
0
0
0
0
0
0
0
0
0
0
0
0
0
0
0
0
0
0
0
4.807354922057604
0
0
0
0
0
0
0
0
0
0
0
1.7198920808072646
0
0
0
0
4.03677461028802
1.5594274086140185
0.49049619684863865
0
0
0
0.3971723374720246
0
1.1958031128573088
3.2748598412305836
0
0
0.8531586116707288
0
0
0
0
0
0
0
0
0
0
0
0
0
0
0
0
0
0
0
0
0
0
0
0
0
1.6374299206152918
0
0
0
0
0
0
0
0
0
0
0
0
0
0
0
0
0
0
0
3.4397841616145293
0
1.8073549220576042
0
0
0.05199041706588871
0
0
0
0
0
1.1634987322828796
0
0
0
0
0
1.8009286528981712
0.0
0
0.6758754218565532
0
0
0
0
0
0
0
0
0
0.10398083413177742
0
0
0
0
0
0
0
0
0
0
0
0
0
0
0
0
0
0
0
0
0
0
0
0
0.6310036514558588
0
2.347923303420307
0
0
0
0
0
0
0
0
0
0
0
0
0
0
0
0
0
0
0
0
0
0
0
0
0
6.980992393697278
0
0
0
0
0
0
0
0
0
0
0
0
0
0
0
0
0
0
0
0
0
0
0
0
0
0
0.6780719051126377
4.222392421336448
0
0
0
0
0
0
0
0
0
0
0
0
0
0
0
0
0
1.8073549220576042
0
0
0
0
0
0
0
0
0
0.7198920808072646
0
0
0
0
0
0
0
1.6374299206152918
0
0
0
0
7.614709844115208
0
0
0
0
0
0
0
0
0
0
0
0
0
0
0
0
0
0
0
0
0
0
0
0
0
0
0
0
0
0
0
0
0
0
0
0
0
0
0
0
0
0
0
0
0
0
0
0
0
0
0
0
2.4854268271702415
0
0
0
0
0
0
0
0
0
0
0
0
0
0
0
0
0
0
0
0
0
0
3.4854268271702415
0
0
0
0
0
0
0
0.9004643264490856
0
0
0
0
0
0
0.5397183203444346
0
0
0
3.4854268271702415
0
0
0
0
0
0
0
0
0
0
0
0
0
0
0
0
0
0
0
0
0
0
0
0
0
0
0
0
0
0
0
0
0
0
0
0
0
0
0
0
0
0
0
0
0
0
0
0
0
0
0
0
2.347923303420307
0
0
1.7198920808072646
0
0
0
0.48542682717024166
0
0
0
0
0
0
0
0.3148045193648129
0.16349873228287956
0
0
0
0
0
0
0
0
0
0
0
0
0
1.5658581095860673
0
0
0
0
0
0
0
0
0
0
0
0
0
0
0
0
0
0
0
0
0
0
0
0
0
0
0
0
0
0
0
0
0
0
0
0
0
0
0.8300749985576875
0
1.3479233034203069
0
0
0
0
0
0
0
3.2294196882304163
1.4150374992788437
0
0
0
1.118854817228037
0
0
0
0
0
0
0
0
0
1.6374299206152918
0
0
0
0
0
0
0
0
0
0
0
0
0
1.6374299206152918
0
0
0
0
0
0
0
0
0
0
0
0
0
0
0
0
0
0
0
0
0
0
0
5.807354922057604
0
3.222392421336448
0
0
0
0
0
0
0
0
2.0
0
0
0
0
0
0
0
0
0
0
0
0
0
0
0
0
1.660149997115375
0
0
0
0
0
0
0
0
0
0
0
0
0
0
0
0
0
0
0
0
0
0
0
0
0
0
0
0
5.807354922057604
0
0
0
0
1.2837929660005913
0
3.4854268271702415
0
0
0
0
0
0
0
0
0
1.4150374992788437
0
0
0
0
0
0
3.4854268271702415
0
0
0
0
0.2527660703799667
0
0
3.4854268271702415
0
0
0
0
0
0
0
0
0
0
0
0
0
0
0
0
0
0
0
0
0
0
0
0
0
0
0
0
0
0
0
0
0
0
0
0
0
0
0
0
0
0
0
0
0
0
0.5675859320011827
0
0
0
0
0
0.0
0
0
0
0.0
0
1.4397841616145293
0
0
0
0
0.9493739269300321
1.0524674198941355
3.222392421336448
0
0
0
3.04872133884405
0
0
0
0
0
0
0
0
0
0
0
0
2.159676242421794
0
0
0
0
0
0
0
0
0
0
0
0
0
1.6374299206152918
0
0
0
0
4.444784842672896
0
0
0
0
0
0
0
0
0
0
0
0
0
0
0
0
0
0
0
0
0
0
0
0
0
0
0
0
0
0
3.4854268271702415
0
0
0
0
0
0
0
0
0
0
0
0
0
0
0
0
0
0
0
0
0
0.41503749927884376
3.222392421336448
0
0
0
0
0
0
0
0
0
0
0
2.807354922057604
0
0
0
5.807354922057604
2.0
0.8895696853457921
0
0
0
0
0
0
0
0
0
0
0
0
0
0
0
0
0
0
0
0
0
0
0
0
0
2.4854268271702415
0
0
0
0
0
0
0
0
0
0
0
0
0
1.3479233034203069
0
0
1.8930109543675764
1.6374299206152918
0.5594274086140185
0
0
0
0.3155018257279294
0
0
0
0
0
3.4854268271702415
0
0
0
0
0
0
0
0
0
0
0
0
0
0
0
0
0
0
0.3155018257279294
0
0
0
1.2638303518998333
0
0
0
0
0
0
0
0
0
0
0
0
0
2.104934839788271
0
0
0
0
0
0
0
0
0
0
0
0
0
0
0
0
0
2.2241650898433374
0
0
0
0
0
0
0
0
0
0
0
2.106915203916512
0
0
0
0
0
0
0
0
0
0
0
0
0
0
0
0
0
0
0
0
0
0
0
0
0
0
0
0
0
0
0
0
0
0
3.0
0
0
0
0
0
0
0
0
0
0
0
0
0
0.49049619684863865
0
0
0
0
1.2837929660005913
0
0
0
0
0
0
0
0
0
0
0
0
0
0.6780719051126377
0
0
0
0
0
0
0.44478484267289603
0
0
0.6374299206152918
0
0
0
0
0
0
0
0
0
0
0
0
0
0
0
0
0
0
0
0
0
0
0
0
0
0
0
0
0
0
0
0
0
0
0
0
0
0
0
0
0
0
0
0
0
0
0
0
0
0
2.106915203916512
0
0
0
0
0
0
0
0
0
0
0
0
0
0
0
0
0
0
0
0
0
0.5594274086140185
1.1069152039165118
0
0
3.222392421336448
0
0
0
0
0
0
0
0
0
0
0
0
0
0
0
0
0
0
0
0
0
0
0
0
0.8073549220576041
0
0
0
0
0
0
0
0
0
0
0
0
0
0
0
0
0
0
0
0
0
0
0
0
0
0
0
2.0
0
3.807354922057604
3.1574022596824065
0
0
0
0
0
0
0
0
0
0
0
0
0
0
0
0
0
0
0
1.0524674198941355
0
0
0
2.6374299206152916
4.0
0
0
0
0
1.7063172233414576
0
1.0
0
0
0
0.3479233034203068
0
3.4854268271702415
0
0
0
0
0
0
0.41592333652710967
0
0
0
0
0
0
0
0
1.0
0
0
0
0
0
1.9004643264490857
0
0
0
0
0
0
0
0
0
1.7063172233414576
1.6374299206152918
0
0
0
0
0
0
0
0
0
0
0
0
0
0.8531586116707288
0
0
0
0
0
0
0
0
0
0
0
0
0
0
0
0
0
0
0
0
0
0
0
0
0
0
0
0
0
0
0
0
0
0
0
0
0
0
0
0
0
0.6780719051126377
0
0
0
0
0
0
0
0
0
0
0
1.6147098441152081
0
0
0
0
0
0
0
0
0
0
0
0
0
0
0
0
0
0
0
0
0
0
0
0
0
0
0
0
0
0
0
0
2.807354922057604
0
0
0
1.0110642815198667
0
0
0
0
0
0
0
0
0
0
0
0
0
0
0
0
0
0
0
0
0
0
0
0
0
0
0
0
0
0
0
0
0
0
0
0
0
0
0
0
0
0
0
0
0
0
0
0
0
0
0
0
0
0
0.8073549220576041
0
0
0
0
0
0
0
0
0
0
0
0
0
0
0
0
0
0
0
0
0
0
0
0
0
0
0
0
1.4150374992788437
0
0
0
0
0
0
0
1.0
2.347923303420307
0
0
0
0
0
0
0
0
0
0
0
0
0
0
0
0
0
0
0
0
0
0
0.6374299206152918
0
0
0
0
0
1.8073549220576042
0
0
0
0
0
0
0
0
0
0
0
0
0
0
0
0
0
0
0
0
0
0
0
0
0
0
0
0
0
0
0
0
0
0
0
0
0
0
0
0
0
0
1.0524674198941355
0
0
0
0
0
0
0
0
0
0
0
0
0
0
0
0
0
0
0
0
0
0
0
0
0
0
0
0
0
0
0
0
0
0
0
0
0
0
0
0
0
0
0
0
0
0
0
0
0
2.6374299206152916
0
0
0
0
0
0
0
0
0
0
0
0
0
0
0
0
0
0
2.106915203916512
0
0
0
0
0
0
0
0
1.1958031128573088
0
0
0
0
0
0
0
0
0
0
0
0
0
0
0
0
0
0
0
0
5.807354922057604
0
0
0
0
0
0
0
0
0
0
0
0
0
0
0
0
0
0
0
0
0
0
0
4.807354922057604
0
0
0
0
2.6374299206152916
0
0
0
0
0
0
4.222392421336448
0
0
0
0
0
0
0
0
0
0
0
0
0
0
1.2837929660005913
0
0
2.444784842672896
0
0
0.3479233034203068
0
0
0
0
0
0
0
0
0
1.1069152039165118
0
0
12.889569685345792
0
0.9493739269300321
0
0
2.989507782143272
1.3494087523185616
2.4854268271702415
0
0
0
0
0
0
0
0
0
0
0
0
0
0
1.11196210668224
0
0
0
0
0
0
0
0
0
0
0
0
0
1.0524674198941355
2.347923303420307
0
0
0
0
0
0
0
0
0
0
0
0
0
0
0
0
0
0
0
0
0
0
0
0
0
5.807354922057604
0
0
0
0
0
0
0
0
0
0
0
0
5.422064766172813
0
0
0
0
0
0
0
0
0
0
0
2.347923303420307
0
0
0.9708536543404833
0
0
0
0
0
0
0
0
0
0
0
0
0
0
0
0
0
0
2.4854268271702415
0
0
0
0
0
0
0
0
0
0
0
0
0
0
0
0
0
0
3.1574022596824065
0
0
0
0
0
0
0
0
1.1069152039165118
0
0
0
0
0
0
0
0
0
0
0
0
1.2451124978365313
0
0
0
0
0
0
0
0
0
0
0
0
0
1.4854268271702418
0
0
0
0
0
0
0
0
0
0
0
0
0
0
0
3.4854268271702415
0
0
0
0
0
0
0
0
0
0
0.6671772640093441
0
0
0
0
0
0
0
0
0
0
0
1.222392421336448
1.799211669758082
0
0
0
0.7629608026991507
0
0
0
0
0
0
0
0
0
0
0
0
0
0
2.444784842672896
0
0
0
0
0
0
0
0
0
0
0
0
0
0
0
0
0
0
0
0
0
0
0
0
0
0
0
0
0
0
0
0
0
0
0
0
0
0
0
0
0
0
0
0
0
0
0
0
0
0
1.0524674198941355
0
0
0
0
0
1.0524674198941355
0
0
0
0
0
0
0
0
0
0
0
0
0
0.28379296600059134
0
0
0
0
0
1.2638303518998333
0
0
0
0.15597125119766614
0
0
2.222392421336448
0
0
3.851378898001774
0
0
0
0
0
0
0
0
0
0
0
0
0
0
0
0
0
0
0
0
0
0
0
0
0
0
0
0
0
0
0
0
1.2837929660005913
0
0
0
0
0
0
0
0
0
0
0
0
0
0
0
0
0
0
0
0
0
0
0
0
0
0
0
0
0
0
0
0
0
0
0
0
0
0
0
0
0
0
0
0
0
0
0
0
4.807354922057604
0
0
0
0
0
0
0
0
0
0
0
0
0
0
0
0
0
0
0
0
0
0
2.6958466068406137
0
0
0
0
0
0
0
0
0
0
0
2.91256096302145
1.0524674198941355
0
1.0
1.8073549220576042
0
0
0
0
2.4854268271702415
0
0
0
0
0
0
0
0
1.9054508367775314
0
0
0
0
0
0
9.614709844115207
4.222392421336448
0
0
0
0
0
0
0
0
0
0
0
1.222392421336448
0
0
0.8073549220576041
0
0
0
0
0
0
0.4498029174395205
0
0
3.222392421336448
0
0
0
0
0
0
0
0
0
0
0
0
0
0
0
0
0
0
0
0
0
0
4.444784842672896
0
0
0
0.9708536543404833
0
6.237709634456074
0
0
0
0
0
0
0
0
0
0
0
0
4.456280481510725
0
1.4854268271702418
0
0
0
0
0
0
0
0
0
0
0
3.807354922057604
0
0.10691520391651188
0
0
0
0
0
0
0
0
0
0
0
0
0
0
0
1.5594274086140185
0.8531586116707288
0
0
0
0
0
0
0
0
0
0
0
0
0
0
0
0
0
0
0
0
0
0
0
0
0
0
0
2.347923303420307
0
0
0
0
0
5.660149997115375
0
0
0
0
0
0
0
0
0
0
0
0
0
0
0
0
0.9004643264490856
0
0
0
0
0
0.44478484267289603
0
0
0
4.213830407833024
0
0
0
3.2748598412305836
0
0
0
0
0
0
0
0
0
0
0
0
0
2.4854268271702415
0
0
0
0
0
0
0
0
0
0
0
0
0
0
0
0
0
0
0
0
0
0
0
0
0
0
0
0
0
0
0
0
0
0
0
0
0
1.6147098441152081
0
0
0
0.0
0
0
0
0
0
0
0
0
0
0
0
0
1.222392421336448
0
0
0
0
0
0
0
0
0
0
0
1.799211669758082
0
0
0
0
0
0
0
0
1.3479233034203069
0
0
0
0
0
0
0
0
0
0
0
0
0
0
0
0
0
0.07943446749440491
2.5594758350121865
0
0
0
0
0
0
0
1.2837929660005913
1.4854268271702418
0
0
0
0
0
0
3.807354922057604
0
0
0
0
0
0
2.237709634456074
0
0
1.118854817228037
1.032648077427264
0
0
0
0
0
0
0
0
0
0
0
0
0
0
0
0
0.7629608026991507
0
0
0
0
0
0
0.12997604266472176
0
0
0
0
2.6374299206152916
0
0
0
0
0
0
0
0
0
0
0
0
0
0
0
0
2.4854268271702415
0
0
0
0
0
0
0
0
0
0
0.10493483978827096
0
0.6374299206152918
0
0
0
0
0
0
0
0
0
0
0
0
3.807354922057604
0
0
0
2.222392421336448
0
2.444784842672896
0
0
0
0
0
0
0
0
0
0
0
0
0
0
0
0
0
0
0
0
0
0
0
0
0
0
0
0
0
0
0
0
0
0
0
0
0
0
0
3.0
0
0
0
0
0
0
0
0
0
0
0
0
0
0
0
0
1.222392421336448
0
0
0
1.3479233034203069
0
0
0
0
0
0
0
0
0
2.422064766172812
0
0
0
0
0
0
0
0
5.807354922057604
0
0
0
0
0
0
0
0
0
0
0
0
0
1.8073549220576042
0
0
0
0
0
0
0
2.807354922057604
0
0
0
0
0
0
0
0
0
0
0
0.8531586116707288
0
0
0
0
0
0
0
0
0
0
0
0
0
0
0
0
0
0
0
0
0
0
2.0
0
0
0
0
0
0
0.5219527031953558
2.106915203916512
0
0
0
0
0
0
0.21383040783302376
0
0
0
0
0
0
0
0
0
0
0
0
0
0
0
0
0
0
0
0
0
0
0
0
0
0
0
0
0
1.9004643264490857
0
0
0
2.2452192822467496
0
0
0
0
0
0
2.106915203916512
0
3.2748598412305836
0
0
0
0
0.6374299206152918
0
0
0
0
0
0
0
0
0
0
0
0
0
0
1.8073549220576042
0
0
2.6374299206152916
0
0
0
0
0
0
0
0
0
0
0
0
0
0
0
0
0
0
1.8073549220576042
0
0
0
0
0
0
0
0
0
0
0.6780719051126377
0
0
0
1.0437699102609204
0
0
0
0
0
0
0
0
0
0
0
0
0
0
0
0
0
0
0
0
0
0
0
0
0
0
0
0
0.0
0
0
2.106915203916512
0
0
0
0
0
0
0
0
0.21383040783302376
0
0
0
0
0
0
0
0
1.2748598412305836
0
0
0
0
0
0
0
0.6780719051126377
0
0
0
0
0
0
1.1634987322828796
0
0
0
0
0
0.8300749985576875
0
2.6374299206152916
0
0
0
0
0
0
0
0
0
0
0
0
0
0.7198920808072646
0
0
0
0
0
0
0
0
0
0
0
0
0
0
0
0
0
0
0
0
0
0
0
0
0
0
0
0
0
0
0.7198920808072646
1.2451124978365313
2.106915203916512
0
0
0
0
0
0
0
0
0
1.4397841616145293
0
0
0
0
2.104934839788271
0
0
0
0
0
0
0
0
0
0
0
0
0
0
0
0
0
0
0
0
0
0
0
0
0
0
0
0
0
0
0
0
0
0
0
0
0
0
0
1.3561438102252754
0
0
0
0
0
0
0
0
0
0
3.4397841616145293
0
0
0
0
0
0
0
0
0
0
0
0
0
0
0
5.807354922057604
0
0
0
0
0
0
0
0
0
0
0
0
3.4854268271702415
0
1.702757796003548
0
0
0
0
0
0
0
0
0
0
0
0
0
0
0
0
0
0
0
0.8174936614143978
0
0
0
0
0
0
0
0
0
0
0
0
0
0
0
0
0
0
0
0
2.6374299206152916
0
2.807354922057604
0
0
0
0
0
0
0
0
16.88956968534579
0
1.222392421336448
0
0
1.1069152039165118
0
1.9004643264490857
0
0
0
0
0
0
0
0
0.6374299206152918
0
0
0
0
0
0
0
0
0
0
0.0
0
0
0
0
0
0
0
0
0
0.6374299206152918
0
0
0
0
0
0
0
4.213830407833024
0
0
0
0
0
0
0
0
0
0
0
0
0
0
0
0
1.2143662207749777
0
0
0
0
0
0
0
0
0
0
0
0
0
0
0
0
0
0
0
0
0
0
0
0
0
0
0
0
0
0
0
0
0
0
0
0
0
0
0
0
0
0.10398083413177742
0
0.9708536543404833
0
0
0
0
0
0
0
0
0
0
0
0
0.9465054771837882
3.222392421336448
0
0
0
0
0
0
0
0
0
5.807354922057604
0
0
0
1.5594274086140185
0
0
0
0
0
0
0
0
0
0
0
0
3.0
0
1.3494087523185616
0
0
0
0
0
1.8073549220576042
0
0
0
0
0
0
0
0
0
0
0
0
0
0
0
0
0
0
0
0
0
5.807354922057604
4.222392421336448
0
0
0
0
3.320745611749535
0
1.4150374992788437
0.38529015588479165
0
0
0
0
0
0
0
0
0
0
0
0
0
0
0
0
0
0
0
0.2527660703799667
0
0
0
0
0
0
0
0
0
0
0
0
1.2837929660005913
0
0
0
0
0
0
0
0
0
0
0
0
0
0
0
0
0
0
0
3.807354922057604
0
0
0
0
0
0
0
0
0
0
0
0
0
0
0
0
0.22239242133644802
0
0
0
0
0
0
0
0
0
0
0
0
0
0
0
0
0
1.2837929660005913
0
0
2.159676242421794
0
0.38529015588479165
0
0
0
0
0
1.1069152039165118
2.807354922057604
0
0
0.15740225968240645
0
0
0
0
0
0
0
0
0
0
0
0
0
0
0
0
0
0
0
0
0
0
0
0
0
0
1.0524674198941355
0
0
0
3.807354922057604
0
3.0
1.6374299206152918
0
0
0
0
0
0
0
0
0
0
0
0
0
0
0.851378898001774
0
2.807354922057604
0
0
0
0
0
0
0
0
0
0
0
0
0
0
0
0
0
0
0
0
0.8073549220576041
0
0
0
0
0
0
0
0
0
1.8987478538600642
0
0
0
0
0
0
0
0
0
0
0
0
0
0
0
0
0
0
0
0
0
0
0
0
0.3479233034203068
0
0
0
0
0
2.347923303420307
0
0
0
0
0
0
0
0
0
0
0
0
0.3148045193648129
0
0
0
0
0
1.2837929660005913
0
0
0
0
0
0
0
0
0
0
0
0
0
0
0
0
0
0
0.6746479004305432
0
0
0
0
0
0
0
0
0
0
0
0
0
0
0
0
0
0
0
0
0
0
0
0
0
0.5219527031953558
0
0
0
0
0
0
0
0
0
0
0
0
0
2.0
0
0
0
0
0
0
0
0
0
0.6310036514558588
0
0
0
0
0
0
0
0
0
0
0
0
0
0
0
0
0
4.0
0
0
0
0
0
0
0
0
1.1958031128573088
0
0
0
0
0
0
0
0
0
0
0
0
0
0
0
0
2.222392421336448
0
0
0
0
0
0
0
0
0
0
4.807354922057604
0
0
0
5.807354922057604
0.5979015564286544
0
0
0
0
0
0
0
0
0
0
0
0
0
0
0
0
0.6746479004305432
0
0
0
0
0
0
0
2.4854268271702415
0
0
0
0
0
0
0
0
0
0
0
0
0
0
0
0
0
0
0
0
0
0
2.0
0
0
0
0
0
0
0
0
0
0
0
0
0
0
0
0
0
0
0
0
2.0751874963942187
0
0
0
2.6374299206152916
0
0
0
0
0
0
0
0
0
0.20986967957654193
0
0
0
0
0
0
0
0
0
2.0
0
0
0
0
0
0
0
0
3.222392421336448
0
0
0
0
0
0
0
0
5.807354922057604
0
0
0
0
0
0
1.9004643264490857
0
0
0
0
0
0
0
0.05199041706588871
0
0
0
0
0
0
0
0
0
0
0
0
0
0
0.6414912234990713
0
0
0
0
0
0
0
0
0
0
0
0
0
0
0
0
0
0
0
0
0
0
0
0
0
0
0.851378898001774
0
0
0
0
4.213830407833024
0
2.4854268271702415
0
0
0
0
0
0
5.422064766172813
0
0
0
0
0
0
0
0
1.7791393706915841
0
0
1.4968128548311663
0
0
0
0
0
0
0
0
0
0
0
0
0
0
0
0
0
0
0
0
0
0
0
3.4854268271702415
0
0
0
0
0
0
0
0
0
0
0
0
0
0
0
0
0
0
0
0
0
0
1.4150374992788437
0
0.0
0
0.5979015564286544
0
0
0
0
0
0
1.799211669758082
0
0.2698591601722173
0
0
0
0
0
0
0
0
0
0
0
0
0
0
0
1.4854268271702418
0.5219527031953558
0
1.1958031128573088
0
0
0
0
0
0
0
0
0
0
0
0
0
0
0
0
0
0
0
0
0
0
0
0
0
0
0
1.1634987322828796
0
0
0
0
1.5594274086140185
0
0
0
1.118854817228037
0
0
0
0
0
0
0
0
0
3.4854268271702415
0
0
0
0
0
0
0
0
0
0
0
0
0
0
0
0
0
0
0
0
0
0.0
0
0
0
0
0
0
0
0
0
0.31773786997761966
0
0
0
0.6374299206152918
0
0
0
0
0
0
0
0
0
0
0
0
0
0
0
0
0
0
0
0
0
0
0
0
0
0
0.31773786997761966
0
0
0
0
0
0
0
0
0
0
0
0
0
0.13492958008610864
0
0
0
0
0
0.0
0
0
0
0
0.2623370994706774
0
0
0
0
0
3.0
0
0
0
0
0
0
0
0
0
0
0
0
3.222392421336448
0
0
0
5.807354922057604
2.347923303420307
0.7705803117695833
0
0
0
0
0
0
0
0
0
0
0
0
0
0
0
0
0
0
0
0
0
0
0
0
0
0
0
0
0
0
0
0
0
0
0
0
0
0
0
0
0
0
0
0
0
0
0
0
0
0
0
0
0
0
0
0
0
0
0
0
0
0
0
0
0
0
0
0
0
0
0
0
0
3.807354922057604
0
0.7621803347110125
0
0
0
0
0
0
0
0
0
0
0
0
0
0
0
0
1.5259216053983014
0
0
0
0
0
0
0
0
0
2.807354922057604
0
0
1.2837929660005913
0
0
0
0
0
3.4854268271702415
0
0
0
0
2.9708536543404835
0
0
0
0
0
0
0
0
0
0
0
0
0
0
0
0
0
0
0
0.0
0
0
0
0
0
0
0
4.807354922057604
0
0
0
0
0
0
0
0
0
0
0
0
0
0
0
0
0
0
0
0
0
0
0
0
0
0
0
0
0
0
2.807354922057604
0
0
0
0
0
0
0
0
0
2.0
0
7.614709844115208
0
0
2.347923303420307
0
0
0
0
0
0
0
0
0
0
0
0
0
0
0
0
0
0
0
0
0
0
1.7198920808072646
0
0
0
0
0
0
0
0
0
0
0
0
0
0
0
0
0
0
0
0
0
0
0
0
0
0
0
0
0
0
1.4150374992788437
0
0
0
0
0
0
0
0
2.0875398205218407
0
0
0
0.48542682717024166
0
0
0
0
6.0
2.0
0
0
0
0
1.6374299206152918
0
0
0
0
0
0
0
0
0
0
0
0
0
0
2.807354922057604
0
0
0
0
0
1.8073549220576042
0
0
3.4854268271702415
0
0
1.9122897618458754
1.1958031128573088
0
0
0
0
0
0
0
0
0
0
0
0
0
0
0
0
0
0
0
0
0
0
0
0
0
0
0
0
0
0
0
0
0
0
0
0
0
0
0
0
0
0
0
0
0
0
0
0
0
0
0.32074561174953564
0
0
0
0
0
0
0
0
0
0
0
0
0
0
0
0
0
0
0
0
0
0
0
0
0
0
0
0
0
0
0
0
0
0
0
0
0
0
0
0
0
0
0
0
0
0
0
0
0
0
0
0
0
0
0
0
0
0
0
0
0
0
0
0
0
0
0
0
0
3.0
0
0
0
0
0
0
0
0
0
0
1.9004643264490857
0
0
0
0
0
0
0
0
0
0
0
0
0
0
0
0
0
0
0
0
0
0
0
0
0
0
0
0
0
0
0
0
0
0
1.4854268271702418
0.5219527031953558
0
0
0
0
0
0
0
0
0
0
0
0
0
0
0
0
0
0
0
0
0
0
0
0
0
3.807354922057604
0
0
0
0
0
0
0
0
0
0
0
0
0
0
0
0
0
0
0
0
0
0
0
0
2.6374299206152916
0.15886893498880983
0
2.0
0
0
0
0
0
0
0
0
0
0
0
0
0
0
0
0
0
0
0
0
2.4854268271702415
0
0
0
0
0
0
0
0
0.5594274086140185
0
0
0
0
0
0
0
0
0
0
0
0
0
0
1.4854268271702418
0
0
0
0
0
0
0
0
0
0
0
0
0
0
0
0
0
0
4.807354922057604
0
0
0
0
0
0
0
0
0
0
0
0
0
0
0.7629608026991507
0
0
0
0
0
0
0
0
0
0
1.1069152039165118
0
0
0
0
0.899605834879041
0
0
0
0
0
0
3.4397841616145293
0
1.6374299206152918
2.4854268271702415
0
0
0
0
0
0
0
0
0
0
0
0
0
0
0
0
0
0
0
0
0
0
0
0
0
0
0
0
0
0
1.4854268271702418
0
0
0
0
0
0
0
0
0
0
0
0
0
0
0
0.8531586116707288
0
0
0
0
0
0
0
0
0
5.807354922057604
0
0
0
0
0
0
0
0
0
0
0
0
2.087810812781423
0
0
0
0
0
0
0
0
0
0
0
0
0
0
0
0
0
0
0
0
0
0
1.3479233034203069
0
0
0
0
0
0
0
0
0
0
0
0
0
0
0
0
0
0
0
0
0
0.05246741989413548
0
1.3561438102252754
0
0
0
0
0
0
0
0
0
0
0
0
0
0
0
0
0
0
0
0
0
0
0
0
0
0
0
0
0
0
0
1.5259216053983014
0
0
0
0
0
1.3561438102252754
0
0
0
0
0
0
0
0
0
0
0
0
0
2.6374299206152916
0
0
0
0
0
0
0
0
0
0
0
0
0
0
0
4.222392421336448
0
0
0
0
0
0
0
0
0
0
0
0
0
0
0
0
0
0
0
0
0
0
0
0
0
0
0
0
0
3.807354922057604
1.9004643264490857
0
0
0
0
0
0
0
0
0
0
0
0
0
0
0
0
0
0
0
0
0
0
0
0
4.807354922057604
0
0
0
0
0
0
0
0
0
0
0
0
0
0
3.4854268271702415
0
0
0
0
0
0
0
0
0
0
0.8531586116707288
0
0
0
0
0
0
0
0
0
0
0
2.8481217807900965
0
0
2.222392421336448
0
0
0
0
0
0
2.807354922057604
0
0
0
0
0
0
0
0
0
0
0
0
2.6958466068406137
0
0
0
0
0
0
0
0
0
0
5.807354922057604
0
0
0
0
0
0
0
0
0
0
0
0
0
1.7198920808072646
6.444784842672896
2.6374299206152916
0
0
0
0
0
0
0
0
0
0
0
0
0
0
1.7063172233414576
0
0
0
0
0
2.9708536543404835
0
0
0
0
0
0
0
0
0
0
0
0
0
0
0
0
0.44478484267289603
0
0
0
0.8073549220576041
0
0.5979015564286544
0
0
0
0
0
0
0
0
3.118854817228037
0
0.9493739269300321
2.91256096302145
0
0
0
4.0
0
0
0
0
3.222392421336448
5.807354922057604
0
0
0
0
0
0
0
2.237709634456074
0
0
0
0.851378898001774
0
0
0
0
0
0
0
3.6147098441152083
0
0
0
0
0
0
0
0
0
0
1.0110642815198667
0
0
0
0
0
0
0
0
0
0
0
0
0
0
0
0
0
0
0
0
0
2.222392421336448
0
0
1.7198920808072646
0
0
0
0
0
0
1.2451124978365313
0
0
0
1.0524674198941355
0
0
0
0.3155018257279294
0
0
0
0
0
0
3.0
0
5.807354922057604
0
0
0
0
0
0
0
0
0
0
0
0
0
0
0
0
0
0.9004643264490856
0
0
0
0
0
0
0
0
0
0
0
0
0
0
3.222392421336448
0
0
0
2.4854268271702415
0
0
0
0
1.4150374992788437
0.8073549220576041
0
0
0
0
0
0
0
0
0
0
0
0
0
3.0
0
0
0
0
0
0
0
0
0
0
0
0
0
0
0
0
0
0
0
0
0.7870112984120322
3.0
0
2.807354922057604
0
4.427660815666047
0
0
0
0
1.3479233034203069
0
0
0
0
0
0
0
0
0
0
0
0
0
0
0
1.222392421336448
0
0
0
0
2.8481217807900965
0
0
0
0
0
0
0
0
1.8073549220576042
0
0
0
0
0
0
0
0
0
0
0
0
0
0
0
0
0
0
0
0
0
0
0
2.2138304078330235
0
0
0
0
0
0
0
0.22239242133644802
0
0.6780719051126377
0
3.222392421336448
0
0
0
0
0
0
0
0
0
3.4397841616145293
0
0
0
0
0
0
0
2.347923303420307
4.222392421336448
0
2.0
2.347923303420307
0
0
0
0
0
0
0
0
0
0
0
0
0
0
0
0
0
0
0
0
0
0
1.6147098441152081
0
0
0
2.106915203916512
0
0
0
0
0
0
0
0
0
0
0
0
0.18196645973061049
2.347923303420307
0
0
0
0
0
0
0
0
0
0
0
0
0
0
0
0
0
1.7198920808072646
0
0
0
0.28379296600059134
0
0
0
0
0
0
0
0
0
0
1.4854268271702418
0
4.222392421336448
0
0
0
0
0
0
0
1.8073549220576042
0
0
3.4854268271702415
0
0
0
0
0
0
1.4854268271702418
0
1.9054508367775314
0
0
0
0
2.9708536543404835
0
0
0
0
0
0
0
0
0
2.347923303420307
0
0
0
0
0
0
0
0
0
0
0
0
0
0
0
0
1.9004643264490857
0
0
0
0
0
0
0
0
0
0
0
0
0
0
3.0
0
0
0
0
0
0
0
0
0
0
0
0
0
0
0
0
0
2.422064766172812
0.8073549220576041
1.4854268271702418
0
0
0
0.18196645973061049
0
0
0
0
0
0
0
3.807354922057604
0
0
2.106915203916512
0
0
0
0
0
0
0
0
0
0
3.8009286528981714
0
5.807354922057604
0
0
0
0
0
0
0
0
0
0
0
0
0
0
0
0
0
0
0
5.807354922057604
0
0
0
0
0
0
0
0
0
0
0
0
0
3.0518432107966027
0
0
0
0
2.0
0
0
0
3.222392421336448
0
0
0
0.48542682717024166
2.0
0
0
0
0
0
0
0
0
0
0
0
0
0
0
0
0
0
0
0
0
0
0
0
0
0
1.222392421336448
0
0
0
0
0
0
0
0
0
0
0
0
0
0
0
0
0
0
0
0
0
0
0
0
0
0
0
0
0
1.9004643264490857
0
0
0
0
0
0
3.807354922057604
0
0
0
0
0
0
0.7705803117695833
0
0
0
0
0
0
0
0
1.0524674198941355
0
0
0
0
0
0
0
0
0
0
0
0
0
0
0
0
0
0
0
0
0
0
0
0
0
0
0
0
0
0
0
0
0
0
0
0
0
0
0
0
0
0
1.0
1.5594274086140185
0.9465054771837882
0
0
0
0
0
0
0
0
0
0.2698591601722173
0
0
4.889569685345792
0
2.807354922057604
0
0
0
1.9004643264490857
0
0
0
0
0
0
0
0
0
0
0
0
0
0
0.9465054771837882
0
0
0
0
0
0
0
0
0
0
0
0
0
0
0
0
0
0
0
0
0
0
0
0
0
0
0
0
0
0
0
0
0
0
0
0
0
0
0
0
0
0
0
0
0
0
1.1634987322828796
0
0
0
0
0
0
0
0
0
0.8073549220576041
0
0
0
4.222392421336448
0
0
0
0
0
0
0
0.21383040783302376
0.44478484267289603
0
0
0
0.0
0
0
0
0
1.456280481510725
0
0
0
0.15597125119766614
0
0
0.2623370994706774
0
0
0
0
0
0.38529015588479165
0
0
0
0.3269974645657591
0
1.71064326266419
0
0
1.2837929660005913
0
0
0.7582982111399
0
0
1.0
0
0
0
0
0
0
0
0
0.0
0
0
0
0
0
0.07943446749440491
0
0
0
0
0.5979015564286544
0
0
0
0
0
0
0.7198920808072646
0
0
0
0
0
0
4.222392421336448
0
0
0
0
2.4854268271702415
0
0
0
0
0
0
0
0
0.05199041706588871
0
0
0
0
0
0
8.0
0
0
0
0.5397183203444346
0
0
0
0
0
0
0
0
0
0
0
0
2.347923303420307
0
0
0
1.4397841616145293
0
0
0
0
0
0
0
0
0
0
0
0
0
0
0
0
0
0
0
0
0
0
0
0
0
0
0
0
0
0
0
0
0
0
0
0
1.1351718640023654
0
0
0
0
0
0
0
0
0
0
0
0
0
0
0
0
0
0
0
0
0
0
0
0
0
0
0
0
0
2.222392421336448
0
0
0
0
0
0
0
0
2.106915203916512
0
0
0
0
0
0
0
0
0
0
0
0
0
0
0
0
0
0
0
4.222392421336448
0
0
0
0
0
0
1.3479233034203069
0
0
0.851378898001774
0
0
0
0
2.104934839788271
0
0
0
0
0
0
2.0
0
0
0
0
0
0
0
3.0
0
0
0
0
0
0
3.4854268271702415
0
0
0
0
0
0
0
0
0
0.05199041706588871
0
0
0
0
0
0
0
0
0
0
0
0
0
0
0
0
0
0
0
0
0
0.9632253897119791
0
0
0
0
0
0
0
0
0
0
3.0
0
0
0
0
0
0
0
0
0
0
0
0
0
0
0
0
0
0
0
0
0
0
0
0
0
0
0
0
0
0
0
0
0.2698591601722173
0
0
0
0
0
0
0
0
3.118854817228037
0
0
0
0
0
3.4854268271702415
0
0
0
0
1.1634987322828796
0
0
0
0
0
0
0
0
0
5.807354922057604
0
0
0
0
0
1.8073549220576042
0
0
0
0
0
0
1.1069152039165118
0
2.222392421336448
0
0
0
2.807354922057604
0
2.6374299206152916
0
0
0
0
0
0
1.7063172233414576
0
0
0
0
0
0
0
0
0
0
0
0
0
0
0
0
0
0
0
0
0
0
0
0
0
0
0
0
0
0
0
0
0
0
0
2.0
0
0
0
0.41503749927884376
3.222392421336448
0
0
0
0
0
0
0
0
0
0
0
0
1.4854268271702418
0
0
0
1.2837929660005913
0
0
0
0
0
0
0
0
0
0
0
0
0
0
0
0
0
0
0
0
0
0
0
2.807354922057604
0
0
0
0
0
0
0
1.6374299206152918
0
0
0
0
0
0
1.660149997115375
0
1.8009286528981712
0
4.245112497836531
0
0
0
0.6414912234990713
0
5.807354922057604
0
0
0
0
0
0
0
0
0
0
0
0
0
0
1.456280481510725
0
0.5771416188354903
0
0
0
0
0
0
0
0
0
0
0
0
0
0
0
0
0
0
1.456280481510725
0
0
0
0
0
0
0
0
0
0
0
0
0
0
0
0
0
0.28379296600059134
0
0
0
0
0
0
0
0
0
2.326997464565759
3.6671772640093443
0
0
0
0
2.347923303420307
0
0
2.104934839788271
0
0
0
0
0
0
0
0
0.8531586116707288
0
0
0
0
0
0
0.5397183203444346
0
0
0
0
0
0
0.31773786997761966
0
0
0
0
0.16349873228287956
0
1.456280481510725
0
0
0
0
0
1.4397841616145293
0
0.6374299206152918
0
0.0
0
0
0.9004643264490856
0
0
0
0
0
0
2.087810812781423
0
0
0
0
0
0
0
0
0
0
0
0.0
0
0
0
0
0
0
1.0439054063907116
0
0
0
0
0
0
0
0
0
0
0
0
0.0
0
0
0
0
0
0
0
0
0
0
2.2490145871976024
0
0
4.222392421336448
0
0
0
0
0.3479233034203068
0
0
0.4498029174395205
0
0
0.8300749985576875
3.4854268271702415
0.4047887402583259
0
0
0
0
0
0
0
0
0
0
0
0
0
0
0
0
0
0
0
0
0
0
0
0
2.6374299206152916
0
0
0
0
0
0
0
0.6746479004305432
0
0
0
0
0
0
0
0
0
0
0
0
0
0
0
4.0
0.6758754218565532
0
0
0
0
0
0.7198920808072646
0
0
1.6349873228287957
0
0
0
0
0
0
0
0
0
0
34.339743519094476
0
