0
16.88956968534579
2.6374299206152916
0
0
0
0
0
0
0
0
0
0
0
0
0
0
0
0
4.222392421336448
0
0
0
0
0
0
0
0
0
0
0
0
0
0
0
0
0
0
0
0
0
0
0
0
6.444784842672896
5.807354922057604
0
0
0
0
0
0
0
0
0
0
0
0
0
0
0
0
0
0
0
0
0
0
4.807354922057604
0
0
0
0
0
0
0
0
0
0
0
0
0
0
0
0
0
0
0
6.667177264009345
0
4.222392421336448
0
4.970853654340483
0
5.807354922057604
0
0
0
5.807354922057604
0
0
0
0
0
0
0
0
0
0
0
0
0
0
0
0
0
0
0
0
0
0
0
0
5.159676242421794
0
0
0
0
0
3.4854268271702415
0
0
0
0
9.667177264009345
0
0
0
0
0
0
0
0
0
0
0
0
0
0
0
0
0
0
0
0
0
0
0
0
0
0
11.614709844115207
0
0
2.6374299206152916
0
3.807354922057604
0
0
0
0
0
0
3.222392421336448
0
0
0
0
0
0
0
0
0
0
0
0
0
0
0
0
0
0
0
0
0
0
0
0
11.614709844115207
3.0
0
0
0
0
0
0
0
0
0
0
0
0
0
0
0
0
0
0
0
0
0
0
0
0
0
0
5.135171864002365
0
0
0
7.614709844115208
0
0
0
0
0
0
0
4.74686963465016
0
0
0
0
2.222392421336448
0
0
0
0
4.222392421336448
0
5.807354922057604
0
0
2.4854268271702415
0
0
1.1069152039165118
0
8.889569685345792
0
0
0
0
0
0
0
0
0
0
0
0
0
0
0
3.222392421336448
5.807354922057604
0
0
0
0
0
0
1.2837929660005913
0
0
0
0
0
4.807354922057604
0
0
0
0
0
0
0
4.807354922057604
0
0
0
0
0
0
0
0
0
0
2.347923303420307
0
0
5.807354922057604
0
0
0
0
0
0
0
0
0
0
0
0
0
0
0
0
0
0
0
0
0
0
0
0
0
0
0
0
0
0
0
0
0
0
0
0
0
0
0
0
0
0
0
0
0
0
0
0
0
0
0
0
0
0
0
0
5.807354922057604
0
0
2.6958466068406137
0
0
5.807354922057604
3.495116569753816
0
0
0
0
0
0
0
7.04376991026092
0
0
0
0
0
2.6374299206152916
0
5.807354922057604
3.4854268271702415
0
1.0
0
0
0
0
0
1.9004643264490857
0
0
0
2.807354922057604
0
0
0
0
0
0
0
0
0
0
0
0
0
0
0
0
0
0
0
3.0
0
0
0
0
0
0
0
0
9.502321632245428
0
0
0
0
0
0
0
0
0
0
0
0
0
0
0
0
0
0
0
0
0
0
0
0
0
0
0
0
0
0
0
0
0
0
0
0
9.0
0
0
3.4854268271702415
0
17.42206476617281
0
0
0
0
3.807354922057604
0
3.4854268271702415
0
0
0
0
0
0
6.0
1.7198920808072646
0
0
0
0
0
0
1.3079898582630365
0
0
0
0.31773786997761966
0
3.587409338571926
0
0
0
0
0
0
6.444784842672896
0
0
15.891101477373825
7.614709844115208
0
2.222392421336448
4.807354922057604
0
0
70.1838730514401
0
0
0
0
0
0
0
0
0
0
0
0
0
0
0
0
0
0
0
0
0
0
0
0
0
5.807354922057604
3.118854817228037
1.4150374992788437
2.6374299206152916
0
0
0
6.8795683232290585
0
10.844129532345626
0
2.0
0.15597125119766614
0
0
0
0
0
2.326997464565759
0.8531586116707288
0
0
0
0
0.9004643264490856
0.0
0
0.15597125119766614
0
0
0
0
0
0
0
0
0
0.46791375359299836
0
0
0
5.807354922057604
0
0
0
4.222392421336448
0
0
0
0
0
0
0
0
7.229419688230417
0
0
0
0
0
0
0
0.9465054771837882
0
4.695846606840614
0
11.614709844115207
5.807354922057604
0
0
0
0
0
0
0
0
0
0
0
0
0
0
0
5.397635009274246
7.456280481510724
4.807354922057604
5.807354922057604
2.0
0
0
8.144491125980156
5.807354922057604
5.807354922057604
12.667177264009343
0
0
0
0
0
0
0
0
0
0
8.444784842672895
0
0
0
0
3.222392421336448
0
0
0
0
0
0
0
0
0
0
0
0
0
0
0
0
3.807354922057604
3.222392421336448
0
0
0
0
0
0
0
0
3.6147098441152083
5.807354922057604
0
0
0
0
0
3.807354922057604
0
0
0.7198920808072646
0
0
0
0
0
0
0
0
0
0
0
0
0
0
0
0
0
0
0
0
0
0
4.74686963465016
12.427134135851208
4.444784842672896
0
4.222392421336448
0
0
0
0
0
0
0
3.807354922057604
0
0
0
0
0
0
0
0
0
0
0
0
0
0
5.807354922057604
0
0
0
0
0
0
4.245112497836531
3.807354922057604
0
0
0
0
0
0
0
0
0
4.807354922057604
0
0
0
6.444784842672896
63.88090414263364
11.614709844115207
0
0
0
0
0
0
0
0
0
0
0
0
4.807354922057604
0
0
0
0
0
0
0
0
0
2.701392979347257
0
0
0
0
0
0
1.2143662207749777
0
0
0
0
0
0
11.614709844115207
0
22.003063584056065
0
5.807354922057604
3.6147098441152083
0
4.807354922057604
0
0
0
0
0
5.807354922057604
2.9708536543404835
0
0
0
0
1.5594274086140185
0
4.807354922057604
0
3.807354922057604
0
0
0
0
11.614709844115207
0
0
0
0
0
0
0
0
0
0
0
12.889569685345792
0
0
0
0
0
0
0
0
12.667177264009343
2.347923303420307
0
0
0
4.807354922057604
5.807354922057604
6.444784842672896
30.096463284554982
2.444784842672896
0
0
9.614709844115207
0
0
0
1.6789574366123354
0.6539949291315182
0
0
0
1.222392421336448
0
0
4.807354922057604
0
0
0
0
0
0
3.6536689223674905
0
1.2837929660005913
0
11.069152039165118
0
0
3.4854268271702415
0
0
0
0
0
0
0
4.222392421336448
4.222392421336448
0
0
0
0
0
0
0
0
0
0
0
4.213830407833024
22.556746949355137
0
4.222392421336448
0
3.1574022596824065
0
0
0
0
0
3.735337493509594
0
0
0
0
0
0
0
0
14.422064766172811
7.266194298518436
0
7.678427505036559
5.807354922057604
0
0
2.034215715337913
0
0
0
0
0
0
0
12.0
0
0
0
0
0
3.4854268271702415
5.807354922057604
8.444784842672895
0
5.807354922057604
0
0
0
0
0
0
0
0
0
0
0
0
0
0
0
5.807354922057604
0
0
0
0
0
0
0
0
0
0
0
5.807354922057604
0
0
0
0
0
0
0
0
0
0
0
0
24.0
0
5.807354922057604
5.807354922057604
0
0
0
0
0
0
0
0
8.444784842672895
0
0
0
0.41503749927884376
0
0
5.807354922057604
5.807354922057604
0
0
0
0
0
0
0
1.5594274086140185
0
25.334354528018686
0
17.42206476617281
0
0
0
0
0
0
0
0
0
0
0
0
0
0
0
0
0
0
0
0
0
17.42206476617281
0
0
0
0
0
0
0
0
5.807354922057604
11.614709844115207
24.03677461028802
0
0
0
3.4854268271702415
0
0
0
0
0.5055321407599334
2.347923303420307
0
0
0
0
0
4.695846606840614
0
5.807354922057604
0
0
0
0
0
0
0
0
0
0
0
0
0
0
0
0
0
0
0
0
0
4.319352484843588
4.807354922057604
2.222392421336448
0
6.667177264009345
0
0
0
0
0
0
0
0
0
0
0
0
0
0
0.851378898001774
3.807354922057604
0
0
0
0
0.0
0
0
8.444784842672895
0.0
0
0
0
0
0
0
2.8481217807900965
2.104934839788271
3.222392421336448
3.6147098441152083
0
0
3.04872133884405
0
0
5.807354922057604
0
0
0
0
0
0
0
0
3.4397841616145293
7.198920808072646
0
0
0
4.222392421336448
0
0
0
0
0
0
0
0
0
0
0
0
1.4397841616145293
0
0
8.444784842672895
0
0
0
0
0
0
0
0
40.651484454403224
0
2.807354922057604
0
0
4.222392421336448
0
0
0
17.779139370691585
0
2.0
0
0
0
0
0
0
0
0
0
0
0
0
0
0
0
5.614709844115208
0
0
0
0
0
0
0
0
5.807354922057604
0
0
0
0
0
0
0.41503749927884376
0
0
0
0
2.807354922057604
8.422064766172813
0
0
0
0
0
0
0
0
0
0
0
2.0
1.7791393706915841
0
3.4854268271702415
0
0
0
0
0
9.667177264009345
0
4.213830407833024
0
0
0
0
0
0
0
0
0
0
0
0
0
0
0
7.456280481510724
0
0
0
0
0
0
5.807354922057604
0
0
0
0
0
0
0
0
0
0
0
11.18854817228037
0
0
0
0.6310036514558588
0
0
0
5.807354922057604
4.807354922057604
3.4854268271702415
0
0
0
0
0
0
0
0
0
0
0
0
0
0
0
0
0
0
0
0
0
0
0
0
0
0
0
0
0
0
0
0
0
5.807354922057604
0
0
0
0
0
0
0
0
2.0
0
0
0
0
0
0
0
0
0
0
0
2.6213374273153622
0
5.807354922057604
5.807354922057604
0
0
3.2748598412305836
0
0
14.422064766172811
4.222392421336448
0
0
0
0
0
0
3.807354922057604
0
0
0
0
0
0
0
0
0
0
0
0
0
0
0
0
0
0
0
0
0
0
0
20.001531792028032
0
0
0
0
0
0
0
0
0
0
0
0
0
0
0
0
0
0
0
1.471488590545916
0
0
0
0
2.5675859320011827
11.614709844115207
0
0
0
0
0
3.0
0
0
0
4.222392421336448
0
0
0
0
0
0
0
0
0
0.8895696853457921
0
0
3.824579523691751
0
3.807354922057604
0
0
0
0
0
0
0
0
0
0
3.807354922057604
0
4.807354922057604
0
0
4.444784842672896
5.807354922057604
0
0
0
0
0
0
0
0
0
0
0
0
0
3.4854268271702415
11.614709844115207
0
0
4.807354922057604
0
0
0
0
0
0
0
0
0
0
5.807354922057604
0
0
23.176067243081633
0
0
0
11.422064766172813
0
0
0
0
0
4.222392421336448
0
0
0
0
0
0
0
0
0
0
0
0
0
0
0
0
0
0
0
0
0
0
0
0
0
0
0
0
0
0
0
0
0
0
0
0
0
5.807354922057604
0
0
0
0
0
0
0
0
0
0
0
0
0
0
0
0
0
0
0
0
0
0
0
0
0
0
0
0
0
0
0
0
0
1.0524674198941355
0
0
0
0
15.556746949355137
15.229419688230417
0
0
0
0
0
0
0
0
0
0
0
2.4854268271702415
0
0
0
0
0
0
0
0
0
0
0
0
0
0
0
0.8531586116707288
4.222392421336448
3.1313097307827613
3.2748598412305836
0
0
0
5.807354922057604
0
0
0
1.0658035498507186
0
0
0
0
13.941707308680966
0
0
6.320745611749536
0
0
6.667177264009345
0
0
0
0
0
0
0
0
0
0
0
0
0
0
0
0
0
0
0
0
0
0
0
4.213830407833024
0
0
4.807354922057604
0
0
0
0
0
0
0
0
0
0
0
4.222392421336448
0
0
8.444784842672895
0
0
0
0
76.91767875292166
0
0
0
0
0
0
0
0
0
0
0
28.844129532345622
0
0
0
0
0
4.444784842672896
2.222392421336448
0
0
0
0
0
0
0
0
0
0
0
0
0
0
0
0
0
0
3.4854268271702415
5.807354922057604
0
0
0
3.222392421336448
0
0
0
0
0
4.222392421336448
0
0
0
0
0
8.444784842672895
5.807354922057604
0
5.807354922057604
19.03677461028802
0
0
1.484225380947195
5.807354922057604
0
0
0
4.807354922057604
0
0
0
0
0
1.7693624926597669
0
0
0
0
0
2.6958466068406137
0
2.106915203916512
23.229419688230415
0
2.5675859320011827
0
1.3479233034203069
0
0
0
0
0
17.42206476617281
0
0
0
0
3.4854268271702415
0
0
0
0
0
0
0
0
0
0
0
0
0
0
0
0
0
0
0
0
0
0
0
0
0
0
0
0
0
0
1.6147098441152081
0
0
0
0
0
0
0
0
0
1.2837929660005913
0
0
0
0
0
0
5.807354922057604
0
0
0
0
0
0
4.222392421336448
5.807354922057604
0
0
3.222392421336448
1.4150374992788437
0
0
0
0
5.807354922057604
0
0
0
0
0
0
0
0
0
0
0
2.0
1.1634987322828796
7.797137043070093
0
0
0
0
0
0
0
0
0
0
0
0
0
0
0
0
9.614709844115207
2.444784842672896
0
0
0
0
0
0
0
0
0
0
0
0
0
0
0
0
0
0
0
0
0
0
0
0
0
0
0
0
0
0
0
0
0
0
0
0
0
0
5.274859841230583
0
0
0
0
2.104934839788271
0
0
0
0
0
0
0
0
0
0
0
0
0
0
0
0
0
0
0
3.807354922057604
0
0
0
0
0
0
0
2.4854268271702415
12.667177264009343
0
4.807354922057604
0
0
0
0
0
0
17.063172233414576
26.19887872984467
0
0
2.222392421336448
12.837929660005914
0
0
0
0
0
0
0
0
0
0
0
4.807354922057604
0
0
0
0
0
0
0
0
0
2.807354922057604
0
0
5.807354922057604
0
0
0
0
0
5.807354922057604
0
0
0
5.38111400785789
0
0
0
0
0
0
0
0
0
0
0
0
0
2.4854268271702415
0
0
0
0
0
11.422064766172813
0
8.444784842672895
5.807354922057604
8.444784842672895
0
0
0
11.614709844115207
0
0
0
0
0
0
0
0
0
0
0
0
0
0
0
0
0
0
4.807354922057604
5.807354922057604
0
0
0
0
0
0
0
0
0
0
0
0
0
0
0
0
0
4.807354922057604
0
0
6.0
4.807354922057604
0
11.554136694005322
15.891101477373825
4.807354922057604
23.225456005392513
5.807354922057604
0
0
5.807354922057604
0
3.4854268271702415
0
0
0
0
13.941707308680966
0
106.26385957598512
0
0
0
0
4.74686963465016
0
0
0
25.18896337661315
0
23.229419688230415
5.807354922057604
4.222392421336448
4.213830407833024
0
0
0
0
0
0
0
0
0
5.807354922057604
0.8895696853457921
0
0
0
0
0
0
0
0
0
0
0
0
0
0
0
0
0
0
0
0
0
0
0
0
0
0
5.807354922057604
4.807354922057604
0
0
0
0
0
0
0
0
0
0
0
5.941707308680967
0
0
0
0
0
3.0
0
0
11.614709844115207
0
0
0
0
0
0
0
0
0
0
0
0
3.0
0
0
0
0
0
0
0.48542682717024166
0
0
0
0
0
0
0
0
0
0.8073549220576041
0
0
0
0
0
0
0
0
0
0
2.6374299206152916
4.807354922057604
0
0
0
0
0
0
4.213830407833024
0
0
0
0
0
1.6374299206152918
5.807354922057604
0
2.104934839788271
5.807354922057604
0
0
0
0
0
0
0
0
0
0
0
0
0
0
0
0
1.2837929660005913
0
0
0
6.225562489182656
0
0
0
0
0
0
0
0
0
0
0
0
0
0
0
0
0
0
0
0
0
0
0
0
4.807354922057604
0
0
0
0
0
0
0
0
0
0
0
0
0
0
0
0.6671772640093441
0
0
0
0
0
0
0
0
0
0
0
2.444784842672896
0.4498029174395205
0
0
0
0
0
0
0
0
0
0
0
0
0
11.614709844115207
0
0
5.807354922057604
0
1.222392421336448
0
0
0
0
0
0
0
0
0
0
0
0
0
0
0
1.4854268271702418
0
0
0
0
0
0
0
0
0
0
0
0
0
0
0
0
0
0
0
0
0
0
0
0
0
0
0
0
0
0
0
0
0
0
0
0
0
0
6.444784842672896
0
0
0
0
0
0
0
0
0
0
0
0
0
0
0
5.392066354011235
5.807354922057604
0
0
0
0
1.0110642815198667
0
0
0
0.20796166826355483
11.739616517101535
4.222392421336448
0
3.1574022596824065
5.807354922057604
8.98655076200414
0
5.807354922057604
17.42206476617281
0
0
0
3.4854268271702415
0
0
3.807354922057604
0
6.237709634456074
0
0
0
0
8.444784842672895
0
0
0
0
0
0
0
0
0
0
19.33435452801869
0
0
0
0
0
0
0
0
0
0
0
0
0
0
0
0
0
0
3.222392421336448
0
0
0
0
0
11.422064766172813
0
0
0
0
0
0
0
0
5.807354922057604
0
0
0
0
0
0
0
0
0
0
0
0
0
0
0
0
0
0
0
0
0
0
3.807354922057604
0
0
0
0
0
0
0
0
0
0
0
10.456280481510724
0
0
0
0
0
0
0
0
0
0
0
0
7.678427505036559
0
0
0
0
0
0
0
0
0
0
0
0
0
0
0
0
0
0
0
0
0
0
0
0
0
0
0
0
3.807354922057604
5.534576019582559
11.614709844115207
0
0
0
0
5.807354922057604
0
5.614709844115208
0
0
0
0
0
0
2.444784842672896
0
0
0.8073549220576041
0
0
0
0
0
0
0.899605834879041
0
0
0
0
7.912289761845875
4.807354922057604
0
0
0
0
0
4.807354922057604
0
0
0
1.5594274086140185
0
0
0
0
0
0
0
0
0
0
0
0
0
0
3.222392421336448
0
0
4.807354922057604
0
0
0
0
0
0
0
0
0
0
0
0
2.9708536543404835
0
9.667177264009345
0
4.807354922057604
0
0
5.807354922057604
4.222392421336448
0
0
0
0
4.807354922057604
0.9622368352486069
0
0
0
0
0
0
0
3.222392421336448
0
1.6374299206152918
0
0
0
1.0524674198941355
2.222392421336448
0
4.265793058353644
0
0
0
0
0
0
0
0
0
0
0
0
0
6.970853654340483
5.807354922057604
4.970853654340483
0
0
0
0
0
0
0
0
0
0
4.222392421336448
0
0
0
8.444784842672895
0
0
0
0
2.347923303420307
0
0
0
0
0
0
0
0
0
0
0
0
0
0
0
6.0
0
0
0
2.347923303420307
1.3343545280186881
0
0
0
2.106915203916512
0
0
0
0
5.807354922057604
0
0
0
0
0
0
0
0
0
0
0
0
0
0
0
0
0
0
0
6.0
0
0
0
0
9.03677461028802
0
0
0
0
0
0
0
0
4.807354922057604
33.0
0
0
0
3.4854268271702415
0
0
9.614709844115207
0
9.614709844115207
0
0
0
4.807354922057604
0
0
3.2294196882304163
3.807354922057604
0
0
0.0
0
7.04376991026092
0
0
0
0
0
0
0
0
0
5.807354922057604
0
0
0
0
0
0
0
0
0
0
0
0
0
0
0
0
0
0
0
0
0
1.3479233034203069
9.0
0
0
0
2.104934839788271
0
0
0
9.614709844115207
17.42206476617281
0
2.807354922057604
0
0
0
0
0
3.0979442322817916
3.4126344466829153
0
0
0
0
0
0
9.688259064691248
1.2837929660005913
7.427134135851209
0
0
0
0
0
0
0
0
0
0
0
5.807354922057604
0
27.41194302208691
0
0
0
7.307971009485252
5.807354922057604
0
0
0
0
0
3.2748598412305836
4.807354922057604
8.391411129210278
0
0
0
0
0
0
0
6.866647224292356
0
0
9.667177264009345
0
0
0
0.15597125119766614
0
0
5.807354922057604
0
7.912289761845875
0
0
0
0
0
0
0
0
0
0
0
0
0
0
0
0
0
0
0
0
0
0
0
0
5.807354922057604
0
11.614709844115207
1.6264900167182
0
0
0
0
0
0
0
0
5.807354922057604
3.0
0
0
0
0
0
0
0
0
2.222392421336448
0
0
0
0
0
0
0
0
0
0
0
0
0
0
0
0
0
0
0
17.427134135851208
0
0
0
0
0
0
3.807354922057604
0
0
0
0
0
0
0
0
0
0
27.389897650914655
0
5.807354922057604
0
6.0
17.427134135851208
5.807354922057604
4.222392421336448
6.444784842672896
0
0
0
0
0
0
1.4854268271702418
0
0
0
0
0
0
5.614709844115208
0
0
0
0
0
0
0
0
0
0
0
0
8.880904142633645
0
15.203714611592686
0
8.0
3.0
5.807354922057604
0
0
0
0
0
0
4.222392421336448
0
6.549719682461167
0
0
0
0
0
0
0
0
0
0
0
0
0
0
11.614709844115207
0
0
0
5.807354922057604
0
0
0
0
0
0
6.444784842672896
10.549719682461166
96.40692311879235
0
0
0
0
0
3.222392421336448
0
0
4.6782822258420556
14.0
0
0
0
0
0
0
0
0
0
0
0
12.667177264009343
0
0
0
0
2.4854268271702415
3.4854268271702415
0
1.5658581095860673
0
0
0
0
0
0
0
1.0691520391651188
0
0
0
0
0
0
0
0
0
0
4.695846606840614
0
0
8.444784842672895
0
0
2.4854268271702415
0
1.7198920808072646
0
3.8009286528981714
1.6374299206152918
0
0
0
0
0
0
0
0
0
0
0
3.528201729244892
0
58.0
17.42206476617281
5.807354922057604
5.807354922057604
0
0
0
3.2748598412305836
0
0
0
0
4.462009444307043
2.6374299206152916
2.807354922057604
0
0
0
0
0
1.3561438102252754
0
0
0
0
0
0
0
1.9004643264490857
22.844129532345626
0
0
0
0
0
0
0
0
11.32029999423075
7.614709844115208
0
0
17.397987790191692
0
0
3.222392421336448
0
0
0
0
0
0
0
0
0
0
4.807354922057604
0
0
1.8073549220576042
3.3903595255631886
0
0
0
3.827156337623375
0
5.807354922057604
0
4.807354922057604
0
0
0
11.614709844115207
0
0
0
0
0
0
0
0
2.5675859320011827
0
0
0
0
0
0
0
9.0
0
0
0
0.0
0
0
12.641491223499072
6.320745611749536
0
0
0
0
0
0
0
3.7420321370779157
0
5.807354922057604
0
0
0
0
0
19.883414617361932
0
0
0
0
0
29.895077821432718
0
0
0
0
0
0
1.4150374992788437
0
0
0
0
0
0
0
0
0.41503749927884376
0
0
3.4854268271702415
0
0
0
0
0
0
0
0
0
0
0
0
0.7198920808072646
5.807354922057604
0
0
0
0
0
3.0
0
0
0
0
0
0
0
0
0
0
0
0
0
302.86336008962905
0
0
0
0
4.222392421336448
0
0
0
0
0
1.660149997115375
0
0
0
0
0
6.444784842672896
6.970853654340483
5.807354922057604
0
0
4.319352484843588
0
0
0
0
2.104934839788271
0
0
0
0
0
0
0
5.807354922057604
0
0
0
0
0
0
0
0
0
0
0
0
0
0
0
0
0
0
0
0
3.2748598412305836
0
0
0
0
0
0
0
5.807354922057604
0
0
0.6780719051126377
0
0
0
0
0
0
0
0
0
0
0
0
0
0
0
0
0
0
0.9493739269300321
0
0
0
0
0
0
0
0
0
0
0
0
0
0
0
0
0
0
0
0
10.456280481510724
0
1.1351718640023654
3.4854268271702415
21.11196210668224
0
0
5.807354922057604
0
0
0
0
11.614709844115207
0
0
0
0
0
0
0
0
0
2.1254835196774344
0
0
0
0
0
0
0
4.222392421336448
0
0
0
0
0
0
0
0
0
0
0
0
0
0
0
0
0
0
6.320745611749536
0
0
0
5.807354922057604
0
0
1.222392421336448
0
0
2.2138304078330235
0
0
0
0
0
0
5.807354922057604
7.203714611592685
2.6374299206152916
0
0.6374299206152918
0
0
0
9.941707308680966
5.807354922057604
0
18.0
0
0
0
0.0
5.807354922057604
0
0
3.4854268271702415
0
0
0
5.807354922057604
0
13.386028332921128
0
0
0
0
0
0
0
0
3.222392421336448
0
0
0
0
0
0
17.42206476617281
9.0
0
4.807354922057604
0
0
3.4854268271702415
0
5.807354922057604
2.8335211818082815
0
0
0
0
0
0
0
0
0
0
0
9.614709844115207
39.302968908806456
0
0
0
0
0
4.222392421336448
0
5.807354922057604
0
0
3.807354922057604
0
0
0
0
17.42206476617281
0
0
0
0
0
0
0
0
0
0
0
0
0.8578418815871637
0
0
0
0
0
0
0
9.614709844115207
0
0
23.229419688230415
5.807354922057604
0
34.84412953234562
0
6.444784842672896
0
0
0
0
0
0
0
0
0
0
0
0
3.4854268271702415
0
0
0
7.04376991026092
0
0
0
0
0
12.0
5.807354922057604
0
0
3.0
4.807354922057604
29.686992551008352
0
0
4.807354922057604
0
5.807354922057604
0
0
0
0
0
4.222392421336448
0
4.807354922057604
0
0
0
2.4854268271702415
0
0
0
3.4854268271702415
0
0
0
0
0
0
0
0
0
4.222392421336448
0
0
0
0
0
1.5411606235391666
0
0
0
3.222392421336448
0
0
0
0
0
0
0
0
6.970853654340483
0
0
0
0
0
0
0.2527660703799667
0
0
0
0
0
0
0
0
9.0
0
4.807354922057604
0
2.5675859320011827
0
7.075187496394219
9.435463123942148
5.274859841230583
0
0
0
0
0
0
0
0
5.422064766172813
0
1.5594274086140185
0
0
1.8073549220576042
1.793704669285963
0
0
0
0
0
0
0
0
0
0
0
0
0
0
0
0
0
4.003063584056064
0
0
3.0
0
0
0
11.614709844115207
0
0
0
3.807354922057604
0
0
0
0
0
0
1.2837929660005913
0
0
5.039244565650852
7.427134135851209
0.7705803117695833
0
0
0
0
0
1.1069152039165118
0
0
8.444784842672895
1.8888271161888774
0
0
0
6.970853654340483
0
0
0
0
0
0
0
0
0
0
0
0
8.422064766172813
0
3.0
0
4.222392421336448
5.807354922057604
0
16.43546312394215
2.701392979347257
0
2.104934839788271
0
3.0
0
0
0
0
1.6374299206152918
0
0
0
34.84412953234562
4.807354922057604
0
0
0
2.5594758350121865
0
5.159676242421794
0
0
0
6.243445252013009
5.807354922057604
5.614709844115208
8.422064766172813
0
0
0
0
0
4.222392421336448
0
0
4.807354922057604
0
0
0
2.6374299206152916
0
1.0439054063907116
41.5691632073249
0
0
3.0
3.2294196882304163
0
0
0
0
0
0
5.807354922057604
0
0
1.8987478538600642
0
0
0
0
0
0
0
0
0
7.614709844115208
0
0
0
0
0
12.667177264009343
0
0
0
40.651484454403224
17.42206476617281
0
0
0
1.739616517101534
0
0
0
0
0
0
0
6.0
0
0
0
0
0
0
0
2.288882408097452
0
0
0.5246741989413548
0
2.5594758350121865
0
0
0
6.418964830002957
0
0
0
2.347923303420307
0
0
0
0
4.222392421336448
0
0
2.6374299206152916
0
0
0
0
0
0.8531586116707288
1.6191549610333036
0
5.807354922057604
0
0
0
0
0
0
0
0
0
0
4.807354922057604
0
0
0
5.807354922057604
4.807354922057604
0
0
0
0
0
0
0
2.087810812781423
0
0
0
0
16.88956968534579
0
0
0
0
0
0
5.701392979347257
0
2.0
19.651484454403228
25.26619429851844
0
0
9.614709844115207
0
0
12.1327713782384
0
6.941040166014447
0
0
0
0
0
0
0
0
0
0
0
0
0
0
0
0
0
2.0
1.9004643264490857
2.0
0
5.807354922057604
0
0
0
4.222392421336448
0.5979015564286544
0
0
0
16.111962106682242
38.45883937646083
0
0
0
0
0
0
0
22.844129532345626
6.0
0
0
6.667177264009345
0
0
0
0
0
0
0
7.334354528018689
5.807354922057604
0
0
0
0
5.807354922057604
0
1.793704669285963
0
0
0
0
17.427134135851208
5.807354922057604
0
4.222392421336448
12.0
0
0
1.456280481510725
0
0
0
0
0.2698591601722173
0
0
0
3.0
0
2.807354922057604
0
0
0
0
22.458839376460833
0
0
0
0
2.347923303420307
0
0
8.422064766172813
0
0
0
0
0
0
0
0
11.614709844115207
0
0
4.0
0
0
2.807354922057604
0
0
0
0
0
0
0
0
5.807354922057604
0
0
0
0
0
0
0
0
2.0751874963942187
0
0
0
0
0
6.0
0
0
11.614709844115207
0
0
0
0
0.5246741989413548
0
12.427134135851208
0
0
5.807354922057604
4.222392421336448
2.524014605823435
0
0
0
0
0
0
0
0
0
0
2.106915203916512
3.222392421336448
0
0
0
0
8.422064766172813
0
6.785385141539625
0
0
0
0
0
0
0
0
1.9004643264490857
0
0
0
0
4.222392421336448
0
0
0.5978897962577201
11.229419688230417
0
0
12.667177264009343
0.7198920808072646
0
3.6147098441152083
0
0
0
0
0
0
0
0
2.087810812781423
0
0
0
0
0
33.0
0
0
0
0
0
0
0
0
5.807354922057604
0
0
0
0
0
0
0
0
0
4.807354922057604
0.851378898001774
0
0
0
0
0
9.614709844115207
0
0
0
0
0
0
0
0
0
0
0
0
0
0
0
0
7.1165574827663365
5.807354922057604
0
1.1760672430816306
0
0
0
0
0
0
23.176067243081633
3.222392421336448
0
6.980992393697278
0
24.0
0
20.90510759093994
0
0
0
5.807354922057604
0
0
0
0
27.339695098872657
0
0
0
0
0
6.970853654340483
6.444784842672896
0
0
0
6.970853654340483
0
0
0
0
0
0
0
0
0
4.807354922057604
5.807354922057604
0
0
0
0.0
0
7.772720233572507
0
0
0
5.807354922057604
0
5.807354922057604
1.3494087523185616
0
3.373239502152716
0
5.807354922057604
0
0
0
0
14.389897650914653
0
0
0
4.807354922057604
0
0
0
0
0
6.785385141539625
0
2.989507782143272
0
0
0
0
0
0
0
0
0
3.807354922057604
0
0
0
0
0
0
0
0
3.0
0
0
0
0
0
0
0
0
2.326997464565759
0
0
0
0
0
0
0
0
0
3.1574022596824065
0
0
0
0
0
0
174.22064766172812
0
0
0
0
2.0
0
24.0
2.106915203916512
2.347923303420307
75.0
0
5.807354922057604
5.807354922057604
0
3.320745611749535
0
0
0
0
0
0
0
0
0.0
0
0
0
0
0
0
0
0
0
0.3971723374720246
0
0
0
0.6374299206152918
0
0
0
0
0
0
19.33435452801869
0
0
0
0
0
6.0
0
0
0
0
0
0
0
0
0
0
4.222392421336448
0
0
2.4624684923265523
0
0
1.7063172233414576
0
0
1.5259216053983014
0
0
0
0
2.222392421336448
0
0
2.5636620216360644
0
0
4.807354922057604
5.807354922057604
0
0.0
0
0
0
0
1.836359696294742
0
4.222392421336448
0
0
0
0
0
0
0
0
0
0
0
0
0
0
0
0
0
0
0
0
0
0
2.5043860132511457
0
0
0
0
0
0
0
0
0
0
0
0
0
0
0
0
0
0
0
0
0
0
0
0
0
0
0
0
0
0
2.4854268271702415
0
1.6147098441152081
0
0
0
0
0
0
0
0
0
0
9.667177264009345
5.807354922057604
8.0
0
0
0
0
0
0
0
0
0
0
0
9.614709844115207
0
0
0
0
0
0
0
4.807354922057604
0
0
11.614709844115207
0
0
0
0
0
0
1.9054508367775314
0
0
0
3.4854268271702415
0
0
0
0
0
5.660149997115375
2.4854268271702415
5.807354922057604
0
0
0
0
0
0
0
0
0
0
0
0
0
0
0
0
0
0
0
0
16.88956968534579
5.807354922057604
0
0
0
10.471488590545917
0
0
2.9708536543404835
0
0
0
0
0
0
4.807354922057604
0
0
0
0
0
4.807354922057604
0
0
0
14.03677461028802
0
0
0.0
0
5.807354922057604
0
2.8795683232290585
0
0
0
0
0
0
0
0
0
0
3.222392421336448
0
0
0
0
0
0
0
0
0
0
0
8.419739359153084
2.106915203916512
0
0
0
0
0
0
5.807354922057604
0
0
0
0
0
0
0
0
0
0
0
0
0
0
4.807354922057604
0
0
0
2.347923303420307
9.614709844115207
0
0
0
0
0
0
0
5.807354922057604
0
0
0
0
0
0
4.502321632245428
0
0
0
0
0
0.6671772640093441
0
0
0
3.807354922057604
0
11.739616517101535
0
0
5.807354922057604
0
3.222392421336448
0
0
0
0
0
0
0
0
0
0
0
0
0
0
0
0
0
0
0
0
11.32029999423075
0
0
0
0
0
11.001531792028032
5.807354922057604
0
0.6958466068406136
0
0
0
0
3.807354922057604
0
0
2.549719682461167
8.0
18.0
3.807354922057604
4.807354922057604
0
0
1.6374299206152918
0
3.807354922057604
19.03677461028802
0
0
0
0
0
11.11196210668224
0
0
0
9.502321632245428
3.222392421336448
0
0
0
0
0
0
0
0
0
0
0
4.0
0
1.1958031128573088
0
1.8073549220576042
0
0
0
0
0
0
0
0
0
0
0
0
0
0
0
0
0
0
0
0
0
0
0
0
0
0
0
0
0
0
0
17.427134135851208
0
0
0
0
0
0
0
0
0
0
0
0
0
0
0
2.106915203916512
3.635116933161404
0
0
5.807354922057604
0
19.33435452801869
0
5.274859841230583
0
0
0
0
0
0
4.807354922057604
0
0
0
0
0
0
3.0
0
0
0
0
0
0
12.667177264009343
0
0
0
0
0
0
0
0
0
0
0
0
0
0
0
54.78067116271962
14.24060890395048
0
0
0
0
0
0
0
0
0
0
0
0
0
0
1.4150374992788437
0
0
0
0
0
0
0
0
0
0
0
0
0
0
0
1.3479233034203069
0
0
0
0
0
0
0
0
0
0
0
0
0
0
0
0
0
0
0
0
0
0
0
2.807354922057604
0
5.807354922057604
0
0
0
0
0
7.614709844115208
4.222392421336448
0
0
7.456280481510724
0
0
0
0
0.5219527031953558
0
4.970853654340483
0
0
0
0
0
0
0
0
0
3.807354922057604
0
5.274859841230583
0
0
0
0
0
0
0
0
0
0
0
0
0
0
0
0
0
0
0
0
0
0
0
0
0
0
0
0
0
0
0
0
0
0
0
0
5.274859841230583
0.5560412724608343
57.11032383086406
0
4.807354922057604
0
0
0
0
0
1.8073549220576042
0
0
162.0
0
0
4.222392421336448
0
0
9.614709844115207
5.807354922057604
0
0
0
0
0
0
0
10.844129532345626
0
0
0
0
0.5594274086140185
0
0
0
0
0
0
5.807354922057604
0
3.4397841616145293
0
0
0
0
0
0
0
0
0
0
10.456280481510724
0
0
0
0
0
0
0
0
0
0
0
0
0
0
0
0
0
9.667177264009345
0
0
0
0
0
23.229419688230415
3.4397841616145293
0
0
0
2.288882408097452
0
0
0
0
5.807354922057604
0
10.91599186029813
5.807354922057604
5.807354922057604
0
6.64149122349907
0
0
0
0
0.4498029174395205
0
0
0
0
0
0
1.7198920808072646
0
3.2748598412305836
2.4854268271702415
0
0
0
0
0
0
0
2.807354922057604
0
0
0
0
0
0
1.5594274086140185
0
4.807354922057604
0
0
0
0
0
0
0
0
0
0
0
0
0
0
0
0
0
0
0
0
0
0
0
0
0
0
0
0
0
0
0
0
0
2.222392421336448
0
0
0
0
5.807354922057604
0
0
0
3.118854817228037
0
0
0
0
0
0
0
0
0
0
0
0
0
0
0
0
0
0
0
0
0
0
0
0
0
0
7.614709844115208
5.807354922057604
25.334354528018686
0
5.807354922057604
13.941707308680966
2.6958466068406137
5.807354922057604
0
0
0
0
0
0
0
0
0
6.444784842672896
0
0
0
0
0
0
0
0
0
0
0
0
0.6780719051126377
0
0
4.807354922057604
0
0
0
0
0
0
0
7.075187496394219
3.807354922057604
4.807354922057604
0
0
0
0
0
0
0
0
0
0
4.807354922057604
0
0
0
0
0
0
0
1.5259216053983014
0
0
0
0
0
0.6780719051126377
0
4.222392421336448
0
0
0
13.3032502851436
5.614709844115208
0
6.444784842672896
4.807354922057604
0
0
0
0
0
0
0
0
0
9.905262494951906
0
0
0
0
0
0
0
0
0
0
0
0
0
0
0
0
0
0
0
0
0
0
0
11.614709844115207
5.807354922057604
0
0
31.111168491690545
0
0
0
3.807354922057604
5.807354922057604
0
0
0
0
0
0
0
0
0
0
0
0
0
0
0
3.6147098441152083
0
0
0
0
0
0
0
0
0
0
0
0
0
2.326997464565759
0
0
0
0
3.4854268271702415
0
0
0
0
0
0
0
0
0
0
0
0
0
0
0
0
0
0
0
4.807354922057604
0
0
0
0.8531586116707288
0
0
0
0
0
5.701392979347257
0
12.667177264009343
0
0
0
4.74686963465016
0
4.892633269401856
0
5.807354922057604
0
0
5.807354922057604
0
0
0
0
0
0
0
0
0
0
0
0
0
0
0
0
0
0
0
0
0
0
0
0
0
0
0
0
0
4.807354922057604
6.444784842672896
0
0
0
0
0
0
0
0
0
5.159676242421794
0
0
0
0
0
11.614709844115207
0
0
0
0
0
1.1069152039165118
0
0
8.144491125980156
0
9.384744728378017
0
0
0
0
0
50.50451212378822
22.458839376460833
5.807354922057604
0
0
4.209869679576542
0
0
0
0
0
10.456280481510724
0
8.444784842672895
0
0
0
0.44478484267289603
0
0
0
0
0
50.821632296435624
5.807354922057604
0
0
5.807354922057604
0
0
3.807354922057604
4.807354922057604
0
0
0
0.9708536543404833
0
4.0
2.4854268271702415
0
0
27.883414617361932
0
0
0
0
0
0
0
4.222392421336448
0
0
0
1.118854817228037
0
0
28.0
8.797581946018331
0
10.27034372800473
0
0
0
0
0
0
0
0
9.614709844115207
0
0
3.807354922057604
0
0
0
0
0
0
23.229419688230415
0
0
0
0
0
0
0
0
0
0
0
0
0
5.807354922057604
9.614709844115207
0
0
0
0
0
0
0
6.8795683232290585
0
0
0
0
1.0
0
0
0
0
0
1.0524674198941355
0
0
0
1.2620073029117176
35.42128652532838
0
5.807354922057604
3.4854268271702415
0
0
3.0
0
0
0
1.793704669285963
0
0
0
0
0
0
0
0
0
0
4.970853654340483
2.807354922057604
0
0
3.4854268271702415
2.701392979347257
0
4.222392421336448
0
3.2748598412305836
0
0
0
3.4854268271702415
0
0
0
0
0
0
0
0
0
0
2.4854268271702415
0
0
0
0
2.8300749985576874
0
0
0
2.222392421336448
0
0
0
0
0
4.222392421336448
0
0
0
0
0
0
0
0
0
0
0
0
0
0
5.807354922057604
0
4.222392421336448
3.222392421336448
0
0
0
0
0
0
0
2.833240674283316
0
0
8.422064766172813
0
14.389897650914653
0
0
0
0
0
0
0
0
7.614709844115208
0
0
0
0
0
0
0
0
0
12.667177264009343
0
1.222392421336448
7.272556311982241
3.4854268271702415
0
5.807354922057604
7.594991415440257
9.614709844115207
0
0
0
0
0
0
0
0
0
0
0
16.88956968534579
0
5.701392979347257
0
0
0
0
0
2.807354922057604
8.444784842672895
0
0
1.6374299206152918
0
0
0
0
0
0
0
1.1069152039165118
0
0
0
0
0
0
0
0.22239242133644802
0
2.034215715337913
0
0
12.667177264009343
0
11.614709844115207
0
0
0
0
9.0
6.444784842672896
1.7198920808072646
0
0
0
0
0
0
0
0
0
0
0
0
0
0
0
0
0
0
0
5.807354922057604
3.807354922057604
0
0
0
0
0
0
0
5.807354922057604
0
0
0
0
0
0.8073549220576041
0
0
0
4.213830407833024
0
0
0
0
0
0
0
0
0
0
0
0
1.6376981375754942
0
0
0
0
0
0
0
23.229419688230415
0
0
0
0
0
12.427134135851208
0
0
0
0
0
0
0
0
2.2703437280047307
21.0
0
0
0
0
7.797137043070093
2.807354922057604
4.807354922057604
7.912289761845875
0
2.9708536543404835
0
0
0
0
10.456280481510724
0
0
0
0
0
0
0
0
0
0
0
5.807354922057604
0
9.502321632245428
2.9708536543404835
3.807354922057604
1.524360669422025
0
0
0
5.807354922057604
8.91256096302145
0
0
0
0
0
1.1634987322828796
0
0
0
0
0
0
0
0
0
0
0
7.614709844115208
5.807354922057604
24.03677461028802
0
0
0
0
0
0
0
0
0
0
0
0
0
0
0
0
0
0
0
0
0
0
6.444784842672896
0
0
0
0
0
0
0
0
0
0
0
0
0
0
0
0
3.2294196882304163
3.2294196882304163
0
0
0
0
0.20796166826355483
0
5.274859841230583
0
5.807354922057604
0
0
0
0
0
0
0
3.0
0
0
5.807354922057604
0
0
0
0
0
0
0
0
0
0
0
0
0
0
0
0
5.422064766172813
0
0
0
0
0
0
0
0.3155018257279294
2.807354922057604
0
0
0
2.222392421336448
0
0
0
0
0
0
0
0
0
0
0
0
0.7629608026991507
0
0
0
0
0
0
0
0
0
0
0
0
0.48542682717024166
0
0
3.0
0
0
0
0
0
4.222392421336448
22.0
0
0
0
4.222392421336448
11.614709844115207
8.444784842672895
5.807354922057604
3.807354922057604
0
0
0
0
0
6.970853654340483
0
0
1.222392421336448
5.807354922057604
0
0
0
0
0
0
0
0
0
0
0
0
0
1.8073549220576042
3.0
6.11196210668224
0
7.614709844115208
0
0
0
0
0
0
0
0
0
0
0
0
0
0
0
0
0
0
0
0
0
0
0
0
0.19264507794239583
0
0
0
0
10.456280481510724
0
0
0
0
5.941707308680967
0
5.807354922057604
0
0
0
0
4.807354922057604
0
0
0
0
0
0
0
0
0
0
0
0
0
0
0
5.807354922057604
0
0
0
0
0
0
0
0
0
0
0
0
0
0
0
0
0
0
1.0
0
0.9465054771837882
0
0
0
0
3.4854268271702415
0
0
0
0
0.8095774805166518
1.7198920808072646
0
1.222392421336448
0
0
6.970853654340483
0
6.64149122349907
1.9004643264490857
5.807354922057604
27.339695098872657
0
0
0
0
0
0
0
0
0
0
0
3.222392421336448
2.524014605823435
0
0
0
0
0
0
0
0
0
0
0
0
0
0
0
0
2.807354922057604
28.844129532345622
0
0
0
0
0
31.368841444532173
5.807354922057604
25.61054276498583
3.222392421336448
0
0
0
0
2.8300749985576874
5.807354922057604
0
0
0
0
0
0
3.222392421336448
0
0
0
12.65148445440323
0
0
3.490496196848639
0
0
0
0
12.667177264009343
7.04376991026092
0.48542682717024166
0
0
0
0
0
0
8.444784842672895
0
0
0
0
0
2.807354922057604
0
1.817558466580702
0.8895696853457921
0
0
0
0.0
0
11.614709844115207
11.614709844115207
17.42206476617281
12.621097506426283
0
5.807354922057604
0
0.18196645973061049
0
5.807354922057604
1.1542832376709806
0
0
0
2.524014605823435
0
5.394062182387083
4.807354922057604
0
5.807354922057604
1.9619847873945546
5.807354922057604
9.729283556402581
0
3.222392421336448
35.94620304801656
6.549719682461167
0
8.088514252158934
0
0
61.0
0
0
0
0
0
4.222392421336448
0
0
0.0
0
0
5.807354922057604
5.807354922057604
0
0.7943446749440491
5.807354922057604
0
5.807354922057604
14.08753982052184
0.5979015564286544
0
5.422064766172813
0
0
0
0
5.759136646458117
0
0
0
0
0
0
0
0
1.11196210668224
3.0
0
0
0
0
0
0
0
0
0
9.614709844115207
0.6238850047906646
0
0
0
0
5.807354922057604
0
6.0
5.807354922057604
0
2.8395164315513646
0.4047887402583259
0
0
0
12.641491223499072
5.807354922057604
0
0
0
0
5.807354922057604
0
9.614709844115207
0
5.807354922057604
1.8073549220576042
0
0.7198920808072646
1.3479233034203069
0
1.4150374992788437
0
0
0
0
0
0
0
4.807354922057604
0
0
0
6.11196210668224
5.807354922057604
0
2.9708536543404835
15.229419688230417
3.807354922057604
2.106915203916512
0
0
0
0
0
0
0
0
0
0
0
0
21.13130973078276
0
0
1.702757796003548
0
0
0
10.456280481510724
7.614709844115208
0
0
0
0
0
0
0
0
6.970853654340483
0
0
0
0
0
0
0
0
0
0
0
0
0
0
0
0
4.807354922057604
0
0
0
0
0
0
3.222392421336448
0
0
0
8.444784842672895
8.91256096302145
0
0
0
0
0
0
0
0
0
0
0
0
3.807354922057604
0
0
0
0
0
0
0
0
0
1.3479233034203069
0
0
35.190327784073325
0
0
0
0
3.1574022596824065
0
0
5.807354922057604
0
0
0
0
0
5.807354922057604
0
0
0
0
3.4397841616145293
0
0
0
0
0
0
0
0
0
0
0
3.1574022596824065
0
0
0
0
5.807354922057604
0.23395687679649918
0
0
0
0
0
0
7.614709844115208
0
0
0
16.844129532345626
5.807354922057604
0
0
0
0
0
0
0
0
0
0.9632253897119791
0
0
5.807354922057604
0
0
0
0
7.797137043070093
0
0
0
0
0
0
0
0
0
0
0
0
5.274859841230583
0
3.222392421336448
0
0
0
0
3.807354922057604
5.807354922057604
0
0
0
0
0
0
0
0
0
0
0
0
0
3.4854268271702415
0.6746479004305432
0
0
11.614709844115207
0
0
0
0
0
0
0
0
0
0
0
0
0
0
0
0
0
0
0
0
0
0
0
0
0
0
0
0
0
0
0
0
1.8073549220576042
0
0
0
0
0
0
0
0
0
0
0
0
0
0
0
0
0
0
0
0
6.64149122349907
2.5594758350121865
0
0
0
6.320745611749536
0
5.807354922057604
0
0
0
0
0
0
0
0
0
0
0
0
0
0
0
0
5.807354922057604
0
0
8.444784842672895
0
0
0
0
0
0
0
0
0
0
0
0
0
20.75187496394219
0
0
2.6958466068406137
0
0
0
0
7.614709844115208
5.807354922057604
0
21.0
0
0
0
0
0
0
3.851378898001774
0
0
2.347923303420307
5.807354922057604
0
0
0
0
0
0
0
0
0
0
0
0
19.33435452801869
0
0
0
0
0
0
0
0
0
0
0
9.614709844115207
0
0
0
0
0
0
0
0
0
1.660149997115375
0
0
0
0
0
0
0
9.301622740736534
0
0
7.334354528018689
5.807354922057604
5.807354922057604
9.667177264009345
9.614709844115207
0
0
0
0
0
1.4854268271702418
9.614709844115207
0
0
0.48542682717024166
0
1.2592180774592516
26.66870905603738
5.807354922057604
1.0
0
0
0
0
0
0
0
0
0
0
0
0
0
0
0
0
5.274859841230583
23.229419688230415
0
0
0
0
0
0
6.970853654340483
6.0
0
0
0
0
0
0
5.807354922057604
5.392066354011235
0
0
6.444784842672896
0
0
0
0
0
0
0
0
0
0
0
0
0
4.222392421336448
0
7.3672719392589485
0
0
17.42206476617281
5.807354922057604
5.807354922057604
0
0
0
27.301075573463322
0
0
0
5.807354922057604
0
6.237709634456074
3.5081690822388247
0
0
0
0
0.9004643264490856
0
4.051157842214651
0
5.807354922057604
23.176067243081633
4.807354922057604
5.231959433052146
0
6.3105487532131415
0
0
0
14.034846677526167
5.397635009274246
2.159676242421794
0
0
0
0.0
0
4.222392421336448
3.6018573057963423
5.807354922057604
0
0
11.614709844115207
0
0
7.829290547930337
5.807354922057604
0
0
0
0
0
3.4854268271702415
0
0
0
0
0.0
0
0
0
0
0
0
5.219527031953558
0
0
0
5.807354922057604
0
6.970853654340483
0
0
0
0
0
3.222392421336448
0.0
0
0
0
1.6374299206152918
2.9708536543404835
0
0
0
0
5.807354922057604
2.698817504637123
13.187149603076458
3.807354922057604
0
0
5.807354922057604
4.653994929131518
0
2.7833864273624545
0.851378898001774
2.6374299206152916
0
0
0
2.0751874963942187
0
1.889014121205521
0
4.807354922057604
0
0
3.807354922057604
10.471488590545917
0
2.444784842672896
0
0
12.866162477644156
5.807354922057604
12.641491223499072
9.614709844115207
0
0
0
3.807354922057604
0
0
0
5.159676242421794
0
0
0
0
0
0
0
0
0
38.00153179202803
2.4287324415499554
0
5.807354922057604
0
0
0
0
0
0
17.42206476617281
0
56.13938671010467
23.229419688230415
12.039244565650852
5.807354922057604
1.0
4.0
3.9772669055404863
4.807354922057604
0
0
15.0
0
0.7198920808072646
0
0
1.7984860551116753
17.198920808072646
0
4.222392421336448
3.807354922057604
0
4.807354922057604
6.739616517101535
0
0
0
0
0
