0
0
0
0
0
0
0
0
0
0
0
0
0
0
0
0
0
0
0
0
0
0
0
0
0
0
0
0
0
0
0
0
0
0
0
0
0
0
0
0
0
0
0
0
0
0
3.0
0
0
0
0
0
0
0
0
0
0
0
0
0
0
0
0
0
0
0
0
0
0
0
0
0
0
0
1.7198920808072646
0
0
0
0
0
0
0
0
1.1069152039165118
0
0
2.5675859320011827
0
0
0
0
0
2.4854268271702415
0
0
0
0
4.807354922057604
0
0
0
0
0
0
0
0
0
0
0
0
0
0
0
0
0
0
0
0
0
0
0
0
0
0
0
0
0
0
0
0
0
0
0
0
0
0
0
0
0
0
0
0
0
0
0
0
0
0
0
0
0
0
0
0
0
0
0
0
0
0
0
0
0
0
0
0
0
0
0
0
0
0
0
0
0
0
0
0
0
0
0
0
0
0
0
0
0
0
0
4.807354922057604
0
0
0
0
0
0
0
0
0
0
0
0
0
0
0
0
0
0
0
0
0
0
0
0
0
0
0
0
0
0
0
0
0
0
0
0
0
0
0
2.347923303420307
0
0
0
0
0
0
0
0
0
0
0
0
0
0
0
0
0
0
0
0
0
0
0
0
0
0
2.2138304078330235
0
0
0
0
0
0
0
0
0
0
0
0
0
2.6374299206152916
0
0
0
0
0
0
0
0
0
0
0
0
0
0
2.4854268271702415
0
0
0
0
0
0
0
0
0
0
0
1.8073549220576042
0
0
0
2.347923303420307
0
0
0
0
0
0
2.106915203916512
0
0
0
0
0
3.807354922057604
0
0
0
0
0
0
0
0
0
0
0
0
0
0
2.4854268271702415
0
0
0
0
0
0
0
0
2.222392421336448
0
0
0
0
0
0
5.807354922057604
0
0
0
0
5.614709844115208
0
0
0
0
0
0
0
0
0
0
0
0
0
0
0
0
0
0
0
0
0
0
0
0.5560412724608343
0
0
0
0
0
0
0
0
0
0
0
0
0
0
0
0
0
0
0
0
0.7198920808072646
0
0
0
0
0
3.0
0
0
0
0
0
0
0
0
0
0
0
0
0
0
0
0
0
0
0
0
0
0
0
1.1634987322828796
0
0
0
2.106915203916512
0
0
0
0
0
0
0
0
0
0
0
0
0
3.4854268271702415
0
0
0
4.222392421336448
0
0
0
0
0
0
0
0
0
0
3.222392421336448
0
0
4.222392421336448
0
0
0
0
0
0
0
0
0
0
0
0
0
0
0
0
0
0
0
0
0
0
0
0
0
0
0
0
0
0
0
0
3.2294196882304163
0
0.16349873228287956
0
0
0
0.3971723374720246
0
0.5979015564286544
1.6374299206152918
0
0
1.7063172233414576
0
0
0
0
0
0
0
0
0
0
0
0
0
0
3.222392421336448
0
0
0
0
0
0
0
0
0
0
1.6374299206152918
0
0
0
0
2.222392421336448
0
0
0
0
0
0
0
0
0
1.4150374992788437
0
0
0
1.8073549220576042
0
0
0
0
0
0.07798562559883307
0
0
0
0
8.444784842672895
0
0
0
0
0
0
0
0.0
0
0.4939089621259427
0
0
0
0
0
0
2.0
0
0
0.025995208532944354
0
0
0
0
0
0
0
0
0
0
0
0
0
0
0
0
0
0
0
0
0
0
0
0
0.3155018257279294
0
0
0
0
0
0
0
0
0
0
0
0
0
0
0
0
0
0
0
0
0.4498029174395205
0
0
0
0
2.288882408097452
0
1.1634987322828796
0
0
0
0
0
0
0
0
0
0
0
4.807354922057604
0
0
0
0
0
0
0
0
0
0
0
0
0
0
0.6780719051126377
0
0
0
0
0
0
0
0
0
0
0
0
0
0
0
0
0
0
0
0
0
0
0
0
0
0
0
0
0.7198920808072646
0
0
0
0
0
0
0
0
0
0
0
0
0
0
0
0
0
0
0
0
0
0
0.9493739269300321
0
0
0
0
0
0
0
2.4854268271702415
0
0
0
0
0
0
0
0
0
0
0
0
0
0
0
0
0
0
0
0
0
0
0
0
0
7.075187496394219
0
0
0
0
0
3.807354922057604
0
0
0
0
0
0
0
0
0
0
0
0
0
0
0
0
0
0
0
0
0
0
0
0
0
0
0
0
0
0
0
0
0
0.9004643264490856
0
0
0
0
0
0
0.5397183203444346
0
0
0
0
0
0
0
0
1.222392421336448
0
0
0
0
0
0
0
0
0
0
0
1.4854268271702418
0
0
0
0
0
0
0
0
0
0
0
0
0
0
0
0
0
0
0
0
0
0
0
0
0
0
0
0
0
0
0
0
0
0
0
0
0
0
1.7198920808072646
0
0
0
0.9708536543404833
1.222392421336448
0
0
0
0
0
0
0.2623370994706774
0.16349873228287956
0
0
0
0
0
0
0
0
0
0
0
0
0
0
0
0
0
0
0
0
0
0
0
0
0
0
0
0
0
0
0
0
5.807354922057604
0
0
0
0
0
0
0
0
2.106915203916512
0
0
0
0
1.0524674198941355
0
0
0
0
0
0
0
0
0
0
0
0
0
0
0
0
1.4150374992788437
0
0
0
0
1.3561438102252754
0
0
0
0
0
0
0
0
1.6374299206152918
0
0
0
0
0
0
0
0
0
0
0
0
0
0
0
0
0
0
0
0
0
0
0
0
0
0
0
0
0
0
0
0
0
0
0
0
0
0
0
0
0
0
0
0
0
0
0
0
0
0
0
0
0
0
0
0
0
0
0
0
0
0
0
0
0
0.8300749985576875
0
0
0
0
0
0
0
0
0
0
0
0
0
0
0
0
0
0
0
0
0
0
0
0
0
0
0
0
0
0
0
0
0
2.5675859320011827
0
0
0
0
0
0
0
0
0
0
0
1.4150374992788437
0
0
0
0
0
0
0
0
0
0
0
1.2638303518998333
0
0
0
0
0
0
0
0
0
0
0
0
0
0
0
0
0
0
0
0
0
0
0
0
0
0
0
0
0
0
0
0
0
0
0
0
0
0
0
0
0
0
0
0
0
0
0
0
0
0.28379296600059134
0
0
0
0
0
0.0
4.807354922057604
0
0
0.0
0
0.7198920808072646
0
0
0
0
2.8481217807900965
1.0524674198941355
0
0
0
0
1.1432705020665188
0
0
0
0
0
0
0
0
0
0
0
5.159676242421794
0
0
0
0
0
0
0
0
0
0
0
0
0
0
1.6374299206152918
0
0
0.7198920808072646
0
2.222392421336448
0
0
0
0
0
0
0
4.213830407833024
0
0
0
0
0
0
0
0
0
0
0
0
0
0
0
0
0
0
0
0
0
0
0
0
0
0
0
0
0
0
0
0
0
0
0
0
0
0
0
0
0
4.807354922057604
0
0
0.41503749927884376
0
0
2.106915203916512
0
0
0
0
0
0
0
0
0
0
0
0
0
0
0
0.6671772640093441
0
0
0
0
0
0
0
0
0
0
0
0
0
0
0
0
0
0
0
0
0
0
0
0
0
0
0
0
0
0
0
0
0
0
0
0
0
0
0
1.3479233034203069
0
0
0.9465054771837882
0
0.5594274086140185
0
0
0
0.3155018257279294
0
0
0
0
0
0
0
0
0
0
0
0
0
0
0
0
0
0
0
0
0
0
0
0
0.9465054771837882
4.807354922057604
0
0
0.7582982111399
0
1.9004643264490857
0
0
0
3.4854268271702415
0
0
0
0
0
7.614709844115208
0
0
0
0
0
0
0
0
0
2.347923303420307
0
0
0
0
0
0
0
0
0
1.4298204148992886
0
0
0
0
0
0
0
0
0
0
0
2.106915203916512
0
0
0
0
0
0
0
0
0
0
0
0
0
0
0
0
0
0
0
0
0
0
0
0
0
0
0
0
0
0
0
0
0
0
0
0
0
0
0
0
0
0
0
0
0
0
0
0
0.3269974645657591
0
0
5.807354922057604
0
1.2837929660005913
0
0
0
3.4854268271702415
2.6374299206152916
0
0
0
0
0
0
0
0
0.6780719051126377
5.807354922057604
0
0
0
3.4854268271702415
0
0.6671772640093441
0
0
0
0
0
0
0
0
0
0
0
0
0
0
0
0
0
0
0
0
0
0
0
0
0
0
0
0
0
0
0
0
0
0
0
0
0
0
0
0
0
0
0
0
0
0
4.807354922057604
5.807354922057604
0
0
0
0
0
0
0
0
0
0
0
0
0
0
0
0
0
0
0
0
0
0
0
0
0
0
0
0
0
0
0
0
0
0
0
0
0
0
0
0
0
0
0
0
0
0
0
0
0
0
0
0
0
0
0
0
1.6147098441152081
0
0
0
0
0
0
0
0
0
0
0
0
0
0
0
0
0
0
0
0
0
0
0
0
0
0
0
0
0
0
0
0
0
0
0
0
0
0
0
0
3.807354922057604
0
0
0
0
0
0
0
2.4854268271702415
0
0
0
0
0
0
0
0
0
0
0
0
0
1.0
0
1.7063172233414576
0
0.3479233034203068
0
0
0
0
0
0
0
0
0.3899281279941653
0
0
0
0
0
0
0
0
1.0
0
0
0
0
0
0
0
0
0
0
0
0
0
0
0
1.7063172233414576
0
0
2.106915203916512
0
0
0
0
0
0
0
0
0.41503749927884376
0
0
0.8531586116707288
0
0
0
0
0
0
0
0
0
0
0
0
0
0
0
0
0
0
0
0
0
0
0
0
0
0
0
0
0
0
0
0
0
0
0
0
2.222392421336448
0
0
0
0
0.6780719051126377
0
0
3.0
0
0
0
0
0
0
0
0
0.8073549220576041
0
0
0
0
0
0
0
0
7.912289761845875
1.4854268271702418
5.807354922057604
0
0
0
0
0
0
0
0
0
0
0
0
0
0
0.13492958008610864
0
0
0
0
0
0
0
0
0
0
1.7693624926597669
0
0
0
0
0
2.6958466068406137
0
0
0
0
0
0
0
0
0
0
0
0
0
0
3.222392421336448
0
0
0
0
0
0
0
1.6374299206152918
0
0
0
0
0
0
0
0
0
0
0
0
0
0
0
0
0
0
0
0
0
0
4.444784842672896
4.807354922057604
0
1.6147098441152081
0
0
0
0
0
0
0
0
0
2.5675859320011827
0
0
0
0
0
5.807354922057604
0
0
0
0
0
0
0
0
0
0
0
0
0
0
0
0
0
0
0
0
0
0
0
0
0
0
0
0
0
0
0
0
0
0
0
4.807354922057604
3.807354922057604
0
0
0
0
0
0
0
0
0
0
0
0
1.222392421336448
5.422064766172813
0
0
0
0
0
6.444784842672896
0
0
0
0
0
0
0
0
0
0
0
0
0
0
0
0
0
0
0
0
0
0
0
0
0
0
0
0
0
0
0
2.6374299206152916
0
0
0
1.2837929660005913
0
0
2.347923303420307
0
0
0
0
0
0
0
0
0
0
3.807354922057604
0
0
0
0
0
0
0
0
0
0
0
0
0
0
0
0
0
0
0
0
0
0
0
0
0
0
0
0
0
0
0
0
0
0
0
0
2.6374299206152916
0
0
0
0
0
0
0
0
0
0
0
0
0
0
0
0
0
0
0
5.807354922057604
0
0
0
0
0
0
0
1.1958031128573088
3.490496196848639
0
0
0
0
0
0
0
0
0
0
0
0
0
0
0
0
0
0
0
0
0
0
0
0
0
0
0
0
0
0
0
0
0
5.807354922057604
0
0
0
0
0
0
0
0
3.222392421336448
0
0
0
0
0
0
0
0
0
0
0
4.807354922057604
0
0
0
0
0
0
0
0
0
0
0
0
0
0
0
1.2837929660005913
0
0
0
0
0
0.3479233034203068
0
0
0
0
0
0
0
0
0
2.2138304078330235
0
0
0
0
0
0
0
0
0.4498029174395205
2.4854268271702415
0
0
0
2.106915203916512
0
0
0
0
0
0
0
0
0
0
0
0
0
0
0
0
0
0
0
0
0
5.807354922057604
4.222392421336448
0
0
0
0
0
0
0
0
0
0
0
0
0
0
0
0
0
0
0
0
0
0
0
0
0
0
0
1.4854268271702418
0
4.0
0
0
0
0
0
0
0
0
0
0
0
0
0
0
0
0
0
0
0
0
0
0
0
0
0
0
0.9708536543404833
0
0
0
0
0
0
0
0
0
0.8073549220576041
0
0
3.222392421336448
0
4.222392421336448
2.222392421336448
0
0
0
0
0
0
0
0
0
0
0
0
0
0
0
0
0
2.807354922057604
0
0
0
0
0
0
0
0
0
0
0
0
0
0
0
0
0
0
0
0
0
0
0
0
0
0
0
0
0
0
0
0
0
0
0
0
0
4.807354922057604
0
1.4854268271702418
0
0
0
0
0
0
0
0
0
0
0
0
0
0
0
0
0
0
0
0
0
0
0
0
0
0
0
0
0
0
0
0
0
0
0
0
0
0
2.444784842672896
0.899605834879041
0
0
0
0
0
0
0
0
0
0
0
0
0
0
0
0
0
0
0
0
0
0
0
0
0
0
0
0
0
3.222392421336448
0
9.614709844115207
0
0
0
2.807354922057604
0
2.807354922057604
0
2.807354922057604
0
0
0
0
0
0
0
0
0
0
0
0
0
0
0
0
0
0
0
0
0
0
0
0
0
0
0
0
0
0
0
0
0
0
0
0
0
0
0
0
0
0
0
0
0
0
0
0
0
0.28379296600059134
0
0
0
0
0
1.0110642815198667
0
0
0
0.05199041706588871
0
0
0
0
0
0
0
0
0
0
0
0
3.4854268271702415
0
0
0
0
0
0
0
0
0
0
0
0
0
0
0
0
0
0
0
0
0
0
0
5.807354922057604
0
0
0
0
0
0
0
0
0
0
0
0
0
0
0
3.222392421336448
0
0
0
0
0
0
0
0
0
0
0
0
0
0
0
0
0
0
0
0
0
0
0
0
0
0
0
0
0
0
0
0
0
0
0
0
0
0
0
0
3.807354922057604
4.807354922057604
0
0
0
0
0
0
0
3.4854268271702415
0
4.222392421336448
0
0
0
0
0
2.6958466068406137
0
0
0
0
1.7063172233414576
0
0.9493739269300321
0
0
0
0
0.48542682717024166
1.0524674198941355
3.0
4.0
0
0
0
0
0
0
5.807354922057604
0
0
0
0
0
0
0
0.38109016735550627
0
0
0
0
0
0
0
0
0
0
0
4.807354922057604
0
0
0
0
0
0
0
0
0
0
0
0
0
0
0
0
0
0
0
0
0
0
0
0
0
0
0
0
0
0
0
0
0
0
0
0
0
0
0
0
0
0
0
0
2.4854268271702415
0
0
1.456280481510725
0
0
0
0
0
0
0
0
0
0
0
0
0
0
1.4854268271702418
0
0
0
0
0
0
0
0
0
0
0
0
0
0
0
0.10691520391651188
0
0
0
0
0
0
0
3.222392421336448
0
0
0
0
0
3.1574022596824065
0
0
0.8531586116707288
0
0
0
0
0
0
0
0
0
0
0
0
0
0
0
0
3.807354922057604
0
0
0
0
0
0
0
0
0
0
2.347923303420307
0
0
0
0
0
1.4150374992788437
0
0
0
0
0
0
0
0
0
0
0
0
0
0
0
0
0
0
0
0
0
0
0.22239242133644802
0
0
0
0
0
0
0
0
0
0
0
0
0
0
0
0
0
0
0
0
0
0
0
0
0
0
0
0
0
0
0
0
0
0
0
0
0
0
0
0
0
0
0
0
0
0
0
0
0
0
0
0
0
0
0
0
0
0
0
0
0
0
0
0.0
0
0
0
0
0
0
0
4.222392421336448
0
0
0
0
0
0
0
0
0
0
0
0
0
0
0
0
0.899605834879041
0
0
0
0
0
0
0
0
0
3.0
0
0
0
0
0
0
0
0
0
3.807354922057604
0
0
0
0
0
0
0.15886893498880983
0
0
0
0
0
0
0
0
0
0
0
0
0
0
0
0
0
0
0
0
0
0
0
0
0
0
1.118854817228037
1.5092548823936933
0
0
0
0
0
0
0
0
0
0
0
3.222392421336448
0
0
0
0
0
0
0
0
0
0
0
0.10398083413177742
0
0
0
0
0
0
0
0
0
0
0
0
0
0
0
0
0
0
0
0
0
2.4854268271702415
0
0
0
0
0
0
0
0
0
0
0.10493483978827096
0
0
0
0
0
0
0
0
0
0
0
0
0
0
0
0
0
0
0
0
0
0
0
0
0
0
0
0
0
0
0
0
0
0
0
0
0
0
0
0
0
0
0
0
0
0
0
0
0
0
0
0
0
0
0
0
0
0
0
0
0
0
0
0
0
0
0
0
0
0
0
0
0
0
0
0
0
0
0
0
0
1.3479233034203069
0
0
0
0
0
0
0
0
0
0
0
1.9004643264490857
0
0
0
0
0
0
0
0
0
0
0
0
0
0
0
0
0
0
0
0
1.8073549220576042
0
0
0
0
0
0
0
2.807354922057604
0
0
0
0
0
0
2.347923303420307
0
0
0
0
0
0
0
0
0
0
0
0
0
0
0
0
0
0
0
0
0
0
0
0
0
0
0
0
0
0
0
0
0
0
0
4.213830407833024
0
0
0
0
0
0
0.10691520391651188
5.807354922057604
0
0
0
0
0
0
0
0
0
0
0
0
0
0
0
0
0
3.4397841616145293
0
0
1.6374299206152918
0
0
0
0
0
0
0
1.9004643264490857
0
0
0
1.9244736704972139
0
0
0
0
0
0
2.106915203916512
0
0
0
0
0
0
0
0
0
0
0
0
0
0
2.034215715337913
0
0
0
0
0
0
1.8073549220576042
0
0
0
1.1634987322828796
0
0
0
0
0
0
0
0
0
0
0
0
0
0
0
0
0
1.8073549220576042
0
0
0
0
0
0
0
0
0
0
0.6780719051126377
0
0
0
1.0437699102609204
0
0
0
0
0
0
0
0
0
0
0
0
0
0
0
0
1.2837929660005913
0
0
0
0
0
0
0
0
0
0
0
0.0
0
0
0
0
0
0
0
0
0
3.4854268271702415
0
0.21383040783302376
4.807354922057604
0
0
0
0
0
0
0
0
0
0
0
0
3.587409338571926
0
0
0.6780719051126377
0
0
0
0
0
0
3.490496196848639
0
0
0
0
0
2.4902249956730627
0
0
0
0
0
0
0
0
0
0
3.222392421336448
0
0
0
0
0.7198920808072646
0
0
0
0
0
0
0
0
0
0
0
0
0
0
0
0
0
0
0
0
0
0
0
0
0
0
0
0
0
0
0
0.41503749927884376
2.106915203916512
1.1069152039165118
0
0
0
0
0
0
0
0
2.159676242421794
0
0
0
0
1.0524674198941355
0
0
2.807354922057604
0
0
0
0
0
3.8009286528981714
0
0
0
0
0
0
0
0
0
0
0
0
0
0
0
2.222392421336448
0
0
0
0
0
0
0
0
0
0
0
0
0
0
0.6780719051126377
0
0
0
0
0
0
0
0
0
0
0
0
0
0
0
0
0
0
1.8987478538600642
0
0
0
0
0
0
0
0
0
0
0
0
0
0
0
0
0
0
0
0
0
0
0
0
0
0
0
0
0
0
0
0
0
0
0
0
0
0
0
0
0
0
1.144491125980157
0
0
0
0
0
0
0
0
0
0
0
0
0
0
0
0
0
0
0
0
0
0
2.807354922057604
0
0
0
0
0
0
0
0
0
0
0
0
0
2.2138304078330235
0
5.701392979347257
0
0
0
0
0
6.303250285143599
7.912289761845875
0
6.374299206152918
0
0
0
2.4854268271702415
0
0
0
0
0
0
0.0
0
0
0
0
0
0
0
0
0
0
3.222392421336448
0
0
0
0
0
0
2.106915203916512
0
0
0
0
0
0
0
0
3.0
0
0
0
0
0
0
0
2.0239437012916297
0
0
0
1.3479233034203069
0
0
0
0
0
0
0
0
0
0
0
0
0
0
0
0
0
0
0
0
0
0
0
0
0
0
2.6374299206152916
0
0
0
0
0
0
0
0
0
0
0.10398083413177742
0
0.48542682717024166
0
0
0
0
0
0
0
0
0
0
0
0
0
0
0
0
0
0
0
0
0
0
0
0
0
0
0
0
0
0
0
0
0
0
0
0
0
0
0
0
0
0
0.4498029174395205
0
0
0
0
0
3.6147098441152083
4.807354922057604
0
0
0
0
0
0
0
0
0
2.4854268271702415
0
0
0
0
0
0
0
0
0
0
0
0
0
0
0
0
1.1069152039165118
0
1.4150374992788437
0.19264507794239583
0
0
0
0
0
0
0
0
0
0
0
0
0
0
0
0
0
0
0
0
0
0
0
0
0
0
0
0
0
0
0
0
0
1.5594274086140185
0
0
0
0
0
5.807354922057604
0
2.347923303420307
0
0
0
0
1.6374299206152918
1.5594274086140185
0
0
0
0.5979015564286544
0
4.213830407833024
0
0
0
0
0
0
0
0
0
0
0
0
0
0
5.807354922057604
0.22239242133644802
0
0
0
1.2837929660005913
0
0
0
0
0
0
0
0
0
0
0
0
0
2.5675859320011827
0
0
0
0
0.5779352338271875
0
0
0
0
2.347923303420307
0
0
0
0
0.10493483978827096
0
0
0
0
0
0
0
0
0
0
0
0
0
0
0
0
0
0
0
0
0
0
0
0
0.9004643264490856
0
0
0
0
0
0
0
0
0
0
0
0
0
0
0
0
0
0
0
0
0
0
0
0.28379296600059134
0
0
0
0
0
0
0
0
0
0
0
0
0
0
0
0
0
1.0439054063907116
0
0
0
0
1.6147098441152081
0
0
0
0
0
0
0
0
0
0.9493739269300321
0
0
0
0
0
0
0
0
0
0
0
0
0
0
0
0
0
0
0
0
0
0
0
0
0.3479233034203068
0
0
0
0
0
0
0
0
0
0
0
0
0
0
0
0
0
0
0.36727193925894835
0
0
0
0
0
0
0
0
0
0
0
0
0
0
0
0
0
0
0
0
0
0
0
0.8531586116707288
0.5397183203444346
0
0
0
0
0
0
0
0
0
0
0
0
0
0
0
0
0
0
0
0
0
0
0
0
0
1.0439054063907116
0
0
0
0
0
0
0
0
0
0
0
1.9004643264490857
0
0
0
0
0
0
0
0
0
0.5055321407599334
0
0
0
0
0
3.222392421336448
0
0
0
0
0
0
0
0
0
0
0
0
0
0
0
0
0
0
0
0
0
0
0
0
0
0
0
0
0
0
0
0
0
0
0
0
0
0
0
0
0
0
0
0
0
0
0
0
0
0
0
0
0
0
0
0
0
0
0
0
0
0
0
0
0
0
0
1.456280481510725
0
0
0
0
0.4047887402583259
0
0
0
0
0
0
0
0
0
0
0
0
0
0
0
2.347923303420307
0
0
0
0
0
0
0
0
0
0
0
0
0
0
0
0
0
0
0
0
0
0
0
0
0
0
0
0
0
0
0
0
0
0
0
0
0
0
0
0
4.807354922057604
0
0
0
0
0
6.0
0
0
0.3148045193648129
0
0
0
0
0
0
0.3155018257279294
0
0
0
0
0
0
0
0
0
0
0
0
0
0
0
0
0
0
0
0
0
0
0
0
0
0
0
1.9004643264490857
0
0
4.807354922057604
0
0
0
1.3494087523185616
0.20796166826355483
0
0
0
0
1.4397841616145293
0
1.8073549220576042
0
0
0
0
0
0
0
0.4276608156660475
0.5219527031953558
0
0
0
0
0
0
0
0
0
0
0
0
0
4.807354922057604
0
0
0
2.8795683232290585
0
0
0
0
0
0
0
0.28379296600059134
0
0
0
0
2.106915203916512
0
0
0
0
0
0
0
0
0
0
0
0
0
0
0
0
0
0.6671772640093441
0
0
0.9622368352486069
0
0
0
0
0
0
2.106915203916512
0
0
1.1634987322828796
0
0
0
0
0
0
0
0
0
0
0
0
0
0
0
0
0
0
0
0
9.614709844115207
0
0
0
0
0
0
0
0
0
0
0
0
0
0
0
2.8300749985576874
0
0.0
0
0
0
0
0
0
0
0
0.4498029174395205
0
0.5397183203444346
0
0
0
0
0
0
1.1069152039165118
0
0
0
0
0
0
0
0
0
0.5219527031953558
0
0.5979015564286544
0
0
0
0
0
3.807354922057604
0
0
0
0
0
0
0
0
0
0
0
0
0
0
4.807354922057604
0
0
0
0
0
0
0
0
0
0
0
0
0
0
0
1.118854817228037
0
0
0
0
0
0
0
0
0
0
0
0
0
0
0
0
0
0
0
0
0
0
0
0
0
0
0
0
0
0
0
0.0
0
0
0
0
0
0
0
0
0
0.4766068049664295
0
0
4.695846606840614
1.9122897618458754
3.4854268271702415
0
0
0
0
0
0
0
0
1.8987478538600642
0
0
0
0
0
0
7.614709844115208
4.222392421336448
0
0
5.614709844115208
0
0
0
0
0
0.3971723374720246
0
0
1.7063172233414576
0
0
0.7629608026991507
0
0
0
0
2.222392421336448
0
0
0
0
0
0
0
0
0.0
0
0
0
0
0.10493483978827096
0
0
0
0
0
0
0
0
0
0
0
0
0
0
0
0
0
0
0
0
0
0
0
0
0.19264507794239583
0
0
0
0
0
0
0
0
0
0
0
0
0
0
0
0
0
5.3916932136812274
0
0
0
0
0
0
0
0
0
0
0
0
0
0
0
0
0
0
0
0
0
0
0
0
0
0
0
0
0
0
0
0
0
0
0
0
0
0
0
0
0
0
0
0
0
0
0
0
0
0
0
0
0
0
0
0
0
0.7621803347110125
0
0
0
0
0
0
0
1.7198920808072646
0
0
0
0
0
0
0
0
1.5259216053983014
0
0
0
0
0
0
0
0
0
0
2.807354922057604
0
1.2837929660005913
0
0
0
0
0
0
0
0
0
0
0
0
0
0
0
0
0
0
0
0
0
7.614709844115208
0
0
5.807354922057604
0
0
0
0
0
0.0
0
0
0
0
0
0
0
0
0
0
0
0
0
0
0
0
0
0
0
0
0
0
0
0
0
0
0
0
0
0
0
0
0
0
0
0
0
0
0
3.0
0
0
0
0
0
0
0
0
0
0
0
0
0
0
0
0
0
0
0
0
0
0
0
0
0
0
0
0
0
0
0
0
0
4.807354922057604
0
0.44478484267289603
1.7198920808072646
0
0
0
0
0
0
0
0
0
0
0
0
0
0
0
0
0
0
0
0
0
0
0
0
0
0
0
0
0
0
2.8300749985576874
0
0
0
0
0
0
0
0
2.0875398205218407
0
5.807354922057604
0
0
0
0
0
0
0
0
3.807354922057604
0
0
0
0
0
0
0
0
0
0
0
0
0
0
0
0
1.9004643264490857
0
0
0
0
0
0
0
0
0
0
0
0
0
1.2748598412305836
0.5979015564286544
0
0
0
0
0
0
2.4854268271702415
0
0
0
0
0
0
0
0
0
0
0
0
0
0
0
0
0
0
0
0
0
0
0
0
0
0
0
0
0
0
0
0
0
0
0
0
0
0
0
0
0
0
2.106915203916512
0.5345760195825594
0
0
0
0
0
0
0
0
0
0
0
0
0
0
0
0
0
0
0
0
0
0
0
0
0
0
0
0
0
0
0
0
0
0
0
0
0
0
0
0
0
0
0
0
0
0
0
0
0
0
0
0
0
0
0
0
0
0
0
0
0
0
0
0
0
0
0
0
0
0
0
0
0
0
0
0
0
0
0
0
0
0
0
0
1.8073549220576042
0
0
0
0
0
0
0
0
0
0
0
0
0
2.807354922057604
0
0
0
0
0
0
0
0
0
0
0
0
0
0
0
0
1.4854268271702418
1.0439054063907116
0
0
0
0
0
0
0
0
0
0
0
0
0
0
0
0
0
4.222392421336448
0
0
0
0
0
0
0
0
0
0
0
0
0
0
0
0
0
0
0
0
0
0
0
0
0
0
0
0
0
0
4.0
0
0
0.15886893498880983
0
0
0
0
0
0
0
0
1.8073549220576042
0
0
0
0
0
0
0
0
0
0
0
0
0
0
0
0
0
0
0
0
0
0
5.594274086140185
0
0
0
0
0
0
0
0
0
0
0
0
0
0
0
0
0
0
0
0
0
0
0
0
0
0
0
0
0
0
0
0
0
0
0
0
0
0
0
0
0
0
0
0
0
0
0
0
0.7629608026991507
0
0
0
0
0
0
0
0
0
0
1.1069152039165118
0
0
0
0
1.799211669758082
1.9004643264490857
0
0
0
0
0
0
0
0
0
0
0
0
2.4854268271702415
0
0
0
0
0
0
0
0
0
0
3.118854817228037
0
0
0
0
0
0
0
3.807354922057604
0
0
0
0
0
0
0
0
0
0
0
0
0
0
0
0
0
5.807354922057604
0
0
0
0
0
3.4126344466829153
0
0
0
0
0
4.222392421336448
0
0
0
0
5.159676242421794
0
1.5594274086140185
0
0
0
0
0
0
0
0
0
0.5219527031953558
0
0
0
0
0
0
0
0
0
0
0
0
0
0
0
0
0
0
0
0
0
0
1.3479233034203069
0
0
0
0
0
0
0
0
0
0
3.222392421336448
0
0
0
0
0
0
0
0
0
0
0.05246741989413548
0
0.6780719051126377
0
0
0
0
0
0
3.222392421336448
0
0
0
2.8300749985576874
0
0
0
0
0
0
0
0
0
0
0
0
0
0
0
0
0
0
0
0
0.7629608026991507
0
0
0
0
0
0.6780719051126377
0
0
0
0
0
0
0
0
0
0
0
0
0
0
0
0
0
0
0
0
0
0
0
2.4854268271702415
0
0
0
0
0
0
0
0
5.807354922057604
0
0
0
0
0
0
0
0
0
0
0
0
0
0
0
0
0
0
0
0
0
0
0
5.422064766172813
0
0
0
0
0
0
0
0
0
0
0
0
0
0
0
0
0
0
0
0
0
0
0
0
0
1.1634987322828796
0
0
0
0
0
0
0
0
0
0
0
0
0
0
0
0
0
0
0
0
0
0
0
0
0
0
0
0
0
0
0
0
0
0
1.9004643264490857
0
0
0
0
0
0
0
0.22239242133644802
0
0
0
0
0
0
0
0
0
0
0
0
0
0
4.04376991026092
0
0
0
0
0
2.6958466068406137
0
0
0
0
0
0
0
0
0
0
0
0
0
0
0
0
0
0
0
0
0
0
0
0
0
0
2.6374299206152916
0
0
0
0
0
0
0
0
0
1.1069152039165118
0
0
0
0
0
0
0
0
0
2.347923303420307
0
0
0
0
0
0
0
0
4.807354922057604
0
0
0
0
0
0
0
0
0.6671772640093441
0
0
0
0
0
0
0
0
0
0
0
0
0
0
0
0
0.9493739269300321
0
0
2.0
0
0
0
0
0
0
0
0
0
0
0
0
0
0
0
0
0
0
0
1.1351718640023654
0
0
0
0
0
0
0
0
0
0
0
0
0
0
0
0
0
0
0.7582982111399
0
0
0
0
0
0
0
0
0
0
0
0
0
0
0
0
0
7.04376991026092
0
3.0
0
2.222392421336448
0
0
0
0
0
0
0
0
0
1.2451124978365313
0
0
0
0
0
0
0
0.6310036514558588
0
0
0
0
2.9708536543404835
0
0
0
0
0
1.1958031128573088
0
0
0
0
0
0
0
0
0
0
0
0
0
0
0
0.9004643264490856
0
0
0
1.6374299206152918
0
0
0
0
0
0
0
0
0
0
0
0
0
0
0
0
0
1.1069152039165118
0
0
0
0
0
0
0
0
0
0
0
0
0
0
0
0
0
0
0
0
0
0
0
0
0
0
0
0
0
0
0
0
0
0
0
0
0
0.6296090387296258
0
0
0
0
0
0
0
0
0
1.3479233034203069
0
0
0
0
0
0
0
0
0
0
2.6958466068406137
0
0
0
0
1.222392421336448
1.118854817228037
0
0
0
0.9493739269300321
0
0
0
0
0
0
0
0
0
0
0
0
0
0
0
0
0
0
0
0
0
0
0
0
0
0
0
0
0
0
0
0
0
0
0
0
0
0
0
0
0.6671772640093441
0
0.6780719051126377
0
0
0
0
0
0
0
0
0
0
0
1.7198920808072646
0
0
0
0
0
0
0
2.347923303420307
0
0
2.0
0
0
0
0
0
0
0
0
0
0
0
0
0
0
0
4.807354922057604
0
0
0
0
0
0
0
0
0
0
0
2.106915203916512
0
0
0
0
0
0
0
0
0
0
0
0
0.07798562559883307
2.347923303420307
0
0
0
0
0
0
0
0
0
0
0
0
0
2.0
0
0
0
0
0
0
0
0
0
0
0
0
0
0
0
0
0
0
0
0
0
0
0
0
0
0
0
0
1.8073549220576042
7.456280481510724
0
0
0
0
0
0
0
3.8009286528981714
0
0
0
0
0
0
0
0
0
0
0
0
0
1.1634987322828796
0
0
0
2.347923303420307
0
0
0
0
0
0
0
0
0
0
0
0
0
0
0
0
0
0
0
0
0
0
0
0
0
0
0
0
0
0
0
0
0
0
0
0
0
0
0
0
0
0
0
0
0
0
0
0
0
0
0.8073549220576041
0
0
0
0
0.2599520853294435
0
0
0
0
5.807354922057604
0
0
0
0
0
0
0
0
0
0
0
0
0
0
0
0
3.8009286528981714
0
0
0
0
0
0
0
0
0
0
0
0
0
0
0
0
0
0.6310036514558588
0
0
0
0
0
0
0
0
0
0
0
0
0
0
0
0
0
0
0
0
0
0
0
0
0
0
0
0
0
0
0.9708536543404833
0
0
0
0
0
0
3.807354922057604
0
0
0
0
0
0
0
0
0
0
0
0
0
0
0
0
0
0
0
0
0
0
5.807354922057604
0
0
0
0
0
0
0
0
3.222392421336448
0
0
0
0
1.222392421336448
0
0
0
0
0
0
0
5.807354922057604
0
0
0
0
1.9004643264490857
0
0
0
0
0
0
0
0
0
0
0
0
0
0.7705803117695833
3.851378898001774
2.222392421336448
0
0
3.4854268271702415
0
0
0
1.0524674198941355
1.4854268271702418
0
0
0
0
0
0
0
0
0
0
0
0
0
0
0
0
0
2.807354922057604
0
0
0
0
0
0
0
0
0
0
0
0
0
0
0
0
0
0
0
0
0
0
0
2.0
1.5594274086140185
1.2620073029117176
0
0
0
0
0
0
0
0
0
0.2698591601722173
0
0
0
0
0
0
0
1.1069152039165118
1.9004643264490857
0
0
0
0
0
0
0
0
0
0
0
0
0
0
0.6310036514558588
0
0
0
0
0
0
0
0
0
0
0
0
0
0
0
0
0
0
0
0
0
0
0
0
0
0
0
0
0
4.222392421336448
0
0
0
0
0
0
0
0
0
3.222392421336448
0
0
0
3.6147098441152083
0
0
2.326997464565759
0
0
0
0
0
4.695846606840614
3.3979877901916917
0
0
2.422064766172812
5.807354922057604
0
0
0
0
0
0
0
0
0
0
0.6414912234990713
0.44478484267289603
0
0
0
0.0
0
0
0
0
0
0
0
0
0.07798562559883307
0
0
0.15740225968240645
0
0
0
0.3155018257279294
0
0.38529015588479165
0
0
0
0.6539949291315182
0
0
0
0
0
0
0
0
0
0
1.0
0
0
0
0
0
0
0
0
0.0
0
0
0
0
0
0.3971723374720246
0
0
0
0
0.5979015564286544
0
7.229419688230417
0
0
0
0
0.7198920808072646
0
0
0
0
0
0
0
0
0.22239242133644802
0
0
0
0
0
0
0
0
0
0
0
0.12997604266472176
0
0
4.222392421336448
0
0
0
0
0
0
0.3155018257279294
0.2698591601722173
0
0
0
0
0
0
0
0
0
0
0
0
0
0
0
0
0
0
2.6374299206152916
0
0
0
4.222392421336448
0
0
0
0
0
0
0
5.807354922057604
1.222392421336448
0
0
0
0
0
0
4.222392421336448
0
0
0
0
0
0
0
0
0
0
0
0
0
0
1.702757796003548
0
0
0
0
0
0
0
0
0
0
0
0
0
0
0
0
0
0
0
0
0
0
2.222392421336448
0
0
0
2.106915203916512
0
0
2.222392421336448
0
0
0
0
0
0
0
0
0
0
0
0
0
0
0
0
0
0
0
0
0
0
0
0
0
0
0
0
0
0
0
0
0
0
0
0
0
2.347923303420307
0.28379296600059134
5.807354922057604
0
0
0
1.0524674198941355
0
0
0
0
0
0
2.0
0
0
0
0
0.9004643264490856
0
0
0
0
0
0
0
0
0
0
0
0
0
0
0
0
0
0
0
0.07798562559883307
0
0
0
0
0
0
3.807354922057604
0
0
0
0
0
0
0
0
0
0
0
0
0
0
0.38529015588479165
0
0
0
0
0
0
0
0
0
0
0
0
0
0
0
0
0
0
0
0
0
0
0
0
0
2.222392421336448
0
0
0
0
0
0
0
0
0
0
0
0
0
0
0
0
0
0.8095774805166518
0
0
0
3.222392421336448
0
0
0
0
0
2.106915203916512
2.4854268271702415
0
0
0
0
0
0
0
0
1.1634987322828796
0
0
0
0
0
0
0
0
0
0
0
0
0
0
0
0
0
0
0
0
0
0
1.1069152039165118
0
2.222392421336448
0
4.222392421336448
0
2.807354922057604
0
0
0
0
0
0
0
0
0
0
0
0
0
0
0
0
0
0
0
0
3.807354922057604
0
0
0
0
0
0
0
0
4.245112497836531
0
0
0
0
0
0
0
0
0
0
0
0
0
0
0
0
0
0
1.2451124978365313
0
5.159676242421794
0
0
0
0
0
0
0
0
0
0
0
0
0
0
0
0
0
0
7.04376991026092
0
0
0
0
0
0
0
0
0
0.8531586116707288
1.6374299206152918
0
0
0
0
0
0
0
0
0
0
0
0
0
0
0
5.807354922057604
0
0
0
0
0
0
0
0
0.41503749927884376
0
0
0
0
0
0
0
0.10691520391651188
0
0
0
0
0
0
0
0
0
0
0
0
1.4854268271702418
0
0
0
0
0
0.2623370994706774
0
0
0
0
12.889569685345792
0
0
0
0
0
0
0
0
0
0
0
0
0
0.48542682717024166
0
0
0
0
0
0
0
2.106915203916512
0
0
0
0
0
0
0
5.807354922057604
0
0.851378898001774
0
0
0
0
0
0
0
0
0
0
1.222392421336448
0
0
0
0
0
0
0
0
3.807354922057604
0
0
0
0
0
0
2.4854268271702415
0
0
0
0
0
0
0
0.2698591601722173
0
0
0
0
0
0
0.15886893498880983
0
0
0
0
0.16349873228287956
0
0.9708536543404833
0
0
0
0
1.3494087523185616
0
0
0.6374299206152918
0
0.0
0
0
0.9004643264490856
0
0
0
0
0
0
0.5219527031953558
0
0
0
0
0
0
0
0
0
0
0
0.0
0
0
0
0
0
0
1.5658581095860673
0
0
0
0
0
0
0
0
0
0
0
0
0.0
0
4.807354922057604
0
0
0
0
0
0
0
0
0.4498029174395205
0
0
0
1.6374299206152918
0
1.1634987322828796
0
1.739616517101534
0
0
0.899605834879041
0
0
1.2451124978365313
0
0.2698591601722173
0
0
0
0
0
0
0
0
0
0
1.2451124978365313
0
2.106915203916512
0
0
0
0
0
0
0
0
0
0
0
0
0
0
0
0
0
0
0
0.4047887402583259
0
0
0
0
0
0
0
0
0
0
0
0
0
0
2.0
2.0
0.10398083413177742
0
0
0
0
0
0
0
0
1.3079898582630365
0
0
0
0
1.9004643264490857
0
0
0
0
0
0
0
