0
0
0
0
0
0
0
0
0
0
0
0
0
0
0
0
0
0
0
0
0
0
0
0
0
0
0
0
0
0
0
0
0
0
0
0
0
0
0
0
0
0
0
0
0
0
0.9030899869919435
0
0
0
0
0
0
0
0
0
0
0
0
0
0
0
0
0
0
0
0
0
0
0
0
0
0
0
0.5177391056279265
0
0
0
0
0
0
0
0
0.9996440371061472
0
0
0
0
0
1.146128035678238
0
0
0.7481880270062005
0
0
0
0
1.4471580313422192
0
0
0
0
0
0
0
0
0
0
0
0
0
0
0
0
0
0
0
0.9030899869919435
0
0
0
0
0
0
0
0
0
0
0
0
0
0
0
0
0
0
0
0
0
0
0
0
0
0
0
0
0
0
0
0
0
0
0
0
1.4471580313422192
0
0
0
0
0
0
0
0
0
0
0
0
0
0
0
0
0
0
0
0.8450980400142568
0
0
0
0
0
0
0
0
0
0
0
0
0
0
0
0
0
0
0
0
0
0
0
0
0
0
0
0
0
0
0
0
0
0
0
0
0
0
0
0
0
0
0
0
0
0
0
0
0.33321467903538243
0
0.49291552190289434
0
1.4471580313422192
0
0
0
0
0
0
0
0
0
0
0
0
0
0
0
0
0
0
0
0
0
0
0
0
0
0
0
0
0.33321467903538243
0
0
0
0
0
0
0
0
0
0
0
0
0
0
0
0
0
0
0
0
0
0
0
0
0
0.7729203819772151
0
0.6690067809585756
0
0
0
0
0
0
0
0
0
0
0
0
0
0
0
0
0
0
0
0
0
0
0.7067953418479753
0
0
0
0
0
0
0
0
0
0
0
0
0
0
0
0
0
0
0.9030899869919435
0
0
0
0
0
0
0
0
0
0
0
0
0
1.4471580313422192
1.4471580313422192
0
0
0
0
0
0
0.24303804868629442
0
0
0
0
0
0
0
0
0
1.4471580313422192
0
0
1.146128035678238
0
0
0
0
0
0
0
0
0
0
0
0
0.023912157405411364
0.5720967679505191
0
0
0
0
0
0
0
0
0
0
0
0
0
0
0
0
0
0.3010299956639812
0
0.21670910996394527
0
0
0
0
0
0
0
0
0
0.9700367766225568
0
0
0
0
0
0
0
0
0
0
0
0
0
0
0
0
0
0
0
0
0
0
0
0
0
0
0.5720967679505191
0
0
0
0
0
0
0
0
0
0
0
0
0.6342446746993636
0
0
0
0
0
0
0
0
0
0
0
1.0492180226701815
0
0
0
0
0
0
0
0
0
0
0
0
0
0
0
0
0
0
0
0
0
0
0
0
0
0
0
0
0
0
0
0.5177391056279265
0
0
0
0
0
0
0.0984360453403633
0
0
0
0.09564862962164546
0
0.5399589088176163
0
0
0
0.5136526663438554
0
0
0
0
0
0
0
0
0
0
0
0
0
0
0
0
0
0
0
0
0.6020599913279624
0
0
0
0
0.49291552190289434
0
0
0
0
0
0
0
0
0
0
0
0
0
0
0
0
0
0
0
0
0
0
0
0
0.01565067502391305
0
0
0
0
0
0
0
0
0
0
0
0.5421335445730759
0.0
1.271066772286538
0.20345877531086967
0
0
0
0
0
0.6342446746993636
0.6020599913279624
0
0
0.007825337511956526
0
0
0
0
0
0
0
0
0
0
0
0
0
0
0
0
0.5440680443502757
0
0
0
0
0
0
0
0.1899510264617135
0
0
0
0
0
0
0
0
0
0
0
0
0
0
0
0
0
0
0
0
0.13540417028646495
0
0
0
0.6020599913279624
0.22967408712831291
0
0
0
0
0
3.175782070267502
0
0
0
0
0
0
0
0
0
0
0
0
0
0
0
1.271066772286538
0
0
0
0
0
0
0.20411998265592482
0
0
0
0
0
0
0
0
0
0
0.8450980400142568
0
0
0
0
0
0
0
0
0
0
2.9101103298676705
0
0
0
0
0
0
0.21670910996394527
0
0
0
0
0
0
0
0.49291552190289434
0.9700367766225568
0
0
0
0
0
0
0
0
0
0
0
0
0
0.5715800582144888
0
0
0
0
0
0
0
0
0
0
0
0
0
0
0
0
0
0
0
0
0
0
0
0
0
0
0
0
0
0
0
0
0
0.4259687322722811
0
0
0
0
0
0
0
0
0
0
0
0
0
0
0
0
0
0
0
0
0
0
0
0
0
0
0
0
0
0
0
0
0
0
0
0
0
0
0
0
0
0
0
0
0
0
0.12185355272479226
0
0
0
0
0
0
0
0
0.36797678529459443
0
0
0
0
0
0
0
0
0
0
0
0
0
0
0
0
0.46943442605337143
0
0
0
0
0
0
0
0
0
0
0
0
0
0
0
0
0
0
0
0
0
0
0
0
0
0
0
0
0
0
0
0
0
0
0
0
0
0
0
0
0
0
0
0
0
0.015794267183231882
0.04921802267018165
0
0
0.24303804868629442
0
0
0
0
0
0
0
0
0
0
0
0
0.38646019098860757
0
0
0
0
0
0
0
0
0
0
0
0
0
0
0
0
0
0
0
0
0
0
0
0
0
0
0
0
0
0
0
0
0
0
0
0
0.24987747321659984
0
0.4057653461839942
0
0
0
0
0
0
0
0
0
0
0
0
0.3368088607787805
0.40823996531184964
0
0
0
0
0
0
0
0
0.49291552190289434
0.9030899869919435
0
0
0
0
0
0
0
0
0
0
0
0
0
0
0
0
0
0
0
0
0
0
0
0
0
0
0
0
0
0
0
0
1.7481880270062005
0
0
0
0
0
0
0
0
0
0
0
0
0
0
0
0
0
0
0
0
0
0
0
0
0
0
0
0
0
0
0
0
0
0
0
0
0
0
0
0
0
0
0
0
0
0
0
0
0
0
0
0.6690067809585756
0
0
0
0
0
0
0
0
0
0
0
0
0
0.7729203819772151
0
0
0
0
0
0
0
0
0
0
0
0.4259687322722811
0
0
0
0
0
0
0
0
0
0
0
0.3804508453524147
0.7067953418479753
0
0
0
0
0
0
0
0
0
0
0
0
0
0
0
0
0
0
0
0
0
0
0
0
0
0
0
0
1.7481880270062005
0.43341821992789054
0
0
0
0
0
0
0
0
0
0
0
0
0
0
0
0
0
0
0.17086039064925274
0
0
0
0
0
0.0
0
0
0
0.0
0
0.21670910996394527
0
0
0
0
0.5715800582144888
0.3168242628472131
0
0
0
0
0.22943914285322783
0
1.4471580313422192
0
0
0
0
1.146128035678238
0
0
0
0
0
0.43341821992789054
6.992752108024802
0
0
0
0
0
0
0
0
0
0
0
0
1.4787465657086831
0
0
0.6501273298918357
0
0
0
0
0
0
0
0
0
0
0
0
0
0
0
0
0
0
0
0
0
0
0
0
0
0
0
0
0
0.8450980400142568
0
0
0
0
0
0
0
0
0
0
0
0
0
0
0
0
0
0
0
0
0
0
0
0
0.12493873660829992
0
0
0
0
0
0
0
0
0
0
0
0
0
0
0
0.6020599913279624
0
0.3010299956639812
0.13389357926122644
0
0
0
0
0
0
0
0
0
0
0
0
0
0
0
0
0
0
0
0
0
0
0
0
0
0
0
0
0
0
0
0
0
0
0
0
0
0
0
0
0
0
0.1899510264617135
0.49291552190289434
0.673617721557561
0
0
0
0.09497551323085675
0
0
0
0
0
0
0
0
0
0
0
0
0
0
0
0
0
0
0
0
0
0
0
0
0.28492653969257026
0
0
0
0.8369918597753123
1.4471580313422192
0
0
0
0
0
0
0
0
0
0
0
0
0.3168242628472131
0
0.5720967679505191
0
0.7481880270062005
0
0
0
0
0
0
0
0
0
0
0
0
0
0.263033731459525
0
0
0
0
0
0
0
0
0
0
0
0.6342446746993636
0
0
0
0
1.146128035678238
0
0
0
0
0
0
0
0
0
0
0
0
0
0
0
0
0
0
0
0
0
0
0
0
0
0
0
0
0
0
0
0
0
0
0
0
0
0
0
0
0
0
0
0.14765406801054495
0
0
0
0
0.38646019098860757
0
0
0
0
0
0
0
0
0
0
0
0
0
0
0
0
0
0
0
0
0.2677871585224529
0
0
0.19188552623891314
0
0
0
0
0
0
0
0
0
0
0
0
0
0
0
0
0
0
0
0
0
0
0
0
0
0
0
0
0
0
0
0
1.0492180226701815
0
0
0
0
0
0
0
0
0
0
0
0
0
0
0
0
0
0
0
0
0
0
0
0
0
0
0
0
0
0
0
0
0
0
0
0
0
0
0
0.5052132911681707
0
0
0
0
0
0
0
0
0
0
0
0
0
0
0
0
0
0
0
0
0
0
0
0
0
0
0
0
0.24303804868629442
0
0
0
0
0
0
0
0
0
0
0
0
0
0
0
0
0
0
0
0
0
0.7481880270062005
0
0
0
0
0
0
0
0
0.3168242628472131
0
0
0
0
0
0
0
0
0
0
0
0
0
0
0
0
0
0.7481880270062005
0
0.3168242628472131
0
0
0
0
0
0
0
0
0
0.2568263331719277
0
0
0
0.5136526663438554
0
0.10473535052001297
0.49291552190289434
0
0
0
0
0
0
0
0.07825337511956526
0
0
0
0
0
0
0
0.6342446746993636
0.3010299956639812
0
0
0
0
0
0
0
0
0
0
0
0
0
0
0
0.2568263331719277
0
0
0
0
0
0
0
0
0
0
0
0.37481620982489977
0
0
0
0
0
0
0.8519374645445622
0
0
0
0
0
0
0
0
0
0
0
0
0
0
0
0
0
0
0
0
0
0
0
0
0
0
0
0
0
0
0
0
0
0
0
0
0
0
0
0
0
0
0
0
0
0
0
0
0
0.24303804868629442
0.7067953418479753
0
0
0
0
0
0
0
0
0
0
0
0
0
0
0
0
0
0
0
0
0
0
0
0
0.08123570181652817
0
0
0
0
0
0
0
0
0
0
0.22827050721144881
0
0
0
0
0
0
0
0
0
0
0.38646019098860757
0
0
0
0
0
0
0
0
0
0
0
0
0
0
0
0
0
0
0
0
0
0
0
0
0
0
0
0
0
0
0
0
0
0
0
0
0
0
0
0
0
0
0
0.24303804868629442
0
0
0
0
0
0
0
0
0
0.7729203819772151
0
0
0
0
0
0
0
0
0
0
0
0
0
0
0
0
0
0.9700367766225568
0
0
0
0
0
0
0
0
0
0
0
0
0
0
0
0
0
0.6020599913279624
0.7004960366683257
0.46943442605337143
0
0
0
0
1.146128035678238
0
0
0
0
0
0
0
0
0
0
0
0
0.36797678529459443
0.5440680443502757
0
0
0
0
0
0
0
0
0
0
0
0
0
0
0
0
0
0
0
0
0
0
0
0
0
0
0
0
0
0
0
0
0
0
0
0
0
0
0
0
0
0.38646019098860757
0.3168242628472131
0
0
0
0.4471580313422192
0
0
0
0
0
0
0
0
0
0
0
0
0
0
0
0
0
0
0
0
1.4471580313422192
0
0
0
0
0
0
0
0
0
0
0
0
0.5136526663438554
0
0
0
0
0
0
0
0
0
0
0
0
0
1.146128035678238
0
0
0
0
0
0
0
0
0
0
0
0
0
0
0
0
0
0
0
0
0
0
0
0
0
0
0.35024801833416286
1.4471580313422192
0
0
0
0
0
0
0
0
0
0
0
0
0
0
0
1.146128035678238
0
0
0
0
0
0
0
0
0
0
0
0
0
0
0
0
0
0
0
1.4471580313422192
0
0
0
0
0
0
0
0
1.4471580313422192
0
0
0
0
0
0
0
0
0
0
0
0
0
0
0
0
0
0
0
0
0
0
0
0
0
0
0
0
0
0
0.20947070104002594
0
0
0
0
0
0
0
0
0
0
0
0
0
0
0.5715800582144888
0
0
0
0.2708083405729299
0
0
0
0
0.6342446746993636
0
0
0
0
0
0
0
0
0
0
0.06694678963061322
0
0
0
0
0
0
0
0
0
0
0
0
0
0.3168242628472131
0
0
0
0
0
2.098436045340363
0
0
0
0
1.4471580313422192
0
0
0
0
0
0.27106677228653797
0
0
0
0
0
0
0
0
0
0
0
0
0
0
0
0
0
0
0.4057653461839942
0
0
0
0
0
0
0
0
0
0
0
0.3010299956639812
0
0
0
0
0
0
0.292256071356476
0
0
0
0
0.3168242628472131
0
0
0
0
0
0
0
0
0
0
0
0
0
0
0
0.7939455175668755
0
0
0
0
0
0
0
0
0
0
0
0
0
0
0
0
0.3168242628472131
0
0
0
0
0
0
0
0
0
0
0
0
0
0
0
0
0
0.7729203819772151
0
0
0
0.24987747321659984
0
0
0
0
0
0
0
0
0
0
0
0
0
0.4471580313422192
0
0
0
0
0
0
0
0.7939455175668755
0
0
0
0
0
0
0
0
0
0
0
0
0
0
0
0
0
0
0
0
0
0
0
0
0
0.49291552190289434
0
0
0
0
0.36797678529459443
0.2708083405729299
0
0
0
0
0
0
0
0
0
0
0
0
0
0
0
0
0
0
0.36797678529459443
0
0
0
0
0
0
0
0
0
0
0
0.7481880270062005
0
0
0
0.4471580313422192
0.8450980400142568
0.7067953418479753
0.8450980400142568
0
0
0
0
0.6690067809585756
0
0
0
0
1.146128035678238
0
0
0
0
0
0
0
0
0
0
0
0
0
0
0
0
0
0
0
0
0
0.3168242628472131
0
0
0
0
0
0.3168242628472131
0
0
0
0
0
0
0
0
0
0
0
0
0
0.08543019532462637
0
0
0
0
0
0.22827050721144881
0
0
0
0.0626027000956522
0
0
0.6690067809585756
0
0
0.38646019098860757
0
0
0
0
0
0
0
0
0
0
0
0.46943442605337143
0
0
0
0
0
0
0
0
0
0
0
0
0
0
0
0
0
0
0
0
0
0
0
0
0
0
0
0
0
0
0
0
0
0
0
0
0
0
0
0
0
0
0
0
0
0
0
0
0
0
0
0
0
0
0
0
0
0
0
0
0
0
0
0
0
0
0
0
0
0
0
0
0
0
0
0
0
0
0
0
0
0
0
0
0
0
0
0
0
0
0
0
0
0
0
0
0
0
0
0.2857900291072444
0
0
0
0
0.146128035678238
0.3168242628472131
0
1.505149978319906
0
0
0
0
0
0
0
0
0
0
0
0
0
0
0.11471957142661392
0
0
0
0
0
0
0
0
0
0
0
0
0
0
0
0
0
0
0
0.36797678529459443
0
0
0
0
0
0
0
0
0
0.13540417028646495
0
0
0
0
0
0
0
0
0
0
0
0
0
0
0
0
0
0
0
0
0
0
0
0
0
0.6690067809585756
0
0
0
0.43838410703471403
0
0
0
0
0
0
0
0
0
0
0
0
0
0
0
0
0
0
0
0
0
0
0
0
0
0
0
0
0
0
0.16092341685700617
0
0
0
0
0
0
0
0
0
0.49291552190289434
0
0
0
0
0
0
0.2568263331719277
0
0
0
0
0
0
0
0
0
7.760294212980455
0
0
0
0
0
0
0
0
0
0
0
0
0
0
0
0
0
0.7067953418479753
0
0
0
0
0
0.4259687322722811
0
0
0
0
0
0
0
0
0
0
0
0
0
0
0
0
0.5421335445730759
0
0
0
0
0
0
0
0
0
0
0
0
0
0
0
0
0
0
0
0
0
0
0
1.4471580313422192
0
0
0
0
0
0
0
0
0
0
0
0.36797678529459443
0
0
0
0
0
0
0
0
0
0
0
0
0
0
0
0
0
0
0
0
0
0.8519374645445622
0
0
0
0
0
0
0
0.24303804868629442
0
0
0
0.0
0
0.7067953418479753
0
0
0
0
0
0
0
0
0
0
0
0
0
0
0
0
0
0
0
0
0
0
0.40621251085939486
0
0
0
0
0
0
0
0
0
0
0
0
0
0
0.6020599913279624
0
0
0
0
0
0
0
0
0
0
0
0.0717364722162341
0.2568263331719277
0
0
0
0
0
0
0
0
0
0
0
0
0
0
0.6690067809585756
0
0
0
0
0
0
1.4471580313422192
0.3368088607787805
0
0
0.3368088607787805
0.35868236108117046
0
0
0.9700367766225568
0
0
0
0
0
0.16840443038939024
0
0
0
0
0
0
0
0.45934817425662583
0
0
0
0
0
0
0.023476012535869575
0
0
0
0
0
0
0
0
0
0
0
0
0
0
0
0
0
0
0
1.4471580313422192
0
0
0
0
0
0
0
0
0
0
0
0
0.06317706873292753
1.587891035133751
0
0
0
0
0
0
0
0
0
0
0
0
0
0
0
0
0
0
0
0
0
0
0
0
0
0
0
0
0
0
0
0
0
0
0
0
0
0
0
0
0
0
0
0
0
0
0
0
0
0
0
0
0
0
0
0
0
0
0
0
0
0
0
0
0
0
0
0.7939455175668755
0
0
0
0
0
0
0
0
0.36797678529459443
0
0
0
0.4057653461839942
0
0
0
0
0
0
0
0
0
0.48607609737258883
0
0
0
0
0.9030899869919435
0
0
0
0
0
0
0
0
0
0.49291552190289434
0
0
0
0
0
0
0
0.5440680443502757
0
0
0
0
0
0
0
0
0
0
0
0
0
0
0
0
0
0
0
0
0
0
0
0
0
0
0.5177391056279265
0
0
0
0
0
0
0
0
1.4471580313422192
0
0
0
0
0
0
0
0
0
0
0
0
0
0.1571234199797012
0
0
0
0
0
0
0
0
0
0
0
0
0
0
0
0
0
0
0
0
0
0
0
0
0.7481880270062005
0
0
0
0
0.49291552190289434
0
0
0
0
0
0
0
0.5720967679505191
0
0
0
0.2896621503426111
0
0
0
0
0
0
0.6342446746993636
0
0
0
0
1.146128035678238
0
0
0
0
0
0
0
0
0
0.40823996531184964
0
0
0
0
0
0
0
0
0
0
0
0
0
0
0
0
0
0.8519374645445622
0
0
0
0.7481880270062005
0
0
0
0
0
0
0.5440680443502757
0
0
0
0
0
0
0
0
0
0
0
0.7939455175668755
0
0
0.10473535052001297
0
0
0
0
0
0
0
0
0
0
0
0
0
0
0
0
0
0
0
0
0
0
0
0
0
0
0
0
0.0
0
0
0
0
0
0
0
0
0
0
0
0.1931081002284074
0
0
0
0
0
0
0
0
0.19188552623891314
0
0
0
0
1.2599041205744381
0
0
0.40823996531184964
0
0
0
0.4259687322722811
0
0
0
0
0
0
0
0
0.24987747321659984
0
0
0
0
0
0
0
0
0
0
0
0
0
0
0
0
0
0.6020599913279624
0
0
0
0
0
0
0
0
0
0
0
0
0
0
0
0
0
0
0
1.7481880270062005
0
0
0
0
0
0
0
0
0
0
0.6342446746993636
0.33321467903538243
0
0
0
0
0
0
0
0
0.21670910996394527
0
0
0
0
0
0
0
0
0
0
0
0
0
0
0
0
0
0
0
0
0
0
0
0
0
0
0
0
0
0
0
0
0
0.49291552190289434
0
1.2172960385519827
0
0
0
0
0
0
0
0
0.8164799306236993
0
0
0
0
0
0
0
0
0
0.5720967679505191
0.5177391056279265
0
0
0
0
0
0
0
0.5715800582144888
0
0
0
0
0
0
0
0
0
0
0
0
0
0
0
0
0
0
0
0
0
0
0.08543019532462637
0
0
0
0
0
0
0
0
0
0
0
0
0
0
0
0
0
0
0
0.1968720906807266
0
0
0
0
0
0
0
0
0
0
0
0
0
0
0
0
0
0
0
0
0
0
0
0
0
0
0
0
0
0
0
0
1.271066772286538
0
0
0
0.33321467903538243
0
0.5720967679505191
0
0
0
0
0
0
0
0
0
0
0
0
0
0
0
0
0
0
0.7067953418479753
0.0
0
0
0
0
0
0
0
0
0
0
0
0
0
0
0
0
0
0
0
0
0
0
0
0
0
0
0
0
0
0
0
0
0
0
0.6092677636239613
0
0
0
0.4057653461839942
0
0.7481880270062005
0
0
0
0
0
0
0
0
0
0
0
0
0
0
0
0
0
0
0
0
0
0
0
0
0.7939455175668755
0
0
0
0
0
0
0
0
0
0
0.0313013500478261
0
0.146128035678238
0
0
0
0
0
0
0
0
0
0
0
0
0.1899510264617135
0
0
0
0
0
0
0
0
0
0
0
0
0
0
0
0
0
0
0
0
0
0
0
0
0
0
0
0
0
0
0
0
0
0.38646019098860757
0
0.5440680443502757
0
0
0
0
0
0.9700367766225568
0
0
0
1.3380135619171512
0
0
0
0
0
0
0
0
0
0
0
0
0
0
0
0
0
0.33321467903538243
0
0
0.23196778791074693
0
0
0
0
0
0
0.7067953418479753
0
0
0
0
0
0
0
0
0
0
0
0
0.07609016907048294
0
0
0
0
0
0
0
0
0
0
0
0
0.38646019098860757
0
0.4259687322722811
0
0
0
0
0
0
0
0
0
0
0
0
0
0
0
0.5440680443502757
0.17998630293920545
0
0
0
0
0
0
0
0
0
0
0
0
0
0
0
0
0
0.13389357926122644
0
0
0
0.38646019098860757
0
0
0
0
0
0
0
0
0
0
1.146128035678238
0
0
0.38646019098860757
0
0
0.21670910996394527
0
0.11598389395537347
0
0
0
0
0
0.33321467903538243
0
0
0
0.015794267183231882
0
0
0
0
0
0
0
0
0
0
0
0
0
0
0
0
0
0
0
0
0
0
0
0
0
0
0.3168242628472131
0
0
0
0
0
0
0
0
0
0
0
0
0
0
0
0
0
0
0
0
0.7481880270062005
0.2562905859738791
0
0.8450980400142568
0
0
0
0
0
0
0
0
0
0
0
0
0
0
0
0.3142468399594024
0
0
0
0
0
0
0
0
0
0
0
0
0
0
0.5715800582144888
0
0
0
0
0
0
0
0
0
0
0
0
0
0
0
0
0
0
0
0
0
0
0
0
0.3142060515600389
0
0
0
0
0
0
0
0
0
0
0
0
0
0
0
0.22967408712831291
0
0
0.0789713359161594
0
0.2568263331719277
0
0
0
0
0
0
0
0
0
0
0
0
0
0
0
0
0
0
0
0
0
0.5136526663438554
0.040617850908264086
0
0
0
0
0
0
0
0
0
0
0
0
0
0
0
0
0
0
0
0
0
0
0
0
0
0.3142468399594024
0
0
0
0
0
0
0
0
0
0
0
0
0
0
0
0
0
0
0
0
0
0.3804508453524147
0
0
0
0
0
0
0
0
0
0
1.7481880270062005
0
0
0
0
0
0
0
0
0
0
0
0
0
0.6020599913279624
0
1.7481880270062005
0
0
0
0
0
0.9700367766225568
0
0
0
0
0
0
0
0
0
0.6020599913279624
0
0
0
0
0
0
0
0
0
0
1.1039303558837834
0
0
0
1.2684893493987273
0
0
0
0.17998630293920545
0
0
0
0
0
0
0
0
0
0
0
0.146128035678238
0
0
0
0
0.20308925454132043
0
0
0
0
0
0
1.146128035678238
0
0
0
0
0
0
0
0
0
0
0
0
0
0
0
0
0
0
0
0
0
0
0
0
0.46943442605337143
0
0
0
0
0
0
0
0
0
0
0
0
0
0
0
0.5720967679505191
0
0
0
0.12493873660829992
0
0
0
0
0
0
0
0
0
0
0
0
0
0.0789713359161594
0
0
0
0
0
0
0
0
0
0.6020599913279624
0
0
0
0
0
0
0
0
0
0
0
0.5440680443502757
0
0
0
0
0
0
0
0
0
0
0
0
0
0
0
0
0
0
0
0
0.0313013500478261
0
0
0
0
0.8668364398557811
0
0
0
0
0
0
0
0
0
0.12873873348560494
0.1571234199797012
0
0
0
0.7067953418479753
0
0
0
0
0
0
0
0
0
0
0
0
0
0.43341821992789054
0
0
0
0
0
0
0
0.08543019532462637
0
0.7481880270062005
0
0
0.6342446746993636
0
0
0
0
0
0
0
0
0
0
0
0
0
0
0
0
0
0.13389357926122644
0
0
0.22529278359980864
0
0
0
0
0
0
0
0
0
0
0
0
0
0
0
0
0
0
0
0
0
0
0
0
0
0
0
0
0
0
0
0
0
0
0
0
0
0
0
0
0
0
0
0
0
0
0.4259687322722811
0
0.0
0
0.17998630293920545
0
0
0
0
0
0
0.13540417028646495
0
0.20308925454132043
1.7481880270062005
0
1.4471580313422192
0
0
0
0
0
0
0
0
0
0
0
0
0
0.1571234199797012
0
0.3599726058784109
0
0
0
0
0
0
0
0
0
0
0
0
0
0
0
0
0
0
0
0
0
0
0
0
0
0
0
0
0
0
0
0
0.46943442605337143
0
1.0492180226701815
0
0.3368088607787805
0
0
0
0
0.49291552190289434
0
0
0
0
0
0
0
0
0
0
3.1712233734968183
0
0
0
0
0
0
0.33321467903538243
0
0
0
0
0
0
0
0
0.0
0
0
0
0
0
0
1.271066772286538
0
0
0.04782431481082273
0
0
0
0
0
0
0.9700367766225568
0
0
0
0
0
0
0
0.6336485256944262
1.0492180226701815
0
0
0
0
0
0
0
0
0
0
0
0
0
0
0.0717364722162341
0
0
0.2568263331719277
0
0
0.22967408712831291
0
0
0
0
0
0
0
0.20308925454132043
0
0
0
0
0
0.0
0
0
0
0
0.06317706873292753
0
0
0
0
0
0
0
0
0
0
0
0
0
0
0
0
0
0
0
0
0
0
0
0
0.11598389395537347
0
0
0
0
0
0
0
0
0
0
0
0
0
0
0
0
0
0.4057653461839942
0
0
0
0
0
0
0
0
0
0
0
0
0
0
0.24303804868629442
0
0
0
0
0
0
0
0
0
0
0
0
0
0
0
0.7939455175668755
0
0
0
0
0
0
0
0
0
0
0
0
0
0
0
0
0
0
0
0
0
0
0
0
0
0
0.22943914285322783
0
0
0
0
0
1.146128035678238
0
0
0
0.4259687322722811
0
0
0
0
0
0
0.22967408712831291
0
0
0
0
0
0
0
0
0
0
0
0
0.38646019098860757
0
0
0
0
0
0
0
0.35024801833416286
0
0
0
0
0
0
0
0
0
0
0
0
0
0
0
0
0
0
0
0
0
0
0.0
0
0
0
0.21670910996394527
0
0
0
0
0
0
0
0
0
0
0
0
0
0
0
0
0
0
0
0
0
0
0
0
0
0
0
0
0
0
0
0
0
0
0
0
0
0
0
0
0
0
0
0
0.3010299956639812
0
0
0
0
0
0
0
0
0
0
0
0
0
0
0
0
0
0
0
0
0
0
0
0
0
0
0.13389357926122644
0.5177391056279265
0
0
1.146128035678238
0
0
0
0
0
0
0
0
0
0
0
0
1.146128035678238
0
0
0
0
0
0
0
0
0
0
0
0
0
0
0.8519374645445622
0
0
0
0
0
0
0
0
0.8378828041601037
0
0
0
0.292256071356476
0
0
0
0.7675421049556526
0
1.2041199826559248
0
0
0
0
0
0.7939455175668755
0
0
0
0
0
0
0
0
0
0
0
0
0
0
0
0
0
0
0
0
0
0
0
0
0.6020599913279624
0.7675421049556526
0.17998630293920545
0
0.5440680443502757
0
0
0
0
0
0
0
0
0
0
0
0
0
0
0
0
0
0
0
0
0
0
0
0
0
0
0
0
0
0
0
0
0
0
0
0
0
0
0
0
0
0
0
0
0
0
0
0
0.12873873348560494
0
0
0
0
0
0
0
0
0
0
0
0
0
0
0
0
0
0
0
0
0
0
0
0
0
0
0
0
0
0
0
0
0
0
0
0
0
0
0
0
0
0
0
0
0.2857900291072444
0
0
0
0
0
0
0
0
0
0
0.9858310438057887
0
0
0
0.8519374645445622
0.6690067809585756
0
0
0
0
0
0
0
0
0
0
0
0
0
0
0
0
0
0
0
0
0
0
0
0
0
0
0
0
0
0
0
0
0
0
0
0
0
0
0
0
0
0
0
0.8450980400142568
0
0
0
0
0
0
0
0
0
0.8115306923679884
0.4471580313422192
0.1571234199797012
0
0
0
0
0
0
0
0
0
0
0
0
0
0
0
0
0
0
0.7939455175668755
0
0
0
0.16840443038939024
0
0
0
0
0
0
0
0
0
0
0
0
0
0
0
0
0
0
0
0
0
0
0
0
0
0
0
0
0.11956078702705682
0
0
0
0
0
0
0
0
0.5440680443502757
0
0
0
0
0
0
0
0
0
0
0
0
0
0
0
0
0
0
0
0
0
0
0
0
0
0
0
0
0
0
0
0
0
1.0492180226701815
0
0
0
0.4471580313422192
0
0
0
0
1.0492180226701815
0
0
0
0
0
0
0
0
0
0
0
0
0
0
0
0
0
0
0
0
0.5440680443502757
0
0
0
0
0
1.806179973983887
0
0
0
0
0
0
0
0
0
0
0
0
0
0
0
0
0
0.8124250217187897
0
0
0
0
0
0
0
0
0
0
0
0
0
0
0
0
0
0
0
0
0
0
0
0
0.46943442605337143
0
0
0
0
0
0
0
0
0
0
0
0
0
0
0
0
0
0
0
0
0
0
0
0
0
0
0
0
0
0
0
1.0273053326877108
0
0
0
0
0
0
0
0
0
0
0
0
0
0
0
0
0
0
0
0
0
0
0.4713702599391036
0
0
0
0
0
0
0
0
0
0
0
0
0
0
0
0
0
0
0
0
0
0
0
0
0
0
0
0
0
0
0
0
0
0
0
0
0
0
0
0
0
0
0
0
0.015794267183231882
0
0
0
0
0
0
0
0
0
0
0
0
0.8519374645445622
0
0
0
0
0
0
0
0
0
0
0
0
0
0
0
0
0
0
0
0
0.45934817425662583
0
0
0
0
0
0.40823996531184964
0
0
0
0
0
0
0
0
0
0
0
0.7067953418479753
0
0
0
0
0
0
0
0
0
0
0
0
0
0
0
0
0
0
0
0
0
0
0
0
0
0.9700367766225568
0
0
0
0
0
0
0
0
0
0.49291552190289434
0
0
0
0
0
0
0
0
0
0
0
0
0
0
0
0
0
0
0.4471580313422192
0
0.5440680443502757
0
0
0
0
0
0
0
0
0
0
0
0
0
0.35024801833416286
0
0
0
0
0
0
0
0
0
0.9030899869919435
0
0
0.6342446746993636
0
0
0
0
0
0
0
0
0
0
0
0
0
0
0
0
0
0
0
0
0
0.5720967679505191
0
0
0
0
0
0
0
0.13389357926122644
0
0
0
0
0
0
0
0
0
0
0
0
0
0
0.4057653461839942
0
0
0
0
0
0.8115306923679884
0
0
0
0
0
0
0
0
0
0
0
0
0
0
0
0
0
1.271066772286538
0
0
0
0
0
0
0
0
0
0
0
0
0
0
0
0
0
0
0
0
1.146128035678238
0
0
1.5409579990315663
0
0
0
0
0.7067953418479753
0.4471580313422192
0.8450980400142568
0
0
0
0
0
0
0
0
0
0
0
0
0
0
0
0.13389357926122644
0
0
0
0.24303804868629442
0
0
0
0
0
0
0
0
0
0
0.46943442605337143
0
0.2857900291072444
0.584512142712952
0
0
0
0
0
0
0
0
0
0
0
0
0
0
0
0
0
0.16840443038939024
0
0
0
0
0
0
0
0
0
0
0
0
0
0
0
0
0
0
0
0
0
0
0.22827050721144881
0
0
0
0
0
0
0
0
0
0
0
0
0
0
0
0
0
0
0
0
0
0.6690067809585756
0
0
0
0
0
0
0
0
0
0.24987747321659984
0
0
0
0
0
0
0
0.09497551323085675
0.33321467903538243
0
0
0
0
0
0
0
0
0
0.17998630293920545
0
0
0
0
0
0
0
0
0
0
0.7481880270062005
0
0
0
0
0.5421335445730759
0
0
0
0.49291552190289434
0
0
0
0
0
0
0
0
0
0
0
0
0
0
0
0
0
0
0
0
0
0
0
0
0
0
0
0
0
0
0
0
0
0
0
0
0
0
0
0
0
0
0
0
0
0
0
0
0
0
0
0
0
0
0
0.06317706873292753
0
0
0
0
0
0
0
0
0
0.4057653461839942
0
0
0
0
0
0
0
0
0
0
0.4057653461839942
0
0
0
0
0
0.16840443038939024
0
0
0
0
0
0
0
0
0
0
0
0
0
1.4471580313422192
0
0
0
0
0
0
0
0
0
0
0
0
0
0
0
0
0
0
0
0
0
0
0
0
0
0
0
0
0
0
0.20084036889183965
0
1.0205999132796242
0
0
0
0
0
0
0
0
0
0
0
0
0
0
0
0
0
0
0
0.7067953418479753
0
0
0.6020599913279624
0
0
0
0
0
0
0
0
0
0
0
0
0
0
0
0
0
0
0
0
0
0
0
0.24303804868629442
0
0
0
0
0
0
0
0
0
0
0
0
0
0
0
0
0.01565067502391305
0.7067953418479753
0
0
0
0
0
0
0
0
0
0
0
0
0
0.6020599913279624
0
0
0
0.5177391056279265
0
0
0
0.17086039064925274
0
0
0
0
0
0
0
0
0
0
0
0
0
0
0
0
0
0
0
0
0.5440680443502757
0
0
0
0
0
0
0
0
0
0
0
0.11471957142661392
0
0
0
0
0
0
0
0
0
0
0
0
0
0
0.7067953418479753
0
0
0
0
0
0
0
0
0
0
0
0
0
0
0
0
0
0
0
0
0
0
0
0
0
0
0
0
0
0
0
0
0
0
0
0
0
0
0
0
0
0
0
0
0.7067953418479753
0
0
0
0
0.48607609737258883
0.24303804868629442
0
0
0
0
0.08607871263152178
0
0
0
0
0
0
0
0
0
0
0
0.9030899869919435
0
0
0
0
0
0
0
0
0
1.1441935359010382
0
0
0
0
0
0
0
0
0
0
0
0
0
0
0
0
0
0.1899510264617135
0
0
0
0
0
0
0
0
0
0
0
0
0
0
0
0
0
0.45934817425662583
0
0
0
0
0
0
0
0
0
0
0
0
0
0
0
0
0
0
0
0
0
0
0
0
0
0
0
0
0
0
0
0
0
0
0
0
0
0
0
0
0
0
0
0
0
0
0
0
0
0
0
0
0
0
0
0
0
0
0
0
0
0
0.36797678529459443
0
0
0
0
0
0
0.5720967679505191
0
0
0
0
0
0
0
0
0
0
0
0
0
0.2899597348884337
0
0
1.587891035133751
0
0
0
0
0
0.3168242628472131
0
0
0
0
0
0
0
0
0
0
0
0
0
0
0
0
0
0
0
0
0
0
0
0
0
0
0
0
0
0
0
0
0
0
0
0
0
0
0
0
0
0
0.3010299956639812
0
0
0
0
0
0
0
0
0
0
0
0.12185355272479226
0
0
0.7359535705891889
0
0
0
0
0
0
0
0
0
0
0
0
0
0
0
0
0
0
0
0
0.09497551323085675
0
0
0
0
0
0
0
0
0
0
0
0
0
0
0
0
0
0
0
0
0
0
0
0
0
0
0
0
0
0
0
0
0
0
0
0
0
0
0
0
0
0
0
0
0
0
0
0
0
0
0
0
0
0
0
0
0
0
0
0
0
0
0
0
0
0
0
0
0.1931081002284074
0.13389357926122644
0
0
0
0.0
0
0
0
0
0.146128035678238
0
0
0
0.04695202507173915
0
0
0.031588534366463764
0
0
0.5177391056279265
0.09497551323085675
0
0.23196778791074693
0
0
0
0.0984360453403633
0
0
0
0
0.38646019098860757
0.49291552190289434
0
0.07609016907048294
0
0
0
0
0
0
0
0
0
0
0
0.0
0
0
0
0
0
0
0
0
0
0
0
0
0.5440680443502757
0
0
0
0
0.21670910996394527
0
0
0
0
0
0
0
0
0.13389357926122644
0
0
0
0
0
0
0
0
0
0
0
0.0313013500478261
0
0
0
0
0
0
0
0
0
0.1899510264617135
0.08123570181652817
0
0
0
0
0
0
0
0
0
0
0
0
0
0
0
0
0
0
0
0
0
0
0
0
0
0
0
0
0
0
0
0.36797678529459443
0
0
0
0
0
0
0
0
0
0
0
0
0
0
0
0
0
0
2.120386025543926
0
0
0.6834415625970109
0
0
0
0
0
0
0
0
0
0.9700367766225568
0
0
0
0
0
0
0
0
0
0
0
0
0
0
0
0
0.6342446746993636
0
0
0.6690067809585756
0
0
0
0
0
0
0
0
0
0
0
0
0
0
0
0
0
0
0
0
0
0
0
0
0
0
0
0
0
0
0
0
0
0
0
0
0
0
0
0
0
0
0
0
0
0
0
0
0
0
0.6020599913279624
0
0
0
0
0.27106677228653797
0
0
0
0
0
0
0
0
0
0
0
0
0
0
0
0
0
0
0
0.01565067502391305
0
1.146128035678238
0
0
0
0
0
0
0
0
0
0
0
0
0
0
0
0
0
0
0
0.05799194697768673
0
0
0
0
0
0
0
0.46943442605337143
0
0
0
0
0
0
0
0
0
0
0
0
0
0
0
0
0
0
0
0
0
0
0
0
0
0
0
0
0
0
0
0
0
0
0
0.3249428072661127
0
0
0
0
0
0
0
0
0
0
0
0
0
0
0
0
0
0
0
0.35024801833416286
0
0
0
0
0
0
0
0
0
0
0
0
0
0
0
0.5440680443502757
0
0
0
0
0
0
0
0
0
0
0
0
0
0
0.7939455175668755
0
0
0
0
0
0
0.2568263331719277
0
0
0
0
0
0
0
0
0
0
0
0
0
0
0
0
0
0
0
0
0
0
0
0
0
0
0
0
0
0
0
1.271066772286538
0
0
0
0
0
0
1.4471580313422192
0
0
0.5177391056279265
0
0
0
0
0
0
0
0
0
0
0
0
0
0
0
0
0
0
0
0
0
0
0
0.8450980400142568
0
0
0
0
0.2568263331719277
0.49291552190289434
0
0
0
0
0
0
0
0
0
0.8450980400142568
0
0
0
0
0
0
0
0
0
0
0
0
0
0
0.4997549464331997
1.4471580313422192
0.27106677228653797
0
0.8519374645445622
0
0
0
0.0965540501142037
0
0
0
0
0
0
0
0
0
0
0
0
0.4471580313422192
0
0
0
0.292256071356476
0
0
0
0
0
0
0
0
0
0
0
0
0
0
0
0
0
0
0
0
0.146128035678238
0
0
0
0
0
0
0
0
0
0
4.683047466710029
0
0
0
0
0
0
0
0
0
0
0
0
0
0
0
0
0
0.36797678529459443
0
0
0
0
0
0
0
0
0
0
0
0
0
0
0
0
0
0
0
0
0
0
0.46943442605337143
0.12185355272479226
0
0
0
0
0
0
0.11956078702705682
0
0
0
0
0.0984360453403633
0
0
0
0
0
0
0.2708083405729299
0.21670910996394527
0
0.19188552623891314
0
0.0
0
0
0
0
0
0
0
0
0
0
0
0
0
0
0
0
0
0
0
0
0
0.0
0
0
0
0
1.6901960800285136
0
0
0
0
0
0
0
0
0
0
0
0
0
0
0.0
0
0
0
0
0
0
0
0
0
0
0
0
0
0
0
0
0.35024801833416286
0
0.10473535052001297
0
0
0.40621251085939486
0
0
0.12493873660829992
0
0.20308925454132043
0
0
0
0
0
0.35024801833416286
0
0.36797678529459443
0
0
0.24987747321659984
0
0
0
0
0
0
0
0
0
0
0
0
0
0
1.146128035678238
0
0
0
0
0
0
0.24370710544958452
0
0
0
0
0
0
0
0
0
0
0.46943442605337143
0
0.5177391056279265
0
0
0
0.10955472516739136
0
0
0
0.9030899869919435
0
0.21670910996394527
0
0
0.20308925454132043
0
0
0
0
0
0
0
0
0
0
0.9843604534036331
0
0
0
0
0
0
0
0
0
