0.6342446746993636
0
0
0
0
0
0
0
0
0
0
0
1.7481880270062005
0
0
0
0
0
0
0
0.7481880270062005
0
0
0
0
0
0
0
0.6690067809585756
0
0
0
0
0
0
0
0
0
0
0
0
0
0
0
0
0
0
0
0
0
0
0
0
0
0
0
0
0
0
0
0
0
0
0
0
0
0
0
0
0
0
0
0
0
0
0
0
0
0
0
0
0
0
0
0
0
0
0
0
0
0
0
0
0
0
0
0
0
0
0
0
0
0
0
0
0.9700367766225568
0
0
0
0
0
0
0
0
0
0
0
0
0
0
0
0
0
1.035478211255853
0
0
0
0
0
1.0492180226701815
0
0
0
1.7481880270062005
0
0
0
0
0
0
0
0
0
0
0
0
0
0
0
0
0
0
0
0
0
0
0
0
0
1.7481880270062005
0
0
0
0
0
0
0
0
0
0
0
0
0
0
0
0
0
0
0
0
0
0
0
0
0
0
0
0
0
0
0
0
0
0
0
0
0
0
0
0
0
0
0
0.6342446746993636
0
0
0
0
0
1.146128035678238
0
0
0
0
0
0
0
0
0
0
0
0
0
0
0
0.49291552190289434
0
0
0
0
0
0
0
0
0
1.4471580313422192
0
0
0.2857900291072444
0
0
0
0
0
0
0
0
0
0
0
0
0
0
0
0
0
0.33321467903538243
0
0
1.146128035678238
0
0
0
0
0
0
0
0
0
0.5440680443502757
0
0
0
0
0
0
0
0
0
0
0
0
0
1.4471580313422192
0
0
0
0
0
0
0
0
0
0
0
0
0
0
0
0
0
0
0
0
0
0
0.6342446746993636
0.7067953418479753
0
0
0
0
0
0
0
0
0
0
0
0
0
0
0
0
0
0
0.9030899869919435
0
0
0
0
0
0
0
0
0
0
0
0.6690067809585756
0
0
0
0
0
0
0
0
0
0
0
0
0
0
0
0
0
0
0
0
0
0
0
0
0
0
0
0
0
0
0
0.4057653461839942
0
0
0
0.11956078702705682
0
0
0
0
1.146128035678238
0
0
0
0
0
0
0
0
0
0
0
0
0
0.3010299956639812
0
0
0
0
0
0.5720967679505191
0
0
0
0.8450980400142568
1.7481880270062005
0
0
0
0
0
1.7481880270062005
1.4471580313422192
0
0
0
0
0
0
0
0
0
0
0.19188552623891314
0
0
0
0
0
0
0
1.0492180226701815
0
0
0
0
0
0
0.9030899869919435
0
0
0
0
0.7067953418479753
0
0
0
1.0492180226701815
0
0
0.43838410703471403
0
1.7481880270062005
2.8943160626844384
0
0
0
0
0
0
0
0
0
0
0
0
0
0
0
0
0
0
0
0
0
0
0
0
0
0
0
0
0
0
1.7481880270062005
0
0
0
0
0.9030899869919435
1.035478211255853
0
0
0
0
0
0.46943442605337143
0.04921802267018165
0
0
0
0.04782431481082273
0
0.17998630293920545
0
0
0
0
0
0
0
0
0
0.36797678529459443
0
0
0
0
0
0
0
0
0
0
0
0
0
0
0
0
0
0
0
0
0
0
0
1.7481880270062005
0
0
0
0
0
0
0
0
0
0.9388688521067429
0.4259687322722811
0
0
0
0.5440680443502757
0.5177391056279265
0
0
0
0
0.023476012535869575
0
0
0
0
0
0
0
0
0
0
0
0
0.0
0
0.07042803760760873
0
0
0
0
0
0
0
0
0
0.0313013500478261
0
0
0
0
0
0
0
0
0
0
0
0
0
0
0
0
0
0
0
0
0
0
0
0
0
0
0
0
0
0
0
0
0
0
0
0
0
0
0
0
0
0
0
0
0
0.2708083405729299
0
0
0
0
0
0
0.35024801833416286
0
0
0
0
0
0
0
0
0
0
0
0
0
0
0
0
0
0
0
0
0
0
0
0
0
0
0
0
0
0
0
0
0
0
0
0
0
0
0
0
0
0
0
0
0
0
0
0
0
0
0
0
0
0
0
0.43341821992789054
0
0
0
0
0
0
0
0
0
0
0
0
1.146128035678238
0
0
0
0
0
0
0
0
0
0
0.7481880270062005
0
0
0
0
0
0
0.7481880270062005
0
0
0
0
0
0
0
1.7481880270062005
0
0
0
0
0
0
0
0
0
0
0
0
0
0
0
0
0
0.4259687322722811
0
0
0
0
0
0
0
0
0.7481880270062005
0
0
0
0
0
0
0
0
0
0
0
0
0
0
0
0
1.4471580313422192
0
0
0
0
0
0
0
0
0
0
0
0
0
0.27106677228653797
0
0
0
0
0
0
0.040617850908264086
0
0
0
0
0.4057653461839942
0
0
0
0
0
0
0
0
0
0
0
0
0
0.6690067809585756
0
0
0
0
0
0
0.46943442605337143
0
0
0
0
0
0
0
0
0
0
0
0
0
0
0
0
0
0
0
0
0
0
0
0
0
0
0
0
0
0
0
0.9700367766225568
0
0
0
0
0
0
0
0
0
0
0
0
0
0.031588534366463764
0.04921802267018165
0
0
0
0
1.271066772286538
0
0
0
0
0
0
0
0
0.1571234199797012
0
0
0
0
0
0
0
0
0
0
0
0
0
0
0
0
0
0
0
0
0.36797678529459443
0
0
1.4471580313422192
0
0
0
0
0
0
0
0
0
0
0
0
0
0
0
0
0
0
0
0
0
0
0
0
0
0
0.2568263331719277
0
0
0
0.20411998265592482
0
0
0
0
0
0
0
0
0
0
0
0
0
0
0
1.271066772286538
0
0
0
0
0
0
0
0
0
0
0
0
0
0
0
0
0
0
3.496376054012401
0
0
0
0
0
0
1.4471580313422192
0
0
0
0
0
0
0
0
0
0
0
0
0
0
0
0
0
0
0
0
0
0
0
0
0
0
0
0
1.271066772286538
0
0
0
0.12493873660829992
0
0
0
0
0
0
0
3.496376054012401
0
0
0
0
0
0
0
0
0
0
0
0
0
0
0
0
0
0
0
0
0
0.7939455175668755
0
0
0
0
0
0
0
0
0
0
0
0
0
0
0
0
0
0
0
0
0
0
0
0
0
0
0
0
0
0
1.0492180226701815
0
0
0
0
0
0
0
0
0
0
0
0
0
0
0
0
0
0
0
0
0
0
1.7481880270062005
0
0
0
0
0
0
0
0
0
0
0
0
0
0
0
0
0.9700367766225568
0
0
0
0
0
0
0
0
0
0
0
0
0.0
0
0
0
0.0
0
0
0
0
0
0
0
0
0
0
0
0
0.34415871427984174
0
0
0
1.7481880270062005
0
0
0
0
0
0
0
0
0
0
1.4471580313422192
0
0
0
0
0
0
0
0
0
0
0
0
0
1.271066772286538
0
0
1.3380135619171512
0
0
0
0
0
0
0
0.6342446746993636
0
0
0
0
0
0
0
0.4471580313422192
0
0
0
0
0
0
0
0
0
0
0
0
0
0
0
0
0
0
0
0
0
0
1.4471580313422192
0
0
0
0
0
0
0
0
0
0
0
1.7481880270062005
0
0.12493873660829992
0
0
0
0
0
0
0
0
0
0
0
0
0
0
0
0
0
0
0.13389357926122644
0
0
0
0
0
0
0
0
0
0
0
0
0
0
0
0
0
0.7481880270062005
0
0
0
0
0
0
0
0
0
0
0
0
0
0
0
0
0
0
0
0
0
0
0
0
0.379902052923427
0.49291552190289434
0
0
0
0
0.09497551323085675
0
0
0
0
0
0
0
0
0
0
0
0
0
0
0
0
0
0
0
0
0
0
0
0
0.09497551323085675
0
0
0
0.15218033814096588
0
0
0
0
0
1.0492180226701815
0
0
0
0
0
0
0
0
0
0
0
0
0
0
0
0
0
0
0
0
0
0
0
0
0
0.16738510183787955
0
0
0
0
0
0
0
0
0
0
0
0
0
0
0
0
0
0
0
0
0
0
0
0
0
0
0
0
0
1.4471580313422192
0
0
0
0
0
0
0
0
0
0
8.697088152461482
1.7481880270062005
1.7481880270062005
0
0
0
0
0
0
0
0
0
3.496376054012401
0
0
0
0
0
0
0
0
0
0
0
0
0
0
0
0
0
0
0
0
0
0
0
0
0
0
0
0
0
0
0
0
0
0.13389357926122644
0
0
0.19188552623891314
0
0
0
0
0
0
0.9700367766225568
0
0
0
0
0
0
0
0
0
0
0
0
0
0.9700367766225568
0
1.7481880270062005
0
1.4471580313422192
0
0
0
0
0
0
0
0
0
0
0
0
0
0
0
0
0
0
0
0
0
0
0
0
0
0
0
0
0
0
0
0
0
0
0
0
0
0
0
0
0
0
1.7481880270062005
0
0
0
0
0
0.33321467903538243
0
0
0
0
0
0
0
0
0
0
0
0
0
0
0
0
0
0
0
1.4471580313422192
0
0
0
0
0
0
0
0
0.8450980400142568
0
0
0
0
1.146128035678238
0
0
0
0
0
0
0
0
0
0
0
0
0
0
0
0
0
0
0
0
0
0
0
0
0.3168242628472131
0
0
0
0
0
0
0
0
0
0
0
0
0
0
0
0
0
0
0
0
0
0
0
0.7939455175668755
0
0
0
2.542133544573076
0
0
0
0
0
1.5409579990315663
0
0
0
0
0
0
0
0
0
0
0.0626027000956522
0
0
0
0
0
0
0
0
0
0
0
0
0
0
0
0
0
0
0
0
0
0
0
0
1.0273053326877108
0
0
0
0
0
0
0
0
0
0.6342446746993636
0
0
0
1.7481880270062005
0.5136526663438554
0
0
0
0.4259687322722811
0
0
0
0
0
0
0
0
0
0
0
0
0
0
0
0
0
0
0
0
0
0
0
0
0
0
0
0
0
0
0
0
0
0.8450980400142568
0
0
0
0.40823996531184964
0
0
0
0
0
0
0
0
0
0
0
0
0
0
0
0
0
0
0
0
0
0
0
0
0
0
0
0
0
0
0
0
0
0
0
0
0
0.08123570181652817
0
0
0
0
0
0
0
0
0
0
0.15218033814096588
0
0
0
0
0
1.2172960385519827
0
0.6342446746993636
0
0
2.705221336920253
0
0.8115306923679884
0
0
0
0
0
0
0
0.9700367766225568
0
0
0
0
0
0
0
0
0
0
0
0
0
0
0
0
0
0
0
0
0
0
0
0
0
0
0
0
0
0
0
0
0
0
1.271066772286538
0
0
0
0
0
0
1.7481880270062005
0
0
0
0
0
0
0
0
0
0
0
0
1.4471580313422192
0
0
0
0
0
0
0
0
0
0
0
0
0
0
0
0.3010299956639812
0
0
0
0
0
0
0
0
0
0
0
0
0
0
0
0
0
0
0
0
0
0
0
0.19188552623891314
0
0
0
0
0
0
0
0
0
0
0
0
0
0
0
0
0
0
0
0
0
0
0
0
0
0
0
0
0.7939455175668755
0
0.9700367766225568
0
0
0
0
0
0
0
0
0
0
0
0
0
0
0
0
0
0.3168242628472131
0
0
0
0
0
0
0
0
0
0
0
0
0
0
0
0
0
0
0
0
0
0
0
0
0
0
0
0
0
0
0
0
0
0
1.7481880270062005
0
0
0
0
0
0
0
0
0
0
0
0
0
0
0
0
0
0
0
0
0
0
0
0
0
0
0
0
0
0
0
0
0
0.6342446746993636
0
0
0
0
0
0
0
0
0
0
0
0
0
0
0
0
0
0
0
0
0
0
0.7481880270062005
0
0
0
0
0
0
0
1.271066772286538
0
0
0
0
0
0
0
0
0
0
0
0
0
0
0
0
0
0
0
0
0
0
0
0
0
0
0
0
0
0
0
0
0
1.4471580313422192
0
0
0
0
0
0
0
0
0
0
0
0
0
0
0
0
0
0
0
0
0
0.10473535052001297
0
0
0
0
0
0
0
0
0
0
0
0
0
0
0
0
0
0.3599726058784109
0.2708083405729299
0.7481880270062005
0
0
0
0.6342446746993636
0
0
0
0
0
0
0
0
0
0
0.06694678963061322
0
0
0
0
0
0
0.7939455175668755
0
0
0
0
0
0
0
0
0
0
0
0
0
0
0.7939455175668755
0
0
0
0
0
0
0
0
0.27106677228653797
0
1.146128035678238
0
0
0
0
0
0
0.4471580313422192
0
0
0
0
0
0
0
0
0
0
0
0.9030899869919435
0
0
0
0
0
0
0
0
0
0
0
0
0
0
0
0
0.146128035678238
0
0
0
0
0.3168242628472131
0
1.7481880270062005
0
0
0.9721521947451777
0
0
0
0
0
0
0
0
0
0
0
0
0
0
0
0
0
0
0
0
0
0
0
0
0
0
0
0.3168242628472131
0
0
0
0
0
0
0
0
0
0
0
0
0
0
0
0
0
0
0
0
0
0.24987747321659984
0
0
0
0
0
0
0
0
1.7481880270062005
0
0
0
0
0
0
0
0
0
0
0
0
0
0.7067953418479753
0
0
0
0
0
1.146128035678238
0
0
0
0
0
0
0
0
0
0
0
0.06694678963061322
0
0
0
0.9030899869919435
0
0
0
0
3.8132003168596142
0
0
0
0.13540417028646495
0
0
0
0
0
0
0
0
0
0
0
0
0
0
0
0
0
0
0.36797678529459443
1.146128035678238
0
0
0
0
0
0
0
0
0
0
0
0
0
0
0
0
0
0
0
0
0
0
0
0
0
0
0
0
0
0
0
0
1.7481880270062005
0.7939455175668755
0
2.8943160626844384
0
0
0
0
0
0
0
0
0
0
0
0
0
0
0
0
0
0
0
0.3168242628472131
0
0
1.146128035678238
0
0
0
0
0
0
0
0
0
0
0
0
0
0
0
0
0
0
0
0
0.03912668755978263
0
0
0
0.3168242628472131
0
0
0
0
0
0
0
0.6020599913279624
0
0
0
0
0
0
0
0
0
0
0
0
0
0
0
0
0
0
0
0
0
0
0
0
0
0
0
0
0
0
0
0
0
0
0
0
0.7067953418479753
0
0
0
0.9700367766225568
0
0
0
0
0
0
0
0
0
0
0
0
0
0
0
0
0
0
0
0
0
0
0
0
0
0
0
0
0
0
0
0
0
0
0
0
0
0
0
0
0
0
0
0
0
0
0
0
0
1.0492180226701815
0
0
1.4471580313422192
0
0
0
0
0.4057653461839942
0
0
0
0
0.2568263331719277
0
0
0
0
1.7481880270062005
0
0
0.3168242628472131
0
0
0.5440680443502757
0
0
0
0
0
0
0
0
0
1.6901960800285136
1.4471580313422192
0
0
0.22943914285322783
0
0
0
0
0
0
0
0
0
0
0
0
0
0
0
0
0
0
0
0
0
0
0
0
0
0
0
0
0
0.40621251085939486
0
0
0
0
0
0
0
0
0
0
0
0
0
0
0
0.46943442605337143
0
0
0
0
0
0
0
0
0
0
0
0
0
0.146128035678238
0
0
0
0
0
0
0
0
0
0
0
0
0.4057653461839942
0
0
0
0.8943160626844384
0
0
0
0
0
0
0
0
0
0
0
0
0
0.032184683371401235
0
0
0
0
0
0
0
0
0
0
0
0
0
0
0
0
0
0
0
0
0
0
0
0
0
0
0
0
0
0
0
0
0
0
0
0
0
0
0
1.7481880270062005
0
0
0
0
0
0
0
0
0
0
0
0
0
0
0
0
0
0
0
0
0
0
0
0
0
1.7481880270062005
0
0.27106677228653797
0
0
0
0
0
0.2677871585224529
0
0
0
0
0
1.7481880270062005
0
0
0
1.2684893493987273
0
0
0
0
0
0
0
0
0
0
0
0
0
0
1.271066772286538
1.4471580313422192
0
0
0
0.36797678529459443
0
0
0
0.5440680443502757
0
0
0
0
2.8943160626844384
0
0
0
0
0.9030899869919435
0
0
0
0
0
0
0
0.8519374645445622
0
0
0
0
0
0
0
0.24303804868629442
0
0
0
0.0
0
0.7067953418479753
0
0
0
0
0.6690067809585756
0
0
0
0
0
0.36797678529459443
0
0
0
0
0
0
0
0
0
0
0
0.6770208514323248
0
0
0
0
0
0
0
0
0
0
0
0
0
0
0.6020599913279624
0
0
0
0
0
0
0
0
0
0
0
0.023912157405411364
0.2568263331719277
0
0
0
0
0.9030899869919435
0
0.24303804868629442
0.38646019098860757
0
0
0
0
0
0.6020599913279624
0
0
0
0
0
0
0
0
0.16840443038939024
0
0
0
0.04782431481082273
0
0
0
0
0
0
0.49291552190289434
0
0.673617721557561
0
0
0
0
0
0
0
0
0
0
0
0
0
0
0.04695202507173915
0
0
0
0
0
0
0
0
0
0
0.9700367766225568
1.271066772286538
0
0
0
0
0
0
0
0
0
0
0
0
0
0
0
0
0
0
0
0
0.047382801549695645
0
0.19188552623891314
0
0
0
0
0
0
0
0
0
1.7481880270062005
0
0
0
0
0
0
0
0
0
0
0.6020599913279624
0
0
0
0
0
0
0
0
0
0
1.7481880270062005
0
0
0
0
0
0
0
0
0
0
0
0
0
0
0
0
0
0
0
0
1.7481880270062005
0
0
1.7481880270062005
0
0
0
0
0
0
0
0
0
0
0
0
0
0
0
0
0
0
0
0.36797678529459443
0
0
0
0
0
0
0
0
0
0
0
0
0
0.24303804868629442
0
0
0
0
0
0
0
0
0
0
0
0
1.271066772286538
0
0.9858310438057887
0
0
0
0
0
0
0
0
0
0
0
0
0
0
0
0
0
0
0
0
0
0
0
0
0
0
0
0
0
0
0
0
0
0
0.5177391056279265
0
0
0
0
0
0
0
0
0
0
0
0
0
0
0
0.6020599913279624
0
0
0
0.7481880270062005
0
0
0
0
0
0
0
0
0
0
0.032184683371401235
0
0
0
0
0
0
0
0
0
0
0
0
0
0
0
0
0
0
0
0
1.1441935359010382
0
0
0
0
0
0
0
0
0
0
0
0
0.12873873348560494
0
0
0
0
0
0
0
0
0
0
0.9030899869919435
0
0
0
0
0.8450980400142568
0
0
0
0
0
0.20411998265592482
0
0
0
0
0
0
0
0.5720967679505191
0
0
0
0
0
0
1.4471580313422192
0
0
0
0
0
0
0
1.0492180226701815
0
0
0
0
0
0
0
0
0.9700367766225568
0
0
0
0
1.0492180226701815
0
0
0
0
0
0
0
0
0
0
0
0
0
0.8450980400142568
0
0
0
0
0
0
0
0
0
0.7729203819772151
0
0
0
0
0
0
0
0
0
0
0
0.0
0
0
0
0
0
0
0
0
0
0
0
0.12873873348560494
0
0
0
1.146128035678238
0
0
0
0
0.19188552623891314
0
0
0
0
0
0
0
0
0
0
0
0.4259687322722811
0
0
0.35024801833416286
0
0
0
0
0
0
0
0
0
0
0
0
0
0
0
0
0
0
0
0
0
0.21670910996394527
0
0.6020599913279624
1.271066772286538
0
0
0
0
1.7481880270062005
0
0
0
0
0
1.271066772286538
0
0
0
0
0
0
0
0
0
0
0
0
0
0
0
0
0.21670910996394527
0.24987747321659984
0
0
1.7481880270062005
1.7481880270062005
0
0
0
0
0
0
0.21670910996394527
0.6020599913279624
0
0
0
0
0
0
0
0
0
0
0
0
0
0
0
0
0
0
0
0
0
0
0
0
0
0
0
0
0
0
0
0
0.49291552190289434
0
0
0
0
0
0
0
0
0
0
0.40823996531184964
0
0
0
0
0
0
0
0
0
0
0
0
0
0
0
0
0
0
0
0
0
1.496376054012401
0
0
0
0
0
0
0
0
0
0
0
0
0
0
0
0
0
0
0
0.17086039064925274
0
0
0
0
0
0
0
0.6020599913279624
0
0
0
0
0
0
0
0
0
0
0
0.0984360453403633
0
0
0
0
0
0
1.0492180226701815
0
0
0
0
1.7481880270062005
0
0.9030899869919435
0
0
0
0
0
0
0
0
0
0
0
0
0
0
0
0
0
0
0
0
0
0
0
0
0
0
0
0
0
0
0
0.7939455175668755
0
0
0
0
0
0
0
0
0
0
0.7359535705891889
0
0.0
0
0
0
0
0
0
0
0
0
0.19188552623891314
0
0
0
0
0
0
0
0
0
0
0
0
0
0
0
0
0
0
0
0
0
0
0
0
0.48741421089916903
0
0
0
0
0
0
0
0
0
0
0
0
0
0
0
0
0
0
0
0
0
0
0
0
0
0
0
0
0
0
0
0
0
0
0
0
0
0
0
0
0
0
0
0.146128035678238
0
0
0
0
0
0
0
0
0
0
0
0
0.1899510264617135
0
0
0
0
0
0
0
0
0
0
0
0.9858310438057887
0
0
0
0
0
0
0
0
0
0
0
0
0
0
0
0
0
0
0
0
0
0
0
0
0
0
0
0
0
0
0
0
0
0.6690067809585756
0
0
0
0
0
0
0
0
0
0
0
0
0
0
0
0
0
0
0
0
0.11598389395537347
0
0
0
0
0
0
0
0
0
0
1.4471580313422192
0
0
0
0
0
0
0
0
0.07609016907048294
0
0
0
0
0
0
0
0
0
0
0
0
0
0
0
0
0
0
0
0
1.4471580313422192
0.7067953418479753
0
0
0
0
0
0.46943442605337143
0
0
0
0.17998630293920545
0
0
0
0
0
0
0
0
0
0
0
0
0
1.271066772286538
0
0
0
0.2677871585224529
0
0
0
0
0
0
0
0
0
0
0
0
1.7481880270062005
0
0
0
0
0
0
0
0.21670910996394527
0.4471580313422192
0.1739758409330602
0
0
0
0
0.7067953418479753
0
0
0
0
0.031588534366463764
0
0
0
0
0
0
0
0
0
0
0
0
0
0
0
0
0
0
0
0
0
0
0
0
0
0
0
0
8.127809882927492
1.7481880270062005
0
0
0
0
0
0
0
0
0
0
0
0
0
0
0
0
0
0
0
0
0
0
0
0
0
0
0
0
0
0
0
0
0
0
0
0
0
1.0881360887005513
0
0
0
0
0
0
0
0
0
0
0
0
0
0.8573700873217331
0
1.0492180226701815
0
0
0
1.146128035678238
0
0
0
0
0
0
0
0
0
0
0
0
0
0
0
0
0
3.8132003168596142
0
0
0
0
0
0.6342446746993636
0
0
0.9030899869919435
0
0
0
0
0
0
0
0
0
0
0.11055987028262318
0
0
0
0
0
0.38646019098860757
1.4471580313422192
0
0
0.7067953418479753
0
0
0
0
0
0
0
0
0
0
0
0
0
0
0.08123570181652817
0
0
0
0
0
0
0
0
0
1.0492180226701815
0
0
0
0
0
0
0
0
0
0
0
0
0
0
0
0
0
0
0
0
0
0
0
0
0
0
0
0
0
0
0
0
0
1.7481880270062005
0
0
0
0.22827050721144881
0
0.09497551323085675
0
0
0
0
0
0
0
0
0
0
0
0
0
0
0
0
0
0.6020599913279624
0
0
0
0
0
0
0
0
0
0
0
0
0
0
0
0
0
0
0
0
0
0
0
0
0
0
0
0
0
0
0
0
0
0
0
0
0
0.6342446746993636
0
0
0
0
0
0
0
0
0
0
0
0
0
0
0
0
0
1.7481880270062005
1.7481880270062005
0
0.20308925454132043
0
0
0
0
0
0
0
0
0
0
0
0
0
0
0
0
0
0
0
0
0
0
0
0
0
0
0
0
0
0
0
0
0
0
0
0
0
0
0
0
0
0
0
0
0
0
0
0
0
0
0
0.12493873660829992
0
0
0
0
0
0
0
0
0
0
0
0
0
0.047382801549695645
0
0
0
0
0
0
0.28492653969257026
0
0
0.6020599913279624
0
0
0
0
0
0
0
0
0
0
0
0
0
0
0
0.3142468399594024
0
0
0
1.7481880270062005
0
0
0
0
0
0
0
0
0
0
0
0.13540417028646495
0.01565067502391305
0
0
0
0
0
0
0
0
0
0
0
0
0
0
0
0.3142468399594024
0
0
0
0.7067953418479753
0
0
0
1.271066772286538
0
1.7481880270062005
0
0
0
0
0
0.8450980400142568
0
0
0
0
0
0
0
0
1.4471580313422192
0.17086039064925274
0
0
0
0
0
0
0
0
0
0
0
0
0
0.5440680443502757
0
0
0
0
0
0
0
0
0
0
0
0.1931081002284074
0
0
0
0
0
0
0
0
0
0
0
0
0
0
0
0
0
0
0
0
0
0
0
0
0
0
0
0
0
0
0
0
0
0
0
0
0
0
0
0
0
0
0
0
0
0
0.4259687322722811
0
0.0
0
0.3599726058784109
0
0
0
0
0
0
0
0
0.08123570181652817
0
0
0
1.7481880270062005
0
0
0.33321467903538243
0
0
0
0
0
0
0
0
0
0.4713702599391036
0
0
0
0
0
0
0
0
0
0
0
0
0
0
0
0
0
0
0
0
0
0
0
0
0
0
0
0
0
1.0507440550024887
0
0
0
0
0
0
0
0
0
0
0
0
0
0
0
0
0
0
0
0
0
0
0
0
1.2684893493987273
0
0
0
0
0
0
0
0
0
0
0
0
0
0
0
0.0
0
0
0
0
0
0
0
0
0
0.11956078702705682
0
0
0
0.3837710524778263
0
0
0
0
0
0
0
0
0
0
0.3168242628472131
0
0
0
0
0
0
0
0
0
0
0
0
0
0.9700367766225568
1.7481880270062005
0.0717364722162341
0
0
0
0
0
0
0
0
0
0
0
0
0
0.08123570181652817
0
0
0
0
1.7481880270062005
0.0
0
0
0
0
0.047382801549695645
0
0
0
0
0
0
0
0
0
0
0
0
0
0
0
0
0
0
0
1.7481880270062005
1.4471580313422192
0
0
0
0.05799194697768673
0
0
0
0
0
0
0
0
0
0
0
0
0
0
0
0
0
0
0
0
0
0
0
0
0
0
0
0
0
0
0.7481880270062005
0
0.24303804868629442
0
0
0
0
0
0
0
0
0
0
0.9700367766225568
0
0
0
0
0
0
0
0
0
0
0
0
0
0
0
0
0
0
0
0
0
0
0
0
0
0
0
0.38646019098860757
0
0
0
0
0
0
0
0
0
0
0
0
0
0
0.7481880270062005
0
0
0
0
0
0.22967408712831291
0
0
0
1.2041199826559248
0
0
0
0
0
0
0
0
0
0
0
0
0
0
0
0
1.4009920733366514
0
0
0.4471580313422192
0.8450980400142568
0
0
0
0
0
0
0
0
0
0
0
0
0
0
0.5440680443502757
0.8450980400142568
0
0
0.0
0
0
1.587891035133751
0.8668364398557811
0
0
0
0
0
0
1.0492180226701815
0
0
0
0
0
0
0
0
0
0
0
0
0
0
0
0.3168242628472131
0.6342446746993636
0
0
0
0
0
0
0
0
0
0
0
0
0
1.0492180226701815
0
0
0
0
0
0
0
0
0
0
0
0
0
0
0
0
0
0
0
0
0
0
0
0
0
0
0
0.5421335445730759
0
0
0
0
0
0.13389357926122644
0
0
0
0
0
0
0
0
0
0
0
0
0
0
0
0
0
0
0
0
0.9700367766225568
0
0
0
0
0
0
0
0
0
0
0
0
1.7481880270062005
0
0
0
0
0
0
0.10473535052001297
0
0
0
0.43838410703471403
0
0
0
0
0
0
0
0
0
0
0
0
0
1.146128035678238
0
0
0.8450980400142568
0
0
0.6690067809585756
0
0
0
0
0
0
0
0
0
0
0
0
0
0
0
0.9700367766225568
0
0.3837710524778263
0.17998630293920545
0
0
0
0
0
0
0.7481880270062005
0
0
0
0
0
0
0
0
0
0
0
0
0
0
0
0
0
0
0
0
0
0
0
0
0
0
0
0
0
0
0
0
0
0
0
0
0
0
0
0
0
0
0
0.06436936674280247
0
0
0
0
0
0
0
0
0
0
0
0
0
0
0
0
0
0
0
0
0
0
1.4471580313422192
0
0
0
0
0
0
0
0
0
0
0
0
0
0.49291552190289434
0
0
0.8573700873217331
0
0
0
0
0
0
0
0
0.7939455175668755
0
0
0
0
0
0
0
0
0
0.9030899869919435
0
0
0
0
0
0
0
0
0
0
0
0
0
0
0
0
2.028826730919971
0
0
0
0
0
0
0
0
0
0
0
0
0
0
0
0
0
0
0
0
0
0
0
0
0
0
0
0
0
0
0
0
0
0
0
0
0
0
0.8115306923679884
0
0.4713702599391036
0
0
0
0
0
0
0
0
0
0
0
0
1.271066772286538
0
0.2568263331719277
0
0
0
0
0
0
0
0.5052132911681707
0
0
0
0
0
0
0
0
0
0
0
0
0
0
0
0
0
0
0
0
0
0
0
0
0
0.6020599913279624
0
0
0
0
0.6020599913279624
0
0
0
0
1.7481880270062005
0
0
0
0
0
0
0
0
0
0
0
0
0
0
0
0
0
0
0
0.5440680443502757
0
0
0
0
0.16840443038939024
0
0
0
0
0
0
0
0
0
0
0
0
0
0
0
0
0
0
0
0
0
0
0
0
0
0
0
0
0
2.542133544573076
0
0
1.0492180226701815
0
0
0
0
0
0
0
0
0
0
0
0
0
0
0
0
0
0
0
0
0
0
0.46943442605337143
0
0
0
0.33321467903538243
0
0
0
0
0
0
0
0
0
0
0
0
0
0.49291552190289434
0
0
0
0
0
0
0
0
0.8450980400142568
0
0
0
0
0
1.7481880270062005
0.46943442605337143
0
0
0
0
0
0
0
0
0
1.7481880270062005
0
0
0
0
0
0
0
0
1.146128035678238
0
0
0
0
0
0
0
0
0.43341821992789054
0
0
0
0
0
0
0
0.6690067809585756
0.6690067809585756
0
0
1.146128035678238
0
0
0
0
0
0
0
0
0
0
0
0
0
0
0.4713702599391036
0
0.7481880270062005
0
0
0
0
0
0
0
0
0
0
0
0
0
0
0
0
0
0
0
0
0
0
0
0
0
0
0
0
0
0
0
0
0
0
0
0
0
0
0
0
0
0
0.015794267183231882
0
0
0
1.7481880270062005
0
0
0
0
0
0
1.7481880270062005
0
0
0
0
0
0
0
0
0
0
0
0
0
0
0
0
0
0
0
0
1.7481880270062005
5.244564081018601
0
0
0
0
0
0
0
0
0
0
0
0
0
0
0
0
0
0
0
0
0
0
0
0
0
0
0
0
2.292256071356476
0
0.7481880270062005
0
0
0
0
0
0
0
0
0
0
0
0
0
0
0
0
0
0
0
0
0
0.6342446746993636
0
0
0
1.7481880270062005
0
0
0
0
0
0.9030899869919435
0.5440680443502757
0
0.5440680443502757
0
0
0
0
0
0
0
0
0
0
0
0
0
0
0
0
0
0
0
1.7481880270062005
0
0
0
0
0
0
0
0
0
0
0
0
0
0
0
0
0
0
0
0
0
0
0
0
0
0
0
0
0
0
0
0
0
0
0
0
0
0
0
0
0
0
0
0
0
0
0.3347339481530661
0
0
0
0
0
0
0
0
0
0
0
0
0
0
0
0
0.6342446746993636
0
0
0
0
0
0
0
0
0
0
0
0
0
0
0
0
0
0
0
0
0
0
0
0
0
0
0
0
0.5177391056279265
0
0
0
0
0
0
0
0
0
0
0
0.33321467903538243
0
0
0
0
0
0
0
0
0
0
0
0
0
0
0
0
0
0
0
0
0
0
0
0
0
0
0
0.06694678963061322
0
0
0
0
0
0
0
0
0
0
0
0
0
0
0
0
0
0.8767682140694281
0
0
0
0
0
0
0
0
0
0
0
0
0
0
0
0
0
0
0
1.2684893493987273
0
0
0
0
0
0
0
0
0
0
0
0
0
0
0
0
0
0
0
0
0.6087213525638635
0
0
0
0
0
0
0
0
0
0
0
0
0
0
0
0
0
0
0
0
0
0
0
0
0
0
0
0
0
0.3010299956639812
0
0
0
0.9700367766225568
0
0
0
0
0
0.09497551323085675
0
0
0
0
0
0
0
0
0
0
0
0
0
0
0
0
0
0
0
0
0
0
0.8450980400142568
0
0
0
0
0
0
0
0
0
0
0.6342446746993636
0
0
0
0
0
0
0
0
0
0
0
0
1.0492180226701815
0
0
0
0
0.24303804868629442
0
0
0
0
0
0
0
0
0
0
0
0
0
0
0
0
0
0
0
0
0
0
0
0
0
0
0
0.4471580313422192
0
0
1.0492180226701815
0
0
0
0.06317706873292753
0
0
0
0
0.33321467903538243
0
0
0
0
0
0.7481880270062005
0
0
0
0
0
0
0
0
0
0
0
0
0
0
0
0.5052132911681707
0
0
0
0.2857900291072444
0
0
0
0
0
0
0
0
0
0
0
0
0
0
0
0
0
0
0
0
0
0
0
0
0
0
0
0
0
1.4471580313422192
0
1.146128035678238
0
0
0
1.4471580313422192
0
0
0
0
0.06694678963061322
0
0.20411998265592482
0
0
0
0
0
0
0
0
0
0
0
0
0
0
0
0
0
1.146128035678238
0
0
0
2.8943160626844384
0
0
1.271066772286538
0
0
0
0
0
0
0
0
0
0
0
0
0
0
0
0
0
0
0
0
0
0
0
0
0
0
0
0
0
0
0
0
1.146128035678238
0
0
0
0
0
0.05477736258369568
0
0
0
0
0
0
0
0
0
0
0
0
0
0
0
0
0
0
0
0.9700367766225568
0
0
0.08543019532462637
0
0
0
0
0
0
0
0
0
0
0.4471580313422192
0
0
0
0
0
0
0
0
0
0
0
0
0
0
0
0
0
0
0
0.4471580313422192
0
0.22943914285322783
0
0
0
0
0.8943160626844384
0
0
0.6020599913279624
0.5720967679505191
1.271066772286538
0
0
0
0
0
0
1.7481880270062005
0
0
0
0
0
0
0
0
0
0
0
0
0
0
0
0
0
0
0
0
0
0
0
0
0
0
0
0
0
0
0
0
0
0
0
0
0
0
0
0
0
0
0
0
0
0
0
0.48607609737258883
0
0.4471580313422192
0
0
0
0.007825337511956526
0
0
0
0
0
0
0
0
0
0
0
0
0
0
0
0
0
0
0
0
0
0
0
0
0
1.4135906836959506
0
0
0
0
0
0
0
0
0
0
0
0
0
0.379902052923427
0
0
0
0
0
0
0
0
0
0
0
0
0
0
0
0
0
0
0
0
0
0
0
0
0
0
0
0.9030899869919435
0
0
0
0
0
0
0
0
0
1.146128035678238
0
0
9.030899869919436
0
0
0
0
0
0
0
0
0
0
0
0
0
0
0
0
0.36797678529459443
0
0
0
0
1.7481880270062005
0
0
0
0
0
0
0
0
0
0
0
0
0
0
0
0
0
0
0
0
0
0
0
0
0
0
0
0
0
0
0
0
0
0
0
0
0
0
0.11598389395537347
0
0
0
0
0
0
0
0
0
1.3414740940266576
0
0
0
0
0
0
0
0
0
0
0
0
0
0
0
0
0
0
0
0
0
0
0
0
0
0
0
0
0
0
0
0
0
0
0
0
0
0
0
0
0
0
0
0
0
0
0
0
0
0
0
0
0
0.16247140363305634
0.5177391056279265
0
0
0
0
0
0
0.33321467903538243
0
0
0
0
0
0
0
0
0
0
0
0
0
0
0
0.1899510264617135
0
0
1.146128035678238
0
0
0.7481880270062005
0
0
0
0
0
0
0
0
0
0
0
0
0
0
0
0
0
0
0
0
0
0
0
0
0
0.8519374645445622
0
0
0
0
0
0
0
0
1.7481880270062005
0
0
0
0
0
0
0
0
0
0
0
0
0
0
0
0
0
0
0
0
0
0
0
0
0
0
0
0.16092341685700617
0.06694678963061322
0
0
0
0.0
0
0
0
0
0.292256071356476
0
0
0
0.148681412727174
0
0
0.047382801549695645
0
0
1.035478211255853
0.09497551323085675
0
0.05799194697768673
0
0
0
0.3937441813614532
0
0.4505855671996173
0
0
0
0
0
0
0
0
0
0
0
0
0
0
0
0
0
0.0
0
0
0
0
0
0.11956078702705682
0
0
0
0
0
0
0.5440680443502757
0
0
0
0
0
0
0
0
0
0
0
1.271066772286538
0
0
0
0
0
0
0
0
0
0
0
0
0
0.03912668755978263
0
0
0
0
0
0
0
0
0
0.1899510264617135
0.08123570181652817
0
0
0
0
0
0
0
0
0
0
0
0
0
0
0
0
0
0
0
0
0
0
0
0
0
0
0
0
0
0
0
0
0
0
0
0
0
0
0
0
0
0
0
0
0
0
0
0
0
0
0
0
0
0.17086039064925274
0
0
0
0
1.146128035678238
0
0
0
0
0
0
0
0
0
0
0
0
0
0
1.7481880270062005
0
0
0
0
0
0
1.2684893493987273
0
0
0
0
0
0
0
0
0
0
0
0
0
0.8450980400142568
0
0.4471580313422192
0
0
0
0
0
0
0
0
0
0.2857900291072444
1.7481880270062005
0
0
0
0
0
0
0
0
0
0
0
0
0
0
0.17086039064925274
0
0
0
0
0.3168242628472131
0
0
0
0
7.34452615869127
0
0
0
0
0
0
0
0
0
0
0
0
0
0
0
0
0
0
0
0
0
0
0
0
0
0
0.03912668755978263
1.7481880270062005
0
0
0
0
0
0
0
0
0
0
0
0
0
0
0
0
0
0
0
0
0.23196778791074693
0
0
0
0
0
0
0
0
0
0
0
0
0
0
0
0
0
0
0
0
0
0
0
0
0
0
0
0
0
0
0
0
0
0
0
0
0
0
0
0
0
0
0
0.040617850908264086
0
0
0
2.9101103298676705
0
0
0
0
0
0
0
0
0
0
0
0
0
0
0
0.35024801833416286
0
0
0
0
0
0
0
0
0
0
0
0
0
0
0
0
0
0
0
0
0
0
0
0
0.6690067809585756
0
0
0
0
0
0
0
0
0
0
0
0.33321467903538243
0
0
0
0
0
0
0
0
0
0
0
0
0
0
0
0
0
0
0
0
0
0
0
0
1.7481880270062005
0
0
0
0
0
0
0
0
0
0
0
0
0
0
0
0
0
0
0
0
0
0
0
0
0
0
0
0
0.7481880270062005
0.8943160626844384
0
0
0
0.38646019098860757
0
0
0
0
0
0
0
0
0
0
0
0
0.2568263331719277
0.49291552190289434
1.7481880270062005
0
0
0
0
0
0.5177391056279265
0
0
0
0
0
0
0
0
0
0
0
0
0
0
0
0
0
0.6246936830414996
0
0
0
0
0
0
1.0492180226701815
0.0965540501142037
0
0
0.36797678529459443
0
0
0
0
0
0
0
0
0
0
0
0
0
0
0
0.06317706873292753
0.6690067809585756
0
0.3010299956639812
0
0
0
0
0
0
0
0
0
0
0
0
0
0
0
0.146128035678238
0
0
0
0
0
0
0
0
0
0
0
0
0
0
0
0
0
0
0
0
0
0
0
0
0
0
0
0.35024801833416286
0
0.5177391056279265
0
0
0
0
0
0
0
0
1.4471580313422192
0
0
0
0
0
0
0
0
0
0
0
0
0
0
0
0
0
0
0.27106677228653797
0
0
0
0
0
0
0.04921802267018165
0
0.146128035678238
0
0
0
0.46943442605337143
0
0
0
0
0
0.0
0
0
0
0
0
0
0
0
2.5352941200427703
0.1571234199797012
0
0
0
0
0
1.7481880270062005
0
0.7067953418479753
0
0
0
0.0
0
0
0
0
0
0
0.1571234199797012
0
0
0
0
0
0
0
0
0
0
0
0
0.0
0
0
0
0
0.4471580313422192
1.4471580313422192
0
0
0
0
0.13540417028646495
0
0
0
0
0
0.7004960366683257
0
0
0.5125811719477582
0
0.2708083405729299
0
0
0
0
0
0
0
0
2.542133544573076
0
0
0
0
0
0
0.37481620982489977
0
0
0
0
0
0
0
0
0
0
0
0
0
0
0
0
0
0
0
0
0
0.24370710544958452
1.7481880270062005
0
0
0
0
0.8450980400142568
0
0
0
0
0
0
0
0
0.3010299956639812
0.3010299956639812
0.04695202507173915
0
0
0
0
0
1.0835455498197264
0
0
0.2843249563578486
0
0
0
0
0
0
0
0
0
0
0.4429622040316349
0
0
0
0
0
0
0
0
0
