0.6342446746993636
0
0
1.4471580313422192
0
0
0
0
0
0
0
0
0
0
0
0
0
0
0
0
0
0
0
0
0
0
0
0
0
0
0
0
0
0
0
0
0
0
0
1.7481880270062005
0
0
0
0
0
0
0
0
0
0
0
0
0
0
0
0
0
0
0
0
0
0
1.4471580313422192
1.7481880270062005
0
0
0
0
0
0
0
0
0
0
0
0
0
0
0
0
0
0
0
0.6664293580707649
0
0
0.38646019098860757
0
0.6690067809585756
0
0
0
0
0
0
1.7481880270062005
1.146128035678238
0
0
0
0
0
0
0
0
0
0
0
0
0
0
0
0
0
0
0
0
0
0
0
0
0
1.7481880270062005
0.5177391056279265
0
0
1.7481880270062005
0
0
0
0
0
0
0
0.9700367766225568
0
0
0
0
0
0
0
0
0
0
0
0
1.7481880270062005
0
0
0
0
0
0
0
0
0
0
0
0
0
0
2.1014881100049774
0
0
0
0
0
0
0
0
0
0
0
1.6901960800285136
1.271066772286538
1.0492180226701815
1.146128035678238
0
1.806179973983887
0
1.0492180226701815
0
0
0
0
0
0
0
0
0
0
0
0
0
0
0
0
0
0
0
0
0
0.6342446746993636
0
0
0
0
0
1.146128035678238
0
0
0
1.146128035678238
1.7481880270062005
0
0
0
0
0
0
1.4471580313422192
0
0.33321467903538243
0
0.49291552190289434
0.38646019098860757
0
0
0
0
0
0
0
0
0
0
0
0.2857900291072444
0
0
0
0
0
0
0
0
0
0
0
0
0
0
0
0
0
0.9996440371061472
0
0
0
0
0
0
0
0
0
1.7481880270062005
0
1.7481880270062005
0
0
0
0
1.271066772286538
0
0
0
0
0
0
0
0
1.1593805729658226
0
0.6690067809585756
0
0
0
0
1.7481880270062005
0
0
1.7481880270062005
0
0
0
0
0.5440680443502757
1.7481880270062005
0
3.496376054012401
0
0
0
0
0
1.9027340240980908
0.7067953418479753
0
0
0
0
1.7481880270062005
0
0
1.7481880270062005
0
0
0
0
0
0
0
0
3.7409401350310025
0
0
0
0
0
0
0
0
0
0
0
0
0
0.6690067809585756
0
0
0
0
0
0
0
0
0
0.24303804868629442
0.9700367766225568
0.8450980400142568
0
0
0
0
0
0
0
0
0
0
0
0
0
0
0
0
0
0
0
0.4057653461839942
0
0
0
0.11956078702705682
0.5720967679505191
0
0
0
0
0
0
0
1.7481880270062005
0
0
0
0
0
1.271066772286538
0
0
0
0.3010299956639812
0
0
0
0
0
0.5720967679505191
1.1441935359010382
0
0
0
0
0
0
0
0
1.7481880270062005
0
0
0
0
0
0
0
0
0
0
0
0
0.19188552623891314
0
0
0.35024801833416286
0
0
0
0
0
0
0
0
0
0
0
0
0
0
0
0
0
0
0
0.6342446746993636
0
0
0
0.146128035678238
0
0
0
0
0
0
0
0
0
0
0
0
0
0
0
0
0
0
0
0
0
0
0
0
0
0
0
0
0
0
0
0
0
0
0
0
0
0
0
0
0
0
0
2.098436045340363
0.9721521947451777
0
0.3937441813614532
0
0
0
0.1434729444324682
0
0.17998630293920545
0
0
0
0.2568263331719277
0
0
0
0
0
0
0
0
0
0
0
0
0
0
0
0
0
0
0
0
0
0
0
0
0
0
0
0
1.7481880270062005
0
0
0
0
0
0
0
0
0
0
0
0
0
0
0
0
0
0.7481880270062005
0
0
0
0.05477736258369568
0
0
0
0
0
0.35024801833416286
0
0
0
0
0
0.27106677228653797
0.0
0
0.1878081002869566
0.8450980400142568
0
0
0
0.9700367766225568
0
0.6020599913279624
0
0
0.04695202507173915
0
0
0
0
0
0
0
0
0
0
0
0
0
0
0
0
0
0
0
0
0
0
0
0
0.8547796190777107
0
0.7067953418479753
0
0
0
0
0
0
0
0
0
0
0
0
0
0
0
0
0
0
0
0
0
0
0
0
0
0
0
0
0
0
0
0
0
0
0
0
0
0
0
0
0
1.4471580313422192
0
0
0
0
0
0
0
0
0
0
0.6123599479677745
0
1.271066772286538
0
0
0
0
0
0
0
0
0
0
0
0
0
0
0
0
0
0
1.271066772286538
0
0
0
1.7481880270062005
0
0
0
0.21670910996394527
0
0
0.9030899869919435
1.7481880270062005
0
0
0
0
0
0
0
0
0
0
0
0
0
0
0
0
0
0
0
0
0
0
0
0
0
0
1.496376054012401
0
0
0
0
0
0
0
0
0
0
0
0
0
0
0
0
0
0
0
0
0
0
0
0
0
0.4259687322722811
0
0
0
0
0
0
0
0
0
0
0
0
0.7067953418479753
0
0
0
0
0
0
0
1.4471580313422192
0
0
0
0
0
0
0
0
0
0.8450980400142568
0
0
0
0
0
0
0
0
0
0
0
0
0
0
0
0.08123570181652817
0
0
0
0
0
0
0
0
0.36797678529459443
0
0
0
0
0
0
0
0
0
0
0
0.4471580313422192
0
0
0
0
0
0
0
0
0
0
0
0
0
0
0
0
0
0
0
0
0
0
0
0
0
0
0
0
0
0
0
0
0
0
0
0
0
0
0
0
0
0.9700367766225568
0.146128035678238
0
0
0
0
0
0
1.7481880270062005
0.047382801549695645
0.0984360453403633
0
0
0.24303804868629442
0
0
0
0
0
0
0
0
0.46943442605337143
0
0.1571234199797012
0
0
0
0
0
0
0
0
0
0
0
0
0
0
0
0
0
0
0
0
0.36797678529459443
0
0
0
0
0
0
0.6342446746993636
0
0
0
0
0
0
0
0
0
0
0.12493873660829992
0
0.8115306923679884
0
0
0
0
0
0
0
0.7291141460588833
0
0
0
1.0492180226701815
0.8420221519469512
0
0
0
0
0
0
0
0
0
0
4.515449934959718
0
0
0
0
0
0
0
0
0
0
0
0
0
0
0
0
0
0
0
0
0
1.4471580313422192
0
0
0
0
0
0
0
0
0
0
0
0
0
0
0
0
0
0
0
0
0
0
0
0
0
0
0
0
0
0
1.271066772286538
0
0
0
0
0
1.7481880270062005
0
0
0
0
0
0.37481620982489977
0
0
0
0
0
0
0
0
0
0
0.7481880270062005
0
0
1.271066772286538
1.7481880270062005
0
0
0
0
0
0
0
0
0
0
0
0
0
0
0
0
0
1.146128035678238
0
0
0
0
0
0
0
0
0
1.7481880270062005
1.7481880270062005
0
0
0
0
0
0
0
0
0
0
0
0
0
0.07609016907048294
0
0
0
0
0
0
0
0
0
0
0
0
0
0
0
0
0
0
0
0
0
0
1.7481880270062005
0
0
0
0
0
0
0
0.21670910996394527
0
0
0
0
0
0
0
0
0
1.7481880270062005
0.8450980400142568
0
0
1.271066772286538
0
0
0
0
0.42715097662313184
0
0
0
0
0
0.0
0
0
0
0.0
0
0.21670910996394527
0
0
0
0
0.2857900291072444
0.3168242628472131
0
0.5440680443502757
0
0
0
0
0
0
0
0
0
0
0
0
0.6020599913279624
0
0
0.21670910996394527
0
0
0
0
0
0
0
0
0
0
0
0
0
0
0
0
0.21670910996394527
0
0
0
0
0
0
0
0
0
0
0
0
0
0
1.271066772286538
0
0
0.4471580313422192
0
0
0.6690067809585756
0
0.6020599913279624
0
0
0
0
0
0
0
0
0
1.0492180226701815
0
0
0
0
0
0
0
0
0
0
0
0
0
0
0
0
0
0
0
0
3.496376054012401
0
0
0
0
0
0
0.8450980400142568
0
0
0
0
0
0
0
0
0
0
0
0
0
0
0
1.7481880270062005
0
0
0
0
0
0
1.2684893493987273
0.7067953418479753
0
0
0
0
0
0
0.7481880270062005
0
0
0
0
0
0
0
0
0
0
0
0
0
0
0
1.7481880270062005
0
0
2.8943160626844384
0
0
0.4057653461839942
1.6901960800285136
0
0.6648285926159972
0
0
0
0
0
0.28492653969257026
0
0
0
0
0
0
0
0
0
0
0
0
0
0
0
0
0
0
0
0
0
0
0
0
0.4748775661542837
1.4471580313422192
0
0
0.22827050721144881
0
0
0
0
0
0
1.146128035678238
0
0
0
0
0
0
0
0
1.1441935359010382
0
0
0
1.2041199826559248
0
0
0
0
0
0
0
0
0
0
0
0.8369255091893978
0
0
0
0
0
0
0
0.8450980400142568
0
0
0
0
0
0
0
0
0
0
0
0
0
0
0
0
0
0
0
0
0
0
0
0
0
0
0
0
1.7481880270062005
0
0
1.4471580313422192
0
0
0
0
0
0
0
0
0
1.0492180226701815
0
0
0
1.7481880270062005
0
0
0
0
0
0
0.1968720906807266
0
0
0
0
0.38646019098860757
0
0
0
0
0
0
0
0
0
1.9400735532451137
0
0
0
0.40823996531184964
0
0
0
0
0
0
0.3347339481530661
0
0
0
0
0
0
0
0
0
0
0
0
0
0
0
0
0
0
0
0
0
0
2.244564081018601
0
0
0
0
0
0
0
0
0
0
0
0
0
0
0
0
0
0
0
2.542133544573076
0
0
0
0
0
0
1.806179973983887
0
0
0
0
0
0
0
0
0
0
0
0
0
0
0
1.7481880270062005
1.7481880270062005
0.8450980400142568
0
0
0
0
0
0
0
0.16840443038939024
0
0
0
0
0
0
0
0
0
0
0
1.0492180226701815
0
0
0
0
0
0
0
0
0
0
0
0
0
0
0
1.7481880270062005
0.24303804868629442
0
0
0
0
0
0
0
1.7481880270062005
0
0
0
0
0
0
0
0
0
0
1.0492180226701815
0
1.146128035678238
0
0
0
0
0
0
0.6020599913279624
0
0
0
0
0
0
1.146128035678238
0
0
0
0
0
0
0
0
0
0
0
0
0
0
0
0.3168242628472131
0
0
0
0
0
0
0
0
0
0.2568263331719277
0
1.2041199826559248
0
0
0
0.10473535052001297
0
0
0
0
0
0
0
0
0.0939040501434783
0
0
0
0
0
0
0
0
0
0
0.6690067809585756
0
0
0
0.5720967679505191
0
0
0
0
0
0
0
0
0
1.5409579990315663
0.49291552190289434
1.271066772286538
0
0
0
0
0
0
0
0
1.4471580313422192
1.1244486294746994
0
0
0.7704789995157831
0
0
0
0
0
0
0
0
0
0
0
0
0
0
0
0
0
0
0
0
0
0
0
0
0
0
0
0
1.7481880270062005
0
0
0
0
0
0.7481880270062005
0
0
0
0
0
0
0.20411998265592482
0
0
0
0
0
0
0
0
0
0
0
0.24303804868629442
0
0
0
0
1.146128035678238
0
0
0
0
0.4471580313422192
0
0
0
0
0
0
0
1.4471580313422192
0
0
0
0
0
0
0
0.20308925454132043
0
0
0
0
0
0
0
0
0
0
0.15218033814096588
0
0
0
0
0
0
0
0
0
0
0.38646019098860757
0
0
0
0
0
0
0
0
0
0
0
2.292256071356476
0
0
0
0
0
0
0
0
0
5.788632125368877
0
0
0
1.4471580313422192
0
0
1.7481880270062005
0
0
0
0
0
0
0
0
0
0
0
0
0
0
0.24303804868629442
0
0
0
0
0
0
0
0
0
0
0
0
0
0
0
0
0
0
0
0
0
0
0
0
0
0
0
0
0.4259687322722811
0
0
0
0
0
0
0
0
0
0
0
0
0
0
0
0
1.2041199826559248
0
0
0
0
0
0
0
0
0
0
0
0
0
0
0.9594276311945658
0
0
0
0
0
0
0
0
0
0
0
0
0
0
0
0
0
0
0
0
0
1.7481880270062005
0.9700367766225568
0
0
0
0
0
0.7939455175668755
0
0
0
0
0
0
0
0
0
0
1.4471580313422192
0
0
0
0
0
0
0
0
0
0
0.7067953418479753
0
0
0
0
0
0
0
0
0
0
0
0
0
0
0
0
0
0
0
0
0
0
0
1.271066772286538
0
0
0
0
0
3.496376054012401
0
0
0
0
0
0.2568263331719277
0
0
0
0
0
0
0
0
0
0
0
0
0
0
0
0
0
0
0
0
0
0
0
0
0
0
0.8450980400142568
0
0
0
0
0
0
0
0
0
0
0
0
0
0
0
0
0
0
0
0
0
0
0
0
1.4471580313422192
0
0
0
0
0
0
0
0
0
0
0
0
0
0
0
0
0.9700367766225568
0
0
0
0
0
0
0
0
0
0
0
0
1.4471580313422192
0
0
0
0
0
0
0
0
0
0
0
0
0
0
0
0
0
0
0
0
0
1.0492180226701815
0
0
0
0.6342446746993636
0
0
0
0
0
0
0
0
0
0
0
1.7481880270062005
0
0
0
0
0
0
0
0.33321467903538243
0
2.292256071356476
0
0
0
0
0
0.5399589088176163
0.40621251085939486
0
0
0
0
0
0
0
0
0
0
0
0
0
0
0
0.20084036889183965
0
0
0
0
0
0
0
0
0
0
0
0
0
0
0
0
0
0
0
0
0
0
0
0
0
0
0
0
0
0
0
0
0
0
0
0
0
0
0
0.4471580313422192
0
0
0
0
0
0
0
0
0
0
0
0
0
0
0
0
0
0
0
0.7939455175668755
0
0.3010299956639812
0
0
0
0
0
0
0.146128035678238
0
0
0
0
0
0
0
0
0
0.48607609737258883
0
0
0.9700367766225568
0
0
0
0
0
0
0
0
0
0
0
0
0
0
0
0.6342446746993636
0
0
0
0
1.6901960800285136
0
0
0
0.6336485256944262
0
0
0
0
0
0
0
0
0.33321467903538243
0
0
0
0
0
0
0
0
0
0
0
0
0.7496324196497995
0
0
0
0
0
0
0
0
0
0
0
0
0
0
0
0
0
0
1.271066772286538
0
0
0.7939455175668755
0
0
0
0
0
0
0
0
0
0
0
0
0
0
0
0
0
0
0.20084036889183965
0
0
0
0
0
0
0
0
0
0
0
0.36797678529459443
0.13540417028646495
0
0.6342446746993636
0
0.9186963485132517
0
0
0
0
0
0
0
0
0
0
0
0
0
0
0
0
0
0
0
0
0
0
0.8519374645445622
0
0
0
0
0
3.3803921600570273
0
0
0
0
0
0
0
0
0
0.6690067809585756
0
0
0
0
0
0
0
0
1.7481880270062005
0
0
0
0
0
0.7939455175668755
0
0
0
0
0
0
0
0
0
0
0
0.3168242628472131
0
0
0
0
0
0
0
0
0
0
0
0
0
0
0
0
0
0
0
0.08543019532462637
0
0
0
0
0
0
0
0
0
0.0626027000956522
0
0
0
0.6336485256944262
0
0
0
0
0
0
0
0
0
0
0
0
0
0
0
0
0
0
0
0
0
0
0
0
0
0
0
0
0
0
0
0
0
0
0.38646019098860757
0
1.7481880270062005
0
0
0
0
0
0
0
0
0
0
0
0.9700367766225568
0
0
0
0
0
0
0
0
0
0
0
0
0
0
0
0
0
0
0
0
0
0
0
0
1.4471580313422192
0
0
0
0
0
0
1.7481880270062005
0
0
0
0
0
0
0
0
0
0
0
0
0
0
0
0
0
0
0
0
0
0
0
0
0
0
0
0
0.8450980400142568
0
0.2568263331719277
0
0
0
1.7481880270062005
0
0
0.146128035678238
0
0
0.3010299956639812
0
0
0
0
1.146128035678238
0
0
0
0
0
0
0
0
0
0.45887828570645567
0
0
0
0
0
0
0
0
0
0
0
0
0
0
0
0
0
0
0
1.1039303558837834
0
0
0.48607609737258883
0
0
1.271066772286538
0
0
0
0.13540417028646495
0
0
1.9400735532451137
0
0
0
0
0
0.7067953418479753
0
0
0
0
0
0
0
0
0
0
0
0
0
0
0
0
0
0.7481880270062005
0
0
0
0
0
0.9700367766225568
0
0
0
0
0
0
0
0
0
0
0
0
0
0
0
0
0
0
0
0
0
0
0
0
0
0
0
0.0965540501142037
0
0
0
0
0
0
0
0
0
0
0
0
0
0
0
0
0
0
0
1.4471580313422192
0
0
0
0
0
1.7481880270062005
0
0
1.7481880270062005
0
0
0
0
0
0
0
0
0
0
0
0
0
0
0
0
0
0
0
0
0
0
0
0
0
0
0
0
0
0.9030899869919435
0
0
0
0
0
0
0
0
0.27106677228653797
0
0
0
0
0
0.06694678963061322
0
0
0
0
0
0
0
0.49291552190289434
0
0
0
0
0
0
0
0
0
0
0
0
0
0.7481880270062005
0
0
0
0
0
0
1.806179973983887
3.31179106765135
0
0
0
0
0
0
0
0
0
0
0
0
0
0
0
0
0
0
0
0
0
0
0
0
0
0
0
0
0
0.24303804868629442
0
0
0
0.0
0
0
0
0
0
0
0
0
0
0
0
0
0
0
0
0
0
0
0
0
0
0
0
0
1.0832333622917196
0.9030899869919435
0
0
0
0.5440680443502757
0
0
0
0
0
0
0
0
0.3168242628472131
0
0
0
1.4471580313422192
0
0
0
0
0
0
0
0
0
0
1.4471580313422192
0
0
0
0
0
0
0
0.4471580313422192
0
0
0
0
0
0.6690067809585756
0
0
0
0
0
0
0
0.3368088607787805
0
0
0
0.5021553055136386
0
0
0
0
0
0
0
0
0.3368088607787805
0
0
0.9700367766225568
0
0
0
0
0.22967408712831291
0
0
0
0
0
0
0.04695202507173915
0
0
0
0
0
0
0
0
0
0
0
0
0
0
0
0
0
0
0
0
0
0
0
0
0
0
0
0
0
0
0
0
0.031588534366463764
0
0
0
0
0
0
0
0
0
0.9030899869919435
0
0
0
0
0
0
0
0
0
0
0.36797678529459443
0
0
0
0.9700367766225568
0
0
0
0
0
0
0
0
0
0
0
0
0
0
0
0
0
0
0
0
0
0
0
0
0
0
0
1.7481880270062005
0
0
0
0
0
0
0
0
1.0492180226701815
0
0
0
0
0
0
0
0
0
0.8943160626844384
0
0
0
0
0
0
0
0
0
0
0
0
0
0
1.7481880270062005
0
0
0
0
0.24303804868629442
0
0
0
0
0.9030899869919435
0
0
0
0
0
0
0
0
0
0
0
0
0
0
0
0
0
0
0
0
0
0
0
0
0
0
0
0
0
0
0
0
0
0
0
0
0
0
0
0
0
0
0
0
0
0
0.46943442605337143
0
0
0
0.7067953418479753
1.0492180226701815
0
0
0
0
0
0
0
0
0
0
0
0
0
0
0
0
0
0
0
0
0
0
0
0
0
0
0
0
0
0
0
0
0
0
0
0
0
0
0
0
0
0
0
0
0.5720967679505191
0
0
0
0
0
0
0
0
0
0
0
0
0.5793243006852222
0
0
0
0
0
0
0
0
0
0
0
0
0
0
0
0.8450980400142568
0
0
0
1.4471580313422192
0
0.20411998265592482
0
1.0492180226701815
0
0
0
0
1.0881360887005513
0
0
0
0
0
0
0
0
0
0
0.8519374645445622
0
0
0
0
0
0
0
0
0
0
0
0
0
0
0
0
0
0
0
0
0
0.20411998265592482
0.7939455175668755
0
0
0.10473535052001297
0
0
0
0
0
0
0
0
0.7939455175668755
0
0
0
0
0
0
0
0.7729203819772151
0
0
0
0
0
0
0
0
0
0
0
0.0
0
1.7481880270062005
0
0
0
0
0
0
1.271066772286538
1.0492180226701815
0
0.06436936674280247
0
0
0
0
0
0
0
0
0.5756565787167394
0
0
0
0
0
0
0
0
0
0
0
0
0
0
1.4009920733366514
0
0
0
0
0
0.12493873660829992
0
0
0
0
0
0
0
0
0
0
0
0
0
0
0
0.21670910996394527
0
0
0
0
0
0
0.9030899869919435
0
0
0
0
0
0
0
0
0
0
0
0
0
0
0
0
0
0
0
0
0
0
0
0.21670910996394527
0.12493873660829992
0.6342446746993636
0.33321467903538243
0
0
0
0
0
0
0
0
0.21670910996394527
0.6020599913279624
0
0
0
0
0
0
3.3803921600570273
0
0
0
0
0
0.5720967679505191
0
0
0
0
0
0
0
0
0
0
0
0
0
0
0
0
0
0
0
0
0
0
0
0
0
0
0
0
0
0
0.20411998265592482
0
0
0
0
0
0
0
1.271066772286538
0
0.5720967679505191
0.5177391056279265
0
0
0
0
0
0
0
0
0
0
0
0
0
0
0
0
0
0
0
0
0
0
0
0
0
0
0
0
0
0
0.34172078129850547
0
0
0
0
0
0
0
0
0
0
0
0
1.7481880270062005
2.292256071356476
0
0
0
0
0
0.1968720906807266
0
0
0
0
0
0
0
0
0
0
0
0
0
0
0
0
0
0
1.146128035678238
0
0
0
0
0
0
0
0.6342446746993636
0
0
0
0
0
0
0
0
0
0
0
0
0
0
0
0
0
0
0
0
0
0
0
0
0
0
0
0
0
1.1039303558837834
0
0.0
0
0
0
0
0.7067953418479753
0
0
0
0
0.19188552623891314
0.9700367766225568
0
0
0.9030899869919435
0
0
0
0
0
0
0
0
0
0
0
0
0
0
0
0
0
0
0
0
0.16247140363305634
0
0
0
0.4057653461839942
0
0
0
0
0
0
0
0
0
0
0
0.7481880270062005
0
0
0
0
0
0
0
0
0
0
0
0
0
0.9030899869919435
0
0
0
0
0
0
0
1.271066772286538
0
0
0
0.01565067502391305
0
0.292256071356476
0
0
0
0
0
0
0
0
0
0
0
0
0.1899510264617135
0
0
0
0
0
0
0
0
0
0
0
0.49291552190289434
0
0
0.46943442605337143
0
0
0
0
0
0
0
0
0
0
0
0
0
0
0.13540417028646495
0
0
0
0.7729203819772151
0
0
0
0
0
0
0
0
0
0
0
0.6690067809585756
0
0
1.587891035133751
0
0
0
0
0
0.6020599913279624
0
0
0
0
0
0
0
0
0.33321467903538243
1.271066772286538
0.4259687322722811
0.05799194697768673
0
0
0
0
0
0
2.120386025543926
0
0
0
0
0
0
0
0
0
0
0
0
0.6848115216343464
0
0
0
0
1.271066772286538
0
0
0
0.9030899869919435
0
0
0
0
0
0
0
0
0
0
0
0
0
0.49291552190289434
0
0
0
0
0
0
0
0
0.5399589088176163
0
0.6342446746993636
0
0
0
0
0
0
0
0
0
0
0
0
0
0
0
0.3347339481530661
0
0
0
0.38646019098860757
0
0
0
0
0
0
0
0
0
0
1.146128035678238
0
0
0
0
0
1.9503819896755075
0.4471580313422192
0
0
0
0
0
0
0
0
0
0
0.047382801549695645
0
0
0
0
0
0
0
0
0
0
0
0.9030899869919435
0
0
0
0
0
0
0.9030899869919435
0
0
0
0
0
0.8132003168596139
0
0.3168242628472131
0
0.9030899869919435
0
0
0
0
0
0
0
0
0
0
5.244564081018601
0
0
0.2568263331719277
0
0
1.7481880270062005
0
0
0.08543019532462637
0
0
0
0
0
0
0
0
0
0.3010299956639812
0
0
0
0
0
0
0
0
0
0
0
0
0
0
0
0
0
0
0
0
0
0
0
0
0
0
0
0
0
0
0
0
0
0
1.7481880270062005
0
0
0
0
0
0
0
0
0
0
0
0
0
0
0
0
0
0
0
0
0
0
0
0
0
0
0
0
0
0
0
0.09476560309939129
0
0
0
0
0
0
0
0
0
0
0
0
0
0
0
0
0
0
0
0
0
0
0
0
0.040617850908264086
0
0
0
0
0
0
0
0
0
0
0
0
0
1.7481880270062005
0
0
0
0
0
0
0
0
0
0
0
0.6284936799188048
0
0
0
0
0
1.4471580313422192
0
0
0
0
0
0
0
0
0
0
0
0
0
0
0
0.30436067628193175
0
0
0
0
0
0
0
0
0
0
0
0
0
0
0
0.7067953418479753
0
0
0
0.6020599913279624
0.5720967679505191
0
0
0
0
0
0
0
0
0
0
0
0
0
0
0
1.7481880270062005
0
1.271066772286538
0
0
0
1.2041199826559248
0
0
1.3380135619171512
0
0
0
0
1.7481880270062005
0
0
0
0
0
0
0
0
0
0
0.17998630293920545
0
0
0
0
0
0
0
0
0
0
0
0
2.542133544573076
0
0
0
0.2843249563578486
0
0
0
0
0
0
0
0
0
0
0
0
0
0
0
0
0
0
0
0
0
0
0
0
0
0
0
0
0
0
0
0
0
0
0
0
0
0
0
0
0
0
0
0
0
0
0
0.5720967679505191
0
0
0
0.37481620982489977
0
0
0
0
0
0
0
0
0
0
0
0
0
0.23691400774847823
0
0
0
0
0
0
0.379902052923427
0
0
0
0
0
0
0
0
0
0
0
0
0
0
0
0
0
0
0
0
0
0
0
0
0
1.146128035678238
0
0.5720967679505191
0
0
0
3.496376054012401
0
0
0.40621251085939486
0.01565067502391305
0.8450980400142568
0
0
0
0
0
0
0
0
0
0
0
0
0
0.06436936674280247
0
0
0
0
0
0
0
0
0
0
0
0
0
0
0
0
0
0
0.8668364398557811
0
0
0
0
0
0
0
0
0
0
0
0
0
0
0
1.146128035678238
0
0
0
0
0
0
0
0
0
0
0
0
0
0
0.4016807377836793
0
0
0.2574774669712099
0
0
0
0
1.7481880270062005
0
0
0
0
0
1.7481880270062005
0
0
0
0
0
0
0
0
0
0
0
0
0
0
0
0
0
0
0
0
0
0
0
0
0
0
0
0
0
0
0
0
0
0
0
0
0
0.0
0
0.17998630293920545
0
0
0
0
0
0
0.2708083405729299
0
0.20308925454132043
0
0
0
0
0
0
0.9996440371061472
0
0
0
2.8943160626844384
0
0
0
0
0.4471580313422192
0.6284936799188048
0
0.3599726058784109
0
0.5720967679505191
0
0
0
0
0
0
0
0
0
0
0
0
0
0
0
0
0
0
0
0
0
0
0
0
0
0
0
0
1.0492180226701815
0
0
0
0
0
0.8420221519469512
0.9504727885416393
0
0
0
0.49291552190289434
0
0
0
0
0
0
0
0
0
0
0
0
0
0
0
0
0
0
0
0
0
0
0
0
0
0
0.0
0
0
0
0
0
0
0
0
0
0.21520941664870227
0
0
0
0.3837710524778263
1.0492180226701815
0
0
1.4471580313422192
0
0
0
0
0
0.2857900291072444
0.3168242628472131
0
0
0
1.146128035678238
0
0
0
0
0
0
0
0
0
0
0
0.31085804627034774
0
0
0.5136526663438554
0
0
0
0
0
0
0
0.6690067809585756
0
0
0.12185355272479226
0
0
0
0
0
0.0
0
0
0
0
0.11055987028262318
0
0
0
0
0
0
0
0
0
0
0
0
0
0
0
0
0
0.6342446746993636
0
0
0
0
0
0
0.23196778791074693
1.271066772286538
0
0
0
0
0
0
0
0
0
0
0
0
0
0
0
0
0
0
0
1.4471580313422192
0
0
0
0
0
0
0
0
0
0
0
0.24303804868629442
1.0492180226701815
0
1.4471580313422192
0
0
0
0
0
0
0
0
0
1.806179973983887
0
0
0
0
0
0
0
0
0
0
0
0
0
0
0
0
0
0
0
0
0
0
0
0
0
0.7729203819772151
0
0
0
0
0
0
1.146128035678238
0
0
0
0
0
0
0
0
0
0
0
0
0
0.22967408712831291
0
0
0
0
0
0
0
0
0
0
0
0
0
0
0
0
0
0
0
0
0
0
0.6020599913279624
0
0
0
0.4057653461839942
0
0
0
0
0
0
0
1.146128035678238
0
0
0
0
0
0
0
0
0.0
0
0
0
3.6840548693870696
3.496376054012401
0
0
0
0
1.0492180226701815
0
0
0
0
0
1.7481880270062005
0
0
0
0
0
0
0
0
0
0
0
0
0
0
0
0
0
0
0
0
0
0
0
0
0
0
0
0
0
0
0
0
0.6020599913279624
0
0
0
0
0
0
0
0
0
0
0
0
0
0
0
0
0
0
0
0
0
0
0
1.7481880270062005
0
0
0.06694678963061322
0
0
0
0
0
0
0
0
0
0
0
0
0
0
0
0
0
0
0
0
0
0
0
0
0
0
0
1.4471580313422192
0
0
0
0
0
0
0
0
0
1.1039303558837834
0
0
0.10473535052001297
0
0
0
0
0
0
0
0.3837710524778263
0
0
0
0
0
0
0
0
0
0
0
0
0
0
0
0
0
0
0
0
0
0.8450980400142568
0
0
0
0
0
0.5440680443502757
0
0
0
0
0
1.1513131574334787
0
0
0
0
0
0
0
0
0
0
0
1.7481880270062005
0
0
0
0
0
0
0
0
0
0
0
0
0
0
0
0
0
0
0
0
0
0
0
0
0
0
0
0
0
0
0
0
0
0
0
0
0
0
0
0.0965540501142037
0
0
0
0
0
0
0
0
0
0
0
0
0
0
0
0
0
0
0
0
0
0
0
0
0
0
0
0
0
0
0
0.7067953418479753
0
0
0
0
0
0
0
0.2857900291072444
0
0
0
0
0
0
0
0
0
0
0
0
0
0
0
0
0
0
0
0
0
0
0
0
1.271066772286538
0
0
0
0
0.9030899869919435
1.7481880270062005
0
0
0
0
0.4057653461839942
0
0
1.0492180226701815
0
0
1.4471580313422192
0
0
0
0
0
0
1.0492180226701815
0
0
0
0
0
0
0
0
0
0
0
0
0
0
0
0
0
0
0
0
0
0
1.496376054012401
0
0
0
0.8943160626844384
0.1571234199797012
0.5720967679505191
0
0
0
0
0
0
0
0
0.49291552190289434
0
0
1.271066772286538
0
0
0
0
0
0
0
0
0
0.8420221519469512
0
0
1.146128035678238
0
0
0
0
0
0
0
0
0
0
0
0
0
0
0
0
0
0
1.271066772286538
0
0
0
0
0
0
0.04782431481082273
0
0
0
0
0
0
0
0
0
0
0
0
0
0
0
0
0
0
0
0
0
0
0
0
0
0
0
0
0
0
1.7481880270062005
0
0
0
0
0
0
0
0
0
0.5177391056279265
0
0
0
0
0
0
0
0
0
0
0
0
0
0
0
0
1.271066772286538
0
0
0
0
0
0
0
0
0
0.5177391056279265
0
0
0
0
0
0
0
0
0
0
0.9030899869919435
0
0.22967408712831291
0
0
0
0
0
0
0
0
0
0
0
0
0
0
0
0
0
0
0
0
0
0
1.035478211255853
0
0.49291552190289434
0
0
0
0
0
0
0
0
0
0
0
0
0
0
0
0
0
0
0
0
0
0.6342446746993636
0
0
0
0
0
0
0
0
0
0
0
0
0
0.6690067809585756
0
0
0
0
0
0
0
0
0
0
0
0.2568263331719277
0
0
0
0
0
0
0
0
0
0
0
0
0
0
0
0
0
0
0
0
0
0
0.1571234199797012
0
0
0
0
0
0
0
0
0
0.7067953418479753
0
0
0
0
1.7481880270062005
0
0
0
0
0
0
0
0.4057653461839942
0
0
0
0
0
0
0
0
0
0
0
0
0
0
0
0
0
0
0
0
0
0.015794267183231882
0
0
0
0
0
0
1.271066772286538
0
0
0
0
0
0
0
0
0
0
0
0
0
0
0
0
0
0
0
0
0
0
0
0
0
0
0.22967408712831291
0
0
0
0.9700367766225568
0
0.20411998265592482
0
0
0
0
0
1.1441935359010382
0
0
0
0
0
0
0
0
0
0
0
0
0
0
0
0
0
0
0
0
0
0
0
0
0
0
0
0
0
0
0
0
0
0
0
0
0
0
0
0
0
0
0
0
0
0
0
0
0
0
0.5440680443502757
0
0
0
1.1441935359010382
0
0
0
0
0
0
0
0.5440680443502757
0
0
0
0
0
0
0
0
0
0
0
0
0
0
0
0
0
0
0
0
0
1.0492180226701815
0
0
1.4471580313422192
0
0
1.7481880270062005
0
0
0
0
0
0
0
0
0.9030899869919435
0
0
0
0
0
0
0
0
0
0
1.4471580313422192
0
0
0
0
0
0
0.2857900291072444
0
0.13389357926122644
0
0
0
0
0
0
0
0
0
0
0
0
0
0
0
0
1.2684893493987273
0
0
0
0
0
0
0
0
0
0
0
0
0
0
0
0
0
0
0.9700367766225568
0
0
0
0
0
0
0
0
0
0
0
0.7939455175668755
0
0
0
0
0
0
0
0
0
0
0
0
0
0
0
0
0
0
0
0
0.4471580313422192
0
0
0
0
0.6336485256944262
0
0
0
0
0
0
0
0
0
0
0
0.3347339481530661
0
0
0
0.7291141460588833
1.7481880270062005
1.0799178176352326
0
0
0
0
0
0
0
0
1.8777377042134857
0
0
0.146128035678238
0
0.6020599913279624
0.7481880270062005
0.6020599913279624
0
0
0
0
0
0
0
0
0
0
0
0
0
0.16840443038939024
0
0
0
0.08543019532462637
0
0.38646019098860757
0
0
0
0
0
2.7203402217513784
1.7481880270062005
0
0
0
0
0
0
0
0
0
0.22827050721144881
0
0
0
0
0
0
0
0
0
0
0
0
0
0
0
0
0
0
0
1.806179973983887
0
0
0
0
0
0
0
0
0
0.3010299956639812
0
0.7496324196497995
0
0
0
0.3168242628472131
0
0
0
0.1899510264617135
0.33321467903538243
0
0
0
0.4471580313422192
1.271066772286538
0
0
0
0
0.17998630293920545
0
0
0
0
0
0
0
0
0
0
1.496376054012401
0
0
0
1.0492180226701815
0
0
0
0
0
0
0
1.2684893493987273
0
0
0
0
0
0
0
0
0
0
0
0.7481880270062005
0
0
0
0
0.8519374645445622
0
0
0
0.6690067809585756
0
0
1.7481880270062005
0
0
0
0
0
0
0
0
0
0
0
0
1.146128035678238
0
0
0
0
0
0
0
0
0.4471580313422192
0
0
0
0
0
0
0.4106509467640289
0
0
0
0
0
0
0
0
0
0
0
0
0
0
0
0
0
0
0
0
0
0
0
1.271066772286538
0
0.36797678529459443
0.16840443038939024
0
0
0
0.5715800582144888
0
0
0
0
0
0
0
0
0
0
0
0
0
0
0
0
0
0
0
0
0
0
0
0
0
0
0
0
0
0
0
0
0.33321467903538243
0
0
0
0
0
0
0
0.13389357926122644
0
0
0
0
0
0
0
0
0
0
0
0
0
0
0
0
0
0
0
0
0
0
0
0
0
0
0
0
0
0
0
0
0
0
0
0
0
0
0
0
1.4471580313422192
0
0
0
0
0
0
1.7481880270062005
0.24303804868629442
0
0
0
0
0
0
0
0
0
0
0
0
0
0
0
0
0
0
1.4471580313422192
1.4471580313422192
0
0
0
0
0
0
0
0
0
0
0.7481880270062005
0
0
0
0
0
0
0
0
0
0
0
0
0
0
0.46943442605337143
0
0
0
0
0
0
0
0
0
0
0
0
0
0
0
0
0
0
0
0
0
0
0
0.5720967679505191
0.8943160626844384
0
0.45887828570645567
0
2.542133544573076
0
0
0.8943160626844384
1.4471580313422192
0
0
0
0
0
0
0
0
0
0
0
0
0
0
0
0
0
0
0
0
0
0
0
0
0
0
0
0
0
0
0
0
0
0
0
0
0
0
0
0.7481880270062005
0
0
0
0
0
0
0
0
0
0.9030899869919435
0
0
0.38646019098860757
0
0
0
1.0492180226701815
0
0
0
0
0
0
0
0.10955472516739136
0
0
0
0
0
0
0
0
0
0
0
0
0
0
0
0
0
0
0
0
0
0
0
0
0
0
0
0
0
0
0
0
0
0
0
0
0
0
0
0
0
0
0
0
0.6690067809585756
0
0
0
0
0
0
0
0
0
0
0
0
0
0
0
0
0
0
0
1.146128035678238
0
0
0
0
0
0
0
0
0
0
0
0
0
0
0
0.6020599913279624
0
0
0
0
0
0
0
0
0
0
0
0
0
0
0
0
0
0
0
0
0
0
0
0
0
0
0
0
0
0
0
1.632204133050827
0
0
0
0
0
0
0
0.36797678529459443
0
0
0
0
0
0
0
0
0
0
0
0
0
0
0
0
0
0
0
0
0.2899597348884337
0
0
0
0
2.098436045340363
0
0
0
0
0
0
0
0
0
0
0
0
0
0
0
0
0
0
0
0
0
0
0
0
1.7481880270062005
0
0
0
0
0
0
0
0
0
0
0
0
0
0
0
0
0
0
0
0
1.146128035678238
0
0.46943442605337143
0.1899510264617135
0
0
0
0
0
0
0
0
0
0.040617850908264086
0
0
0.36797678529459443
0
0
0
0
0.33321467903538243
0
0
0
0
0
0
0
0
0
0
0
0
0
0
0
0.09497551323085675
0
0
0
0
0
0
0
0
0.8450980400142568
0
0
0
1.7481880270062005
0
0
0
0
0
0
1.7481880270062005
1.271066772286538
0
0
0
0
0.8115306923679884
0
0
0
0
0
0
0
0
0
0
0
0
0
0
0
0
0
0
0
0
0.7004960366683257
0
0
0
0
0
0
0.146128035678238
0
0
0
0
1.271066772286538
0
0
0
0
0
0
0
2.5352941200427703
0
0.1931081002284074
0.06694678963061322
0
0
0
0.0
0
0
0
0
0.43838410703471403
0
0
0.5177391056279265
0.03912668755978263
0
0
0.047382801549695645
0
0
0
0.09497551323085675
0
0.11598389395537347
0
0
0
0.1968720906807266
0
0.22529278359980864
0
0
0
0
0
0
0
0
0.3010299956639812
0
0.9030899869919435
0
0
0
0
0
0
0.0
0
0
0
0
0
0.1434729444324682
0
0
0
0
0.3599726058784109
0
0.5440680443502757
0
1.146128035678238
0
0
0
0
0
0
0
0
0
0
0
0.13389357926122644
0
0
0
0
0
0
0
0
0
0
0
0.03912668755978263
0
0
0
0
0
1.7481880270062005
0
0
0
0.28492653969257026
0.16247140363305634
0
0
0
0
0
0
0
0
0
0
0
0
0
0
0
0
0.21670910996394527
0
0
0
0
0
0
0
0
0
0
0
0
0
0
0.36797678529459443
0
0
0.4471580313422192
0
0
0
0
0
0
0
0
0
0
0
0
0
0
0
0
0
0
0.08543019532462637
0
0
0
0
0
0
0
0
0
0
0
0
0
0
0
0
0
0
0
0
0
0
0
0
0
0
0
0
0
0
0
0
0
0
0
0
0.9700367766225568
0
0
0
0.8450980400142568
0
0
0
0
0
0
0
0
0
0
0
0
0
0
0
0
0
0
0
0
0
0
0
0
0
0
0
0.17086039064925274
0
0
0
0
0.3168242628472131
0
0
0
0
0
0
0
0
0
0
0
0.27106677228653797
0
1.5532173168837793
0
0
0
0
0
0
0
0
0
0
0
0.9504727885416393
0
0
0
0
0
0.03912668755978263
0
4.584512142712952
0
0
0
0
0
0
0
0
0.8450980400142568
0
0
0
0
0
0
0
0
0
0
0.2899597348884337
0
0
0
0
0
0
0
0
0
0
0
0
0
0
0
0
0
0
0
0
0
0
0
0
0
0.6690067809585756
0
0
0
0
0
0
0
0
0
0
0
0
0
0
0
0
0
0.12185355272479226
0.7481880270062005
0
0
0
0
0
0
0
0.46943442605337143
0
0
0
0
0
0
0
0
1.7481880270062005
0
0
0
0
0
0
0
0
0
0
1.7481880270062005
0
0
0
0
0
0
0
0
2.8943160626844384
0
0
0
0
0.33321467903538243
1.7481880270062005
0
0
0
0
0
0
0.7939455175668755
0
0
0
0
0
0
0.5136526663438554
0
0
0
0.6342446746993636
0
0
0
0
0
0
0
0
0
0.9700367766225568
0
0
0
0
0
0
0.8519374645445622
0
0
0
0
0
0
0
0
0
0
0
0
0
0
0
0
0
0
0.4997549464331997
0
0
0.4057653461839942
0
0
0
0
0
0
0
0
0
0
0
0
0
0
0
0
0
0
0
0
0
0
0
0
0
0
0.9030899869919435
0.2568263331719277
0.9858310438057887
0
0
0
0
0
0
1.035478211255853
0
0
0
0
0
0
0.7939455175668755
0
0
0
0
0
0
0
0
0
0
0.12493873660829992
0
0
0
0.8519374645445622
0
0
0
0.3540315170854136
0
0
0.7359535705891889
0
0
0
0
0
0
0
0
0
0
1.4471580313422192
0
0
0.146128035678238
1.7481880270062005
0.14214840464908693
0
0
0
0
0
0
0
0
0
0
0
0
0
0
0
0
0
0
0.146128035678238
0
0
0
0
0
0
0
0
0
0
0
0
0
0
0
0
0
0.08543019532462637
0
0
0
0
0
0
0
0
0
0
0
0
0
0
0
0
0
0
0
0
0
0
0
0
0
0
0
0
0
0
0
0
0
0.46943442605337143
0.20308925454132043
0
0
0
0
0
0
0.16738510183787955
0
0
0
0
0.0984360453403633
0
0.292256071356476
0
0
0
0.9388688521067429
0.13540417028646495
0.21670910996394527
0
0.19188552623891314
0
0.0
0
0
0.27106677228653797
0
0
0
0
0
0
0.4713702599391036
0
0
1.7481880270062005
0
0
0
0
0
0
0
0
0.0
0
0
0
0
0
0
0
0
0
0
0
0
0
0
0
0
0
0
0
0.0
0
0
0
0
0.4471580313422192
0
0
0
0
0
0
0
0
0
0.49291552190289434
0
0
0
0.10473535052001297
0.17086039064925274
0
0
0
0
0
1.0492180226701815
0.08123570181652817
0
0
0
0
0
0
0
0
0
1.146128035678238
0.12493873660829992
0
0
0
0
0.8450980400142568
1.4471580313422192
0
0
0
0
0
0
0
0
0
0
0
0
0
0
0
0.040617850908264086
0
0
0
0
0
0
0
0
0
0
0
0
0.5177391056279265
0
0.6020599913279624
0.3010299956639812
0.10172938765543484
0
0
0
0
0
0.21670910996394527
0
0
0.040617850908264086
0
0
0
0
0
0
0
0
0
1.0492180226701815
0.5413982493719982
0
0
0
0
0
0
6.876768214069427
0
0
