8.427660815666048
4.222392421336448
0
0
0
0
0
0
0
0
0
0
0
0
0
0
0
0
0
4.222392421336448
0
0
0
0
0
11.614709844115207
0
13.187149603076458
2.222392421336448
0
0
0
0
0
11.614709844115207
0
0
4.807354922057604
0
0
0
0
0
0
3.222392421336448
0
0
0
0
15.229419688230417
0
3.807354922057604
0
0
0
0
0
0
0
0
0
0
0
0
0
0
0
0
0
0
0
0
0
4.807354922057604
0
0
0
0
0
5.807354922057604
5.807354922057604
0
0
0
0
0
0
0
0
0
0
0
0
0
0
0
0
0
0
0
0
0
0
0
0
0
0
0
0
0
11.614709844115207
0
0
0
0
0
0
0
0
0
0
0
0
0
0
0
0
0
0
3.4854268271702415
0
0
0
0
0
0
5.274859841230583
0
0
0
0
0
0
0
9.614709844115207
0
0
0
0
0
0
0
0
0
0
0
5.807354922057604
0
0
0
0
0
0
0
2.6374299206152916
0
0
3.0
0
0
0
0
0
0
0
0
0
0
0
0
0
6.970853654340483
0
0
0
0
0
0
0
0
3.4854268271702415
0
0
0
0
0
0
11.614709844115207
0
0
0
5.807354922057604
0
2.106915203916512
0
0
0
0
0
0
0
0
5.807354922057604
0
0
0
0
0
0
0
0
4.807354922057604
0
0
0
1.6374299206152918
2.5675859320011827
0
0
0
0
0
0
0
0
0
0
0
0
0
0
0
0
0
0
0
0
5.807354922057604
0
0
0
0
0
2.4854268271702415
0
0
0
0
2.222392421336448
0
4.807354922057604
0
0
0
0
5.807354922057604
0
0
0
0
0
0
0
0
0
0
0
4.807354922057604
0
0
0
0
5.135171864002365
0
0
0
0
0
0
0
0
0
0
0
0
4.222392421336448
0
0
0
0
0
0
0
0
0
0
2.106915203916512
0
0
0
0
0
0
0
0
0
0
0
0
0
0
0
0
0
0
0
0
0
0
0
4.807354922057604
0
0
0
0
0
0
0
0
0
0
0
0
0
0
0
0
0
0
3.222392421336448
0
0
0
0
0
0
0
0
0
0
0
0
2.347923303420307
0
0
0
0
0
0
0
0
0
0
0
1.1120825449216687
0
0
0
0
0
0
0
4.695846606840614
0
3.222392421336448
0
0
0
2.6374299206152916
0
0
0
0
0
0
0
0
0
0
1.9004643264490857
0
0
0
0
0
6.444784842672896
0
11.614709844115207
0
0
0
0
0
0
0
0
0
0
0
0
0
0
1.2748598412305836
0
0
1.1634987322828796
0
0
0
0
0
0
11.402785958694514
0
0
0
2.347923303420307
0
0
0
0
0
0
0
0
0
0
0
0
0.9708536543404833
0
0
0
0
0
0
0
0
0
0
0
0
0
0
0
0
0
0
0
0
0
0
0
0
0
0
0
0
0
0
0
0
0
0
0
0
0
0
0
0
0
0
0
0
0
0
1.144491125980157
0
0
0
1.1120825449216687
0
2.989507782143272
0
0
0
0
0
0
0
0
0
4.889569685345792
0
3.4854268271702415
2.222392421336448
0
0
0
0
0
0
0
0
0
0
0
2.0
5.807354922057604
0
0
0
9.824579523691751
0
0
0
0
0
0
0
0
0
0
0
0
0
1.5594274086140185
0
0
0
0
0
0
0
1.8073549220576042
0
0
0.025995208532944354
0
0
0
0
0
4.653994929131518
0.8531586116707288
4.222392421336448
0
0
0
1.8009286528981712
0.0
0
0.025995208532944354
0
0
0
0
0
0
0
0
0
0.23395687679649918
0
0
0
0
0
0
0
0
0
0
0
0
0
0
0
3.222392421336448
3.6147098441152083
0
11.614709844115207
4.222392421336448
0
0
0
0
0.9465054771837882
0
11.739616517101535
0
0
0
0
0
0
0
0
0
0
0
0
0
0
0
0
0
0
0.899605834879041
9.941707308680966
14.422064766172811
0
2.0
1.5259216053983014
0
8.144491125980156
0
0
0
5.274859841230583
0
11.614709844115207
0
0
0
0
0
0
0
0
0
0
0
0
138.56287411746726
0
0
0
0
0
0
0
0
0
0
0
0
0
0
0
0
0
0
0
0
0
0
9.391693213681227
0
0
0
1.8073549220576042
0
0
9.667177264009345
0
0
0
0
0
0
0.7198920808072646
0
0
0
0
0
0
0
0
0
0
4.807354922057604
3.807354922057604
0
0
5.807354922057604
0
0
0
0
0
0
0
0.9493739269300321
2.4854268271702415
0
0
0
5.807354922057604
0
0
0
0
0
0
19.03677461028802
0
0
0
0
0
0
5.807354922057604
0
0
0
0
0
0
0
0
0
0
0
0
0
0
0
0
0
0
0
0
0
0
0
0
0
0
0
0
0
77.33741811207476
0
0
0
0
0
0
0
0
2.222392421336448
0
0
0
0
0
0
0
10.456280481510724
0
0
0
0
0
0
0
2.701392979347257
0
0
0
0
0
0
2.5636620216360644
0
0
0
0
0
0
0
5.807354922057604
9.779139370691585
0
0
0
0
0
0
0
0
0
0
0
0
0
0
0
0
6.237709634456074
0
0
0
0
0
0
0
0
0
0
0
0
4.807354922057604
0
0
4.970853654340483
0
0
0
0
0
0
0
0
0
0
5.807354922057604
0
0
0
11.739616517101535
0
11.614709844115207
0
0
0
0
19.417073086809665
4.889569685345792
0
3.222392421336448
0
0
0
0
0.41973935915308386
0.6539949291315182
5.807354922057604
0
0
0
0
0
4.807354922057604
0
0
0
0
1.5594274086140185
0
2.087810812781423
0
0
0
14.389897650914653
0
0
3.4854268271702415
0
0
0
0
0
0
0
21.11196210668224
0
0
0
0
0
0
0
0
0
0
17.42206476617281
0
0
0
5.807354922057604
0
0
4.209869679576542
0
0
0
0
0
2.4902249956730627
0
1.3479233034203069
2.347923303420307
0
0
0
11.614709844115207
0
0
13.725033674979269
2.8300749985576874
0.8531586116707288
0
0
0.5594274086140185
10.171078576689565
0
0
0
0
0
0
0
0
0
0
0
0
0
0
0
0
0
0
0
0
0
0
0
0
0
0
0
0
0
0
0
0
0
0
0
5.807354922057604
3.222392421336448
0
0
0
0
0
0
4.222392421336448
0
0
0
0
0
0
0
4.807354922057604
0
0
11.614709844115207
5.807354922057604
0
0
0
0
0
0
0
0
0
0
0
0
0
0
0
0
0
0
2.905262494951906
0
0
0
0
0
0
0
0
4.807354922057604
0
0
0
0
0
0
0
0
0
0
0
3.4854268271702415
0
5.807354922057604
9.614709844115207
0
3.807354922057604
5.807354922057604
0
0
0
0
0
0
1.2837929660005913
0
0
0
0
0
0
0
0
0
0
0
5.660149997115375
0
0
0
0
0
0
0
0
0
0
5.807354922057604
3.0331928445596
7.04376991026092
0
0
0
4.807354922057604
0
0
0
0
0
9.614709844115207
0
0
0
0
0
0
0
0
0
0
11.614709844115207
0
0
1.6374299206152918
0
0
5.807354922057604
0
0
8.638704969687176
0
26.66870905603738
0
11.11196210668224
5.807354922057604
0
0
0
0
0
0
0
0
0
0
0
0
8.444784842672895
0.28379296600059134
0
0
0
0
0
0.0
0
0
21.11196210668224
0.0
0
0.7198920808072646
0
0
0
0
5.696243561580193
4.209869679576542
0
5.422064766172813
0
0
0.7621803347110125
0
0
0
0
0
0
0
0
4.807354922057604
4.0
0
1.7198920808072646
10.078489131301705
0
0
0
0
0
0
0
0
0
0
0
0
5.807354922057604
11.462009444307043
0
8.444784842672895
3.599460404036323
0
0
8.444784842672895
0
0
0
0
0
0
0
0
0
0
0
0
0
0
1.4854268271702418
0
0
0
0
0
0
0
0
0
0
0
0
0
0
0
0
0
0
0
0
0
0
0
0
0
0
0
0
0
0
0
0
0
0
0
0
0.41503749927884376
0
0
0
0
0
2.807354922057604
0
5.807354922057604
0
0
0
0
0
0
0
0
0
2.0
0
0
0
0
0
0
0
0
0
0
4.213830407833024
2.347923303420307
5.807354922057604
0
4.222392421336448
0
0
0
0
0
0
0
0
0
0
0
0
0
0
0
19.03677461028802
0
0
0
0
0
0
0
0
5.807354922057604
0
0
0
0
0
12.307402989508407
5.807354922057604
0
0
0.6310036514558588
0
0
0
0
0
0
0
0
0
0
0
0
0
0
5.807354922057604
0
0
0
0
5.807354922057604
0
0
0
0
0
0
0
0
0.5055321407599334
0
0
0
0
0
0
0
0
0
0
0
0
0
0
0
0
0
0
0
0
4.807354922057604
0
0
0
0
0
0
0
0
0
0
0.07943446749440491
0
0
0
0
0
1.6374299206152918
0
0
0
0
0
0
0
15.229419688230417
0
0
0
0
0
0
0
0
0
0
0
0
0
0
0
0
0
0
0
0
0
0
0
0
0
0
0
0
0
0
0
0
0
0
0
0
0
0
0
0
0
0
0
0
0
0
1.7984860551116753
0
0
0
0
3.851378898001774
0
0
0
0
0
0
0
0
0
0
0
0
0
4.068431430675826
0
0
0
0
0
0
0
0
0
3.187149603076459
0
3.807354922057604
0
0
0
0
6.444784842672896
14.422064766172811
0
0
3.4854268271702415
0
0
0
0
0
0
0
0
0
3.222392421336448
0
0
0
0
0
0
0
0
0
0
0
0
0
0
0
4.807354922057604
0
0
0
0
0
0
0
0
0
0
0
0
0
0
0
0
0
0
0
0
0
0
0
0
0
0
0
0
0
0
0
0
0
0
11.614709844115207
0
0
0
0
0
0
0
0
0
0
0
0
0
0
0
0
0
0
0
0
0
0
0
0
0
0
0
0
0
0
0
0
0
0
0
0
0
0
0
0
0
0
0
0
0
0
0
0
0
0
0
0
0
0
0
0
3.807354922057604
2.0
0
0
1.0524674198941355
7.912289761845875
0
0
0
2.222392421336448
0
0
5.807354922057604
0
0
5.807354922057604
0
11.614709844115207
0
0
0
0
0
0
5.2623370994706775
0
0
0
0
0
0
0
0
0
0.8531586116707288
0
0
0
2.5594758350121865
0
2.0875398205218407
3.2748598412305836
0
0
0
0
0
0
0
0.805851464521275
0
0
0
0
6.970853654340483
0
0
4.213830407833024
0
0
0
0
0
0
0
0
0
0
5.807354922057604
0
0
17.42206476617281
0
0
0
1.6374299206152918
0
0
0
0
0
0
0
0
0
0
0.41503749927884376
0
0
0
0
0
0
1.4150374992788437
0
0
0
0
0
0
0
0
0
0
0
0
0
0
5.807354922057604
0
0
0
0
0
0
0
0
0
0
0
0
0
0
0
0
4.444784842672896
0
0
0
0
0
2.712287620450551
0
0
0
0
0
0
0
0
0
0
0
0.8073549220576041
4.695846606840614
0
0
0
0
0
0
0
0
0
0
0
0
0
5.807354922057604
0
0
0
0
0
0
0
0
0
0
1.3492958008610865
0
0
0
0
0
0
5.614709844115208
0
0
0
3.0331928445596
0
0
5.807354922057604
0
0
0
0
0
0
0
5.135171864002365
0
0
0
0
0
0
0
0
0
0
0
0
3.4854268271702415
0
0
0
0
0
0
0
0
0
0
0
0
0
0
0
0
0
0
0
8.444784842672895
0
0
0
0
0
0
0
0
0
0
0
0
0
0
0
0
0
0
0
0
0
0
0
0
0
0
0
0
0
0
0
0
0
0
0
0
0
0
0
0
0
0
0
0
0
0
0
0
0
0
0
0
0
0
0
0
0
0
0
0
0
0
0
0
0
0
0
0
0
0
0
0
0
0
0
0
0
0
0
0
0
0
0
0
0
0
0
0
0
0
0
0
0
0
0
0
0
0
0
0
0
0
0
0
0
0
0
0
0
0
0
0
0
0
0
0
3.4854268271702415
0
0
0
1.0524674198941355
0
2.347923303420307
0
0
3.807354922057604
0
0
0
0
0
0
0
0
0
0
0
0
0
0
0
5.807354922057604
0
5.807354922057604
0
0
0
0
0
0
0
0
0
0
0
0
0
0
7.678427505036559
11.462009444307043
0
0
2.222392421336448
2.5675859320011827
0
0
0
0
0
0
0
0
0
0
0
0
0
0
0
0
0
0
0
0
0
0
0
0
0
0
0
0
0
0
0
0
0
5.807354922057604
3.587409338571926
1.1634987322828796
0
0
0
0
0
0
0
0
0
0
0
0
0
0
0
0
0
0
0
0
0
0
0
0
0
4.807354922057604
0
0
0
0
0
0
0
0
0
0
0
0
0
0
0
0
0
0
0
0
0
0
0
0
0
0
0
0
0
0
0
0
0
0
0
0
0
0
0
0
4.213830407833024
0
0
0
6.418964830002957
6.11196210668224
4.807354922057604
14.668709056037377
0
0
1.0437699102609204
0
0
3.4854268271702415
0
0
0
0
3.4854268271702415
0
5.534576019582559
0
0
0
0
3.7974957077201283
0
5.807354922057604
2.3916062257146176
21.590540037096986
0
0
0
0
0
0
0
0
0
0
0
0
0
0
0
0.44478484267289603
0
0
0
0
0
0
2.6374299206152916
0
0
0
0
0
0
1.0524674198941355
0
0
0
0
0
0
0
0
0
0
0
0
0
0
0
0
0.9004643264490856
0
0
0
0
5.807354922057604
3.0
0
0
1.4854268271702418
0
0
0
0
0
6.0
0
0
0
1.3479233034203069
0
0
0
5.422064766172813
0
0
0
0
0
0
0
4.0
0
0
0
0
5.807354922057604
0
0
7.614709844115208
0
0
5.807354922057604
0
0
0
0
0
3.2294196882304163
0
0
0
0
0
0
0
0
0
0
0
0
0
0
0
0
0
0
0
4.222392421336448
0
0
0
0
3.2748598412305836
0
0
2.104934839788271
0
0
0
0
0
0
0
0
0
0
0
0
0
0
0
0
0
3.851378898001774
0
0
0
0
0
0
0
0
0
0
0
0
0
0
0
0
0
0
0
0
0
0
0
0
0
5.274859841230583
0
0
0
0
0
0
0
0
0
0
0
0
0
0
0
0
0
0
0.6671772640093441
0
0
0
0
0
0
0
0
0
0
0
3.6671772640093443
0
0
0
0
0
0
0
0
0
0
0
5.807354922057604
0
0
0
0
0
0
0
1.222392421336448
0
0
0
0
0
0
0
0
0
0
0
0
0
0
0
0
0
0
0
0
0
0
0
0
0
8.444784842672895
5.807354922057604
0
0
0
0
0
0
0
0
17.397987790191692
0
0
0
0
0
0
3.807354922057604
0
0
0
0
0
3.4854268271702415
0
0
0
0
0
0
0
0
8.444784842672895
0
0
0
0
0
0
0
0
0
0
0
5.807354922057604
4.25689449000887
0
0
0
0
5.807354922057604
1.7693624926597669
0
0
0
0.12997604266472176
23.47923303420307
0
0
0
0
6.418964830002957
0
0
0
0
0
0
0
0
0
0
0
3.118854817228037
0
0
0
0
4.222392421336448
0
0
0
0
0
0
0
0
0
0
0
0
0
0
0
1.2837929660005913
0
0
0
8.444784842672895
0
0
0
0
0
0
0
0
0
0
4.807354922057604
0
0
1.9004643264490857
0
3.807354922057604
0
0
0
0
0
0
0
0
0
0
0
0
0
0
0
0
0
0
0
0
0
0
0
0
0
0
0
0
0
0
0
3.807354922057604
0
0
0
0
0
0
0
0
0
0
0
0
0
0
0
0
0
0
0
0
0
0
0
0
1.7063172233414576
0
0.9493739269300321
0
0
0
0
0
0
0
0
0
0
0
0
0
0
0
3.0
0
0
0
0
0
0
2.667631171488544
0
0
0
0
0
0
0
0
0
0
0
0
2.807354922057604
0
0
0
0
7.912289761845875
0
2.444784842672896
0
0
0
0
0
0
0
0
0
0
0
0
0
0
0
0
0
5.807354922057604
2.347923303420307
0
0
0
0
0
0
3.118854817228037
0
0
0
0
0
0
0
0
0
0
0
0
0
0
0
0
0
0
0
5.807354922057604
0
4.807354922057604
0
0
0
0
2.6958466068406137
0
2.9708536543404835
0
7.427134135851209
0
3.222392421336448
3.4854268271702415
0
0
0
0
0
0
0
0
7.614709844115208
0
0.10691520391651188
0
0
0
0
0
0
0
0
0
6.549719682461167
0
0
0
0
0
0
0
0
0
0
0
0
0
0
0
0
0
0
0
0
3.4854268271702415
0
0
0
0
3.0
0
0
0
0
0
0
0
0
0
0
0
0
6.444784842672896
0
0
0
0
0
0
0
0
0
0
0
0
5.807354922057604
0
4.807354922057604
0
0
0
1.8009286528981712
0
0
0
0
28.17507964104368
0.44478484267289603
0
0
0
0
0
0
0
0
0
0
0
0
0
0
0
0
5.807354922057604
0
0
0
0
0
0
0
0
0
0
0
0
0
0
0
0
5.422064766172813
0
0
0
0
0
5.807354922057604
0
0
0
0
0
3.4854268271702415
0
10.456280481510724
2.6374299206152916
0
0
7.075187496394219
0
0
0
0
0
0
0
4.03677461028802
0
0
0
0.0
0
0
0
0
0
0
2.222392421336448
0
0
0
9.391693213681227
0
0
0
0
0
0
0
0
0
0
0
0
0
0
0
0
0
4.807354922057604
0
0
0
0
0
0
0
3.0
0
5.2623370994706775
0
0
0
0
0
0
2.807354922057604
0
3.222392421336448
0
0
0
1.985861687360123
3.4126344466829153
0
0
0
0
0
0
4.844129532345624
0
0
0
0
0
0
0
0
0
0
0
0
0
0
0
4.475419268912148
0
0
0.5594274086140185
3.495116569753816
0
0
0
0
0
3.807354922057604
3.2748598412305836
48.07354922057604
10.629120763666352
0
0
0
0
0
0
5.807354922057604
16.785137659381316
0
19.229419688230415
3.222392421336448
0
0
0
0.05199041706588871
5.807354922057604
0
0
0
0
0
0
0
0
0
0
0
0
0
0
0
4.807354922057604
0
0
0
0
0
0
0
0
0
0
0
0
0
0
0
1.9937619559771482
0
1.9122897618458754
0
0
5.807354922057604
0
0
0
0
0
0
0
0
0
0
0
3.4854268271702415
0
2.222392421336448
0
2.444784842672896
0
0
0
0
0
0
0
0
0
0
0
0
0
3.4854268271702415
5.807354922057604
0
0
3.4854268271702415
0
0
0
0
0
0
0
0
12.889569685345792
0
0
0
0
0
0
0
0
6.320745611749536
0
0
0
3.0
0
0
0
0
0
0
0
0
0
0
0
0
0
0
0
0
0
0
0
0
0
0
0
0
0
0
0
0
0
0
8.880904142633645
5.807354922057604
3.8009286528981714
0
6.0
3.0
0
0
0
0
0
0
0
0
0
1.6374299206152918
0
0
0
0
0
0
0
0
0
0
0
0
0
0
0
0
0
0
0
6.444784842672896
0
0
0
0
0
0
0
29.86055140847551
9.667177264009345
0
0
5.807354922057604
0
0
0
0
7.797137043070093
8.0
0
0
0
0
0
0
0
0
0
0
0
12.667177264009343
0
0
0
0
0
38.33969509887266
0
1.0439054063907116
0
0
0
0
0
0
0
0.855321631332095
0
0
0
0
0
0
0
0
0
0
0
0
0
8.444784842672895
0
0
0
0
3.4397841616145293
0
0
0
0
9.667177264009345
0
0
0
0
0
0
0
0
0
0
0
8.0
0
0
0
3.807354922057604
0
0
0
0
0
0
0
0.6374299206152918
5.274859841230583
0
0
0
0
0
0
0
0
0
0
0
0
0
0
0
0
0
1.1634987322828796
0
0
0
0
0
0
0
0
0
0
7.456280481510724
0
0
0
0
0
0
0
0
0
0
0
0
0
0
20.91256096302145
0
1.8073549220576042
0.6780719051126377
0
0
0
5.566772854724909
0
0
0
0
0
0
0
0
0
0
0
0
0
0
0
5.807354922057604
1.2837929660005913
0
0
0
0
0
0
0
3.0
0
5.807354922057604
0
0.0
0
0
6.320745611749536
0
0
0
0
0
0
0
0
1.71064326266419
0
0
0
0
0
0
0
29.825121926042897
0.6374299206152918
0
0
0
0
22.12235758786021
0
0
0
0
0
0
2.8300749985576874
0
0
0
0
0
0
0
0
0.8300749985576875
0
0
0
0
0
0
0
0
0
0
0
0
0
0
0
0.7198920808072646
0
0
0
0
0
0
9.0
0
0
0
0
0
0
0
0
0
0
0
0
0
14.422064766172811
0
0
7.614709844115208
0
0
0
0
0
0
0
0
0
0
0
0
0
0
0
0
0
5.807354922057604
0.7198920808072646
0
0
0
0
1.0524674198941355
0
0
0
0
0
0
0
0
0
0
0
0
0
0
5.807354922057604
0
0
0
0
0
0
0
0
0
0
0
0
0
0
0
5.3916932136812274
0
0
0
0
0
0
0
0
0
0
0
0
0
0
0
0
0
0
0
0
0
0
0
0
0
0
0
0.9493739269300321
0
0
0
0
0
0
0
0
0
0
0
0
0
0
0
0
5.807354922057604
0
0
0
0
0
2.8379296600059134
3.4854268271702415
8.444784842672895
5.807354922057604
0
0
0
0
0
0
0
0
0
0
0
0
0
0
0
0
1.471488590545916
0
0
0
0
0
0
0
0
0
0
0
0
0
0
0
0
0
0
0
0
0
0
2.807354922057604
0
0
0
0
0
0
0
0
0
0
8.556746949355137
0
0
11.069152039165118
0
0
0
0
0
0
0
3.6018573057963423
0
0
0.6374299206152918
0
0
11.614709844115207
0
0
0
6.0
0
0
0
0.0
0
0
5.807354922057604
3.4854268271702415
0
0
0
0
0
5.736869285537626
0
0
0
0
0
0
0
0
9.667177264009345
0
5.807354922057604
0
0
0
0
0
0
0
0
0
0
0
0
0
3.1033803419804986
0
0
0
0
0
0
0
0
0
0
0
0
0
0
0
0
0
0
0
0
0
0
0
3.807354922057604
0
0
0
0
0
0
0
0
0
0
0
0
0
0
5.807354922057604
0
0
0.41592333652710967
0
0
0
0
0
0
5.807354922057604
0
0
0
0
0
0
0
0.6310036514558588
0
0
0
0
0
6.0
4.807354922057604
0
0
11.614709844115207
0
0
0
6.970853654340483
0
2.4854268271702415
10.456280481510724
9.391693213681227
0
0
0
0
0
0
0
0
0
0
0
21.590540037096986
0
0
0
0
0
0
0
0
0
0
0
3.222392421336448
0
0
0
6.667177264009345
0
0
0
0
3.4854268271702415
0
0
0
2.0
0
0
0
0
0
0
0
0
2.2138304078330235
0
1.4150374992788437
1.155870467654375
0
0
0
3.222392421336448
0
4.807354922057604
0
0
0
5.807354922057604
0
3.807354922057604
6.970853654340483
0
0
0
0
4.222392421336448
0
0
0
0
0
0
0
0
0
0
0
5.807354922057604
0
0
1.2837929660005913
3.118854817228037
19.81052498990381
1.3479233034203069
0
0
12.667177264009343
0
0
0
4.912289761845876
0
0
0
3.2748598412305836
0
0
0
0
1.1958031128573088
3.807354922057604
0
0
0
0
0
0
0
0
0
0
0
0
0
0
0
0
0.8895696853457921
0
0
0
1.2837929660005913
0
0
0
0
0
4.222392421336448
0
0
0
0
0
0
0
0
0
0
1.4397841616145293
0
0.7705803117695833
0
0
5.807354922057604
0
2.347923303420307
0
0
0
0
1.1018158177768451
0
0
0
0
0
0
0
0
0
0
0
0
0
0
0
0
0
0
0
0
4.222392421336448
0
9.614709844115207
4.695846606840614
0
0
0
4.222392421336448
6.0
0
0
0
0
9.824579523691751
2.106915203916512
4.807354922057604
0
0
0
0
0
0
0.8531586116707288
0
0
0
0
2.4854268271702415
2.5541366940053223
0
5.614709844115208
0
0
0
0
0
0
0
0
0
9.614709844115207
0
0
0
2.6374299206152916
0
1.0439054063907116
18.07354922057604
0
0
0
9.688259064691248
0
0
0
0
0
0
0
6.970853654340483
0
0
0
0
0
0
0
0
0
0
0
0
0
0
0
0
0
0
0
0
0
0
0
4.222392421336448
0
0
1.3916932136812272
0
0
0
0
0
0
0
0
0
0
3.4854268271702415
0
0
0
0
0
0
0
1.2592180774592516
0
4.265793058353644
0
0
0
2.5675859320011827
0
0
0
0
0
0
0
0
12.667177264009343
0
0
0
0
0
0
5.807354922057604
12.667177264009343
2.5594758350121865
0.8095774805166518
0
0
0
0
0
0
0
0
0
0
0
0
4.807354922057604
0
4.444784842672896
0
0
0
0
0
0
0
0
0
0
0.5219527031953558
0
0
0
0
0
0
0
0
0
0
0
0
0
2.0
11.229419688230417
0
0
0
0
0
0
7.835748181778967
0
1.2620073029117176
0
0
0
0
0
0
0
0
0
0
0
0
3.807354922057604
2.347923303420307
0
3.222392421336448
0
0
0
2.0
3.807354922057604
0
21.0
0
0
0
0
0
0
0
0
0
0
0
0
0
0
0
0
0
0
0
0
0
0
0
0
0
0
0
0
15.891101477373825
0
0
0
0
0
0
0
2.989507782143272
0
0
0
0
6.970853654340483
0
0
0
0
0
5.807354922057604
5.339695098872658
0
0
0
0
0.5397183203444346
0
0
0
0
11.614709844115207
8.422064766172813
0
0
0
0
0
0
0
0
0
0
0
0
2.807354922057604
0
0
0
0
0
0
0
0
0
0
0
0
0
0
0
0
0
0
0
0
0
0
0
0
0
5.807354922057604
0
0
0
2.0
0
0
5.810524989903812
0
0
0
0
0
2.0
0
0
0
4.222392421336448
0
4.807354922057604
0
0.36727193925894835
0
2.4854268271702415
0
0
0
0
1.2620073029117176
0
0
0
0
0
0
0
0
0
0
2.106915203916512
0
0
0
0
0
14.03677461028802
0
5.741479735148914
0
0
0
0
0
0
0
0
0
0
5.807354922057604
0
0
0
0
0
0.6498802133236089
2.807354922057604
0
0
0
0
0
0
4.807354922057604
0
0
0
0
0
0
0.32074561174953564
0
0
0
0
0
0
0
0
0
0
0
0
0
0
0
0
0
0
0
0
0
0
0
0
0
0
9.081374912018923
0
0
0
7.614709844115208
0
0
4.970853654340483
0
0
3.222392421336448
3.4854268271702415
24.03677461028802
0
0
0
0
25.334354528018686
0
0
0
0
0
2.001531792028032
0
5.807354922057604
0.5345760195825594
0
0
0
0
0
0
6.320745611749536
3.222392421336448
0
4.653994929131518
0
39.0
0
0
0
0
0
0
0
0
0
0
27.339695098872657
0
5.807354922057604
0
0
0
3.4854268271702415
0
0
0
0
0
0
0
0
0
0
0
5.807354922057604
0
0
0
0
0
0
0
0.0
0
4.185310895000581
0
0
0
0
0
0
0
0
4.3177465627554765
0
0
0
0
6.0
0
12.17606724308163
0
0
0
0
5.807354922057604
0
0
0
0
2.087810812781423
0
3.587409338571926
0
1.9004643264490857
0
0
0
3.807354922057604
0
0
0
3.807354922057604
0
0
0
0
0
0
0
0
0
0
0
0
0
5.807354922057604
0
0
0
5.817493661414398
0
0
0
0
0
0
0
0
2.237709634456074
0
0
0
0
0
5.807354922057604
0
0
0
0
0
0
0
0
9.0
0
11.739616517101535
3.0
0
0
0
0
3.320745611749535
0
0
4.807354922057604
0
0
0
0
0
0.0
0
0
0
0
2.4854268271702415
0
0
0
0
0.23830340248321474
0
0
0
0
0
0
0
0
0
0
6.444784842672896
0
0
0
0
0
3.0
0
0
9.0
0
0
0
0
0
0
0
0
0
0
0.7149102074496443
0
0
0.8531586116707288
0
0
0
0
0
0
0
0
0
0
1.484225380947195
0
0
14.422064766172811
0
0
0.0
0
5.807354922057604
0
0
0.41973935915308386
0
0
0
0
0
0
0
0
0
0
0
0
0
0
0
0
0
0
0
0
0
0
0
0
4.4308367926751036
0
0
0
0
0
0
0
0
0
0
11.614709844115207
0
0
0
0
0
0
0
0
0
0
0
0
0
0
0
0
0
0
0
4.970853654340483
0
1.6147098441152081
0
0
0
0
0
0
0
0
0
0
0
0
2.0
0
0
0
0
0
0
0
0
0
0
0
0
0
0
0
0
0
0
0
0
0
0
0
0
0
0
0
0
0
0.7621803347110125
0
0
7.614709844115208
0
0
0
0
0
0
0
0
0
0
0
0
0
0.7629608026991507
0
5.807354922057604
5.807354922057604
0
0
0
0
3.807354922057604
0
2.807354922057604
0
0
0
0
4.222392421336448
0
0
0
0
0
5.817493661414398
0
0
1.4854268271702418
0
0
0
0
0
0
0
0
0
0
0
0
0
0
0
1.8073549220576042
0
0
0
0.0
0
0
2.6374299206152916
2.159676242421794
0
0
0
0
0
0
0
0
0
0
0
0
0
0
0
0
0
0
0
0
0
0
8.419739359153084
0
0
0
0
0
0
0
0
0
0
0
0
0
23.229419688230415
0
0
0
0
0
0
0
0
0
0
0
0
0
0
0
0
0
0
0
0
0
0
0
0
0
0
0
0
9.004643264490856
0
0
0
0
0
0.6671772640093441
1.7198920808072646
0
0
0
0
7.04376991026092
0
0
0
0
9.667177264009345
0
0
6.0
0
0
0
15.229419688230417
0
0
0
0
0
0
0
0
0
0
0
0
0
2.8300749985576874
0
0
0
0
0
0
0
0
0
0
0
0
0.9708536543404833
0
0
0
4.462009444307043
0
0
0
0
0
0
0
0
0
0
0
5.807354922057604
2.807354922057604
0
0
2.222392421336448
0
0
0
0
3.222392421336448
2.807354922057604
0
0
0
0
11.614709844115207
1.8073549220576042
0
5.807354922057604
0
0
0
0
0
0
0
0
0
0
0
0
0
0
0
0
0
0
0
0
0
0
0
0
0
0
0
0
0
4.222392421336448
0
0
0
0
0
0
0
0
0
0
0
0
0
0
0
0
0
0
0
0
0
0
0
0
0
1.1760672430816306
0
0
0
0
0
0
0
0
0
0
0
0
0
0
0
0
0
0
0
0
0
0
0
0
2.106915203916512
0
0
0
0
0
0
0
0
0
0
0
0
4.695846606840614
0
1.8987478538600642
0
0
0
16.111962106682242
10.443113196230353
5.807354922057604
0
0
0
0
0
0
0
0
2.106915203916512
0
0
0
0
4.245112497836531
0
0
0
0
0
0
0
0
0
0
0
0
0
0
0
1.3479233034203069
0
0
0
0
1.9004643264490857
0
0
0
1.8073549220576042
2.6374299206152916
0
0
0
0
0
0
0
0
0
0
0
0
2.807354922057604
0
0
0
0
0
0
0
0
0
0
0
0
0
0
0
0
0
1.5658581095860673
0
0
2.4854268271702415
0
0
0
0
0
0
8.18714960307646
0
0
0
0
0
0
0
0
0
0
0
0
0.5594274086140185
0
0
0
0
0
0
0
0
0
0
0
5.807354922057604
0
0
0
0
0
0
0
0
0
0
0
0
0
0
0
2.6374299206152916
0.31773786997761966
3.807354922057604
0
0
0
4.807354922057604
0
0
0
0
3.807354922057604
5.807354922057604
10.0
0
0
0
2.347923303420307
0
0
0
0
4.807354922057604
0
0
0
0
0
3.6147098441152083
0
0
0
0
0
0
0
0
0
0
0
0
0
0
0
0
0
0
0
0
0
0
0
0
3.4854268271702415
0
0
0
0
0
0
0
0
0
0
0
0
3.4854268271702415
0
0
6.8795683232290585
0
0
0
0
0
0
0
0
1.7198920808072646
0
3.0
0
4.577764816194904
0
0
0
0
0
0
23.391411129210276
0
0
0
4.427660815666047
0
0
0
0
1.3494087523185616
3.8009286528981714
0
0
0
0
0
0
0
0
9.941707308680966
0
0
0
0
0
0
0
0
0
0
0
0
5.807354922057604
0
0
0
0
0
0
0
0
0
0
0
0
0
0
0
0
0
1.4854268271702418
0
0
0
0
0
0
0
0
5.807354922057604
0
0
0
0
0
0
0
0
0
0
0
0
0
0
0
0
0
0
0
0
0
0
0
0
0
0
0
0
0
0
0
0
0
0
0
0
0
0
0
0
0
0
0
0
0
0
0
0
0
0
0
0
0
0
0
0
0
0
0
0
0
0
0
0
0
0
0
0
0
0
0
0
0
0
0.05246741989413548
0
2.034215715337913
0
0
0
0
0
0
0
0
0
0
1.4150374992788437
0
0
0
0
0
0
0
0
0
0
0
0
0
0
0
0
0
0
0
0
1.5259216053983014
0
0
0
0
0
0.6780719051126377
2.222392421336448
0
0
0
0
0
5.614709844115208
0
9.667177264009345
0
0
0
0
0
3.807354922057604
0
0
0
0
1.4150374992788437
0
0
0
0
0
0
0
0
0
0
0
0
0
0
0
0
0
0
0
0
0
0
0
0
0
0
0
0
3.222392421336448
0
0
0
0
0
0
0
1.8073549220576042
0
0
0
0
0
0
0
0
0
0
0
0
0
0
0
0
0
0
0
0
0
0
0
0
0
1.1634987322828796
0
0
0
0
0
0
0
0
0
0
0
0
0
0
0
0
0
0
0
0
0
0
0
0
0
0
4.807354922057604
0
4.265793058353644
0
0
0
0
0
3.8009286528981714
0
0
0
0
0
0
0
4.2254560053925125
0
0
0
0
0
0
0
0
0
0
0
5.807354922057604
2.4854268271702415
5.807354922057604
1.3479233034203069
0
0
0
0
0
4.04376991026092
5.807354922057604
0
0
0
0
0
0
0
0
0
0
0
0
0
0
0
0
0
0
0
0
0
0
4.222392421336448
1.7198920808072646
0
0
0
0
0
0
5.807354922057604
0
0
0
0
0
0
0
8.144491125980156
0
7.678427505036559
0
0
0
0
0
1.4854268271702418
0
0
0
0
1.0524674198941355
0
0
0
0
0
0
0
0
0
4.222392421336448
0
0
0
0
0
0
0
20.926554475002902
0
0
0
0
0
0
0
0
0
0
0
0
0
2.0
0
0
0
0
0
0
0
0
0
0
0
0
11.739616517101535
0
0
2.237709634456074
0
0
8.0
7.9462030480165575
0
6.418964830002957
0
0
0
0
0
0
0
0
0
5.807354922057604
0
0
0
0
0
0
0.5055321407599334
0
0
0
0
0
0
0
0
0
0
0
0
0
0
0
0
0
0
0
0
0
4.444784842672896
0
0
5.159676242421794
0
0
0
0
2.0
0
0.41503749927884376
0
0
0
0
0
0
0
0.6310036514558588
2.2138304078330235
0
0
0
0
0
0
0
0
0
0.5979015564286544
0
0
0
0
0
0
0
0
0
0
4.970853654340483
2.807354922057604
0
0
0
7.203714611592685
17.427134135851208
4.222392421336448
0
3.2748598412305836
0
0
4.213830407833024
0
0
0
0
0
0
0
0
0
0
0
2.4854268271702415
0
0
0
0
0
2.422064766172812
0
0
2.222392421336448
0
0
0
0
0
0
0
0
0
0
0
0
0
0
0
0
0
0
0
0
0
0
0
0
0
0
0
0
0
0
0
0.20986967957654193
0
0
0
0
0
0
0
0
0
2.6958466068406137
0
0
0
3.807354922057604
0
0
0
0
2.106915203916512
0
0
0
0
0
0
0
0.5594274086140185
0
5.807354922057604
0
0
0
0
0
0
0
0
0
0
0
0
0
0
0
0
1.9004643264490857
0
0
0
0
0
2.807354922057604
4.222392421336448
0
0
0
0
0
0
0
0
0
0
1.1069152039165118
0
0
0
0
0
5.807354922057604
0
0.44478484267289603
0
0
0
0
0
0
0
0
0
0
28.844129532345622
3.0
0
0
0
0
0
0
0
0
0
0
0
0
0
0
0
0
0
0
0
0
0
0
0
0
0
0
0
0
0
0
0
0
0
0
0
0
2.422064766172812
0
0
0
4.213830407833024
14.422064766172811
3.807354922057604
0
0
0
0
0
0
0
0
0
0
1.2737652181142733
0
0
0
0
7.912289761845875
0
0
0
0
0
0
0
0
2.4854268271702415
4.0
0
0
0
0
0
0
0
1.9865507620041394
30.0
0
0
0
0
4.6782822258420556
2.807354922057604
0
0
0
5.941707308680967
3.807354922057604
0
0
4.222392421336448
13.941707308680966
8.444784842672895
0
4.807354922057604
0
0
4.970853654340483
4.807354922057604
0
0
0
0
0
0
1.9004643264490857
1.4854268271702418
0
1.1432705020665188
0
0
0
0
5.941707308680967
0
0
2.0
1.9004643264490857
0
2.326997464565759
5.807354922057604
0
0
0
2.6374299206152916
0
0
0
0
0
0
0
0
0
0
0
0
0
0
0
0
0
0
0
0
0
0
0
0
0
0
0
0
0
0
0
0
0
0
0
0
0
0
0
0
0
0
0
0
0
0
0
0
0.8073549220576041
1.6147098441152081
0
0
0
0
0.18196645973061049
0
10.549719682461166
0
0
0
0
0
3.807354922057604
0
0
0
0
0
0
0
0
0
0
0
0
0
0
0
0
0
0
0
0
0
0
0
1.8073549220576042
0
11.614709844115207
0
0
0
0
0
1.8930109543675764
0
0
0
0
11.11196210668224
0
0
0
0
0
0
0
0
0
0
0
0
1.5259216053983014
2.0
4.222392421336448
0
0
0
0
0
0
0
0
0
0
0.48542682717024166
6.0
3.807354922057604
3.0
0
0
0
0
0
0
0
0
0
0
0
0
8.444784842672895
0
22.844129532345626
6.970853654340483
0
0
0
5.807354922057604
0
0
0
0
0
0
0
0
0
0
0
0
0
0
0
0
0
0
1.8073549220576042
12.0
0
0
3.807354922057604
0
0
0
0
0
0
0
0
3.222392421336448
4.807354922057604
0
0
0
4.807354922057604
0
0
0
0
0
0
0
0
0
0
0.5779352338271875
0
0
0
0
6.970853654340483
0
0
0
0
1.4854268271702418
0
0
0
0
0
4.807354922057604
0
0
0
0
0
0
0
0
0
0
0
0
0
0
0
5.807354922057604
0
0
0
5.807354922057604
0
0
0
0
0
0
0
0
0
0
0
0
0
0
0
1.0
0
0
0
0
0
0
3.4854268271702415
0
0
0
0
2.0239437012916297
1.7198920808072646
0
4.889569685345792
0
0
10.456280481510724
0
4.427660815666047
3.8009286528981714
0
0
0
0
0
0
0
5.807354922057604
0
0
6.444784842672896
0
0
0
1.2620073029117176
0
0
0
0
0
0
0
0
0
0
3.4854268271702415
0
0
0
0
0
0
0
0
0
0
0
0
10.456280481510724
0
14.827156337623375
6.444784842672896
0
0
0
0
1.4150374992788437
0
0
0
12.667177264009343
0
0
0
0
0
0
0
1.8073549220576042
4.222392421336448
0
4.653994929131518
0
5.807354922057604
0
0
0
0
0.48542682717024166
0
0
0.8073549220576041
0
0
0
0
0
0
0
0
0
0
0
1.4968128548311663
2.001531792028032
0
0
2.807354922057604
0.0
0
0
0
0
17.4753657781287
0
0
0
0.3379377109282766
0
0
1.416620337141658
0
0
1.7198920808072646
1.8930109543675764
0
3.8529015588479165
0
4.807354922057604
0
2.288982251960314
0
11.119181207317236
4.222392421336448
19.33435452801869
56.48689050402602
4.912289761845876
0
4.044257126079467
0
0
15.0
9.391693213681227
15.0
0
0
0
0
0
0
0.0
0
5.807354922057604
0
0
0
0.31773786997761966
0
0
0
14.08753982052184
4.185310895000581
0
0
0
0
0
0
1.4397841616145293
0
0
0
0
0
0
8.444784842672895
0
0.44478484267289603
0
8.444784842672895
0
0
0
0
0
0
0
4.222392421336448
0
0.3119425023953323
0
0
0
0
0
0
6.0
0
0
0.6310036514558588
0.4047887402583259
0
0
5.807354922057604
4.213830407833024
0
0
0
0
0
0
0
4.807354922057604
0
0
0
0
1.4397841616145293
4.04376991026092
0
0
0
0
0
0
0
0
0
0
0
0
0
3.6671772640093443
0
0
4.456280481510725
0
0
2.106915203916512
4.222392421336448
0
0
0
0
0
0
14.422064766172811
0
0
0
0
0
0
11.614709844115207
2.2703437280047307
5.807354922057604
0
0
0
0
0
0
0
0
0
0
0
0
0
0
11.614709844115207
4.807354922057604
0
0
0
0
0
0
0
0
0
0
0
0
0
0
0
0
0
0
0
0
0
0
0
0
0
2.9708536543404835
0
0
0
0
0
0
0
0
0
8.54436534237029
0
0
0
0
0
0
0
0
0
6.444784842672896
0
16.88956968534579
4.04376991026092
0
9.391693213681227
16.176199062033707
0
0
0
0
2.104934839788271
0
0
0
0
0
0
0
0
0
0
0
0.9004643264490856
0
1.7198920808072646
0
0
0
0
0
0
0
0
0
0
0
8.419739359153084
0
0
0
0
0
0.7538610474553863
0
0
0
0
0
4.222392421336448
0
0
0
0
2.807354922057604
0
0
0
0
0
0
0
0
0
0
0.19264507794239583
0
0
0
0
0
0
0
3.118854817228037
0
0
0
0
0
0
0
0
0
0
0
0
2.6374299206152916
0
0
0
0
0
0
0
0
0
0
0
0
0
0
0
0
0
0
7.614709844115208
0
0
0
0.8095774805166518
0
0
0
0
0
0
0
0
0
0
0
2.6374299206152916
0
0
0
0
0
0
0
0
0
0
0
0
0
0
0
5.807354922057604
0
0
0
0
0
0
0
3.6147098441152083
0
0
0
0
0
0
0
0
0
0
8.444784842672895
0
0
0
0
0
0
0
0
0
3.320745611749535
3.4126344466829153
0
11.614709844115207
0
8.427660815666048
0
0
0
0
0
0
0
0
0
0
0
0
0
0
0
4.807354922057604
0
0
0
0
4.807354922057604
4.222392421336448
0
0
0
0
0
8.444784842672895
0
0
5.807354922057604
0
0
0
0
12.036087479086468
0
5.159676242421794
0
0
0
0
0
0
0
4.222392421336448
0
8.444784842672895
0
0
0
0
0
3.851378898001774
0
0
0
0
0
0
0
0
0
0
0
0
0
0
0
0
0
0
5.614709844115208
0
0
0
0
0
0
0
0
0
0
0
0
0
0
0
0
0
0
0
0.8300749985576875
0
0
0
0
0
0
0
3.207456117495356
0
0
0
0
0
6.444784842672896
0
0
0
0
0
0
0
0
0
0
2.91256096302145
0
1.1018158177768451
17.779139370691585
0
1.0
0
0
0
0
0
0
0
0
0
0
0
0
0
0
0
1.456280481510725
5.274859841230583
0
6.444784842672896
0
0
0
0
4.213830407833024
3.4854268271702415
0
0
0
0
0
0
0
0
2.2703437280047307
0
0
3.222392421336448
0
0
0
5.807354922057604
0
0
1.1634987322828796
0
5.159676242421794
0
0
34.84412953234562
0
4.222392421336448
0
5.2623370994706775
0
0
0
0
0
0
0
0
7.678427505036559
0
0
0
0
5.807354922057604
1.5594274086140185
3.9129578224971504
2.0
0
0
0
3.6018573057963423
0
1.747558284876908
2.6374299206152916
0
14.748406427415585
0
2.288982251960314
5.807354922057604
1.456280481510725
0
0
0
0
0.4498029174395205
0.7198920808072646
0
0.6374299206152918
0
0.0
5.807354922057604
4.222392421336448
0
0
0
0
0
0
0
0
0
0
0
0
0
0
0
0
0
0
0
0.0
0
0
0
0
0
0
0
0
0
0
0
0
0
0
0
0
0
0
0
0.0
0
0
0
3.2748598412305836
2.9708536543404835
0
0
0
0
0
0.4498029174395205
0
0
0
8.18714960307646
0
8.144491125980156
0
0.6958466068406136
1.9865507620041394
2.6374299206152916
0
0
0
0.8300749985576875
0
2.293802861463847
0
0
0
0
0
1.1634987322828796
0
2.444784842672896
24.397987790191692
0
7.055637487740344
0
10.534576019582559
4.807354922057604
0
5.614709844115208
0
3.807354922057604
0
0
0
5.159676242421794
0
0
2.6374299206152916
0
0
0
0
0
0
16.88956968534579
1.2143662207749777
0
0
0
0
0
0
0
0
0
14.422064766172811
14.034846677526167
0
3.4397841616145293
0
1.0
3.0
2.3915591850308804
0
5.807354922057604
0
0
0
1.4397841616145293
0
0
0.8174936614143978
15.479028727265382
0
4.222392421336448
0
0
0
1.3479233034203069
0
0
0
0
0
