0
0
0
0
0
0
0
0
0
0
0
0
0
0
0
0
5.807354922057604
0
0
0
0
0
0
0
0
0
0
0
0
0
0
0
0
0
0
0
0
0
0
0
0
0
0
0
0
0
0
0
0
0
0
0
0
0
0
0
0
0
0
0
2.106915203916512
0
0
0
0
0
0
0
0
0
0
0
0
0
0
0
0
0
0
0
0
0
0
0
0
0
2.5675859320011827
0
2.222392421336448
0
0
0
0
0
0
0
0
0
0
0
0
0
5.807354922057604
0
0
0
0
0
0
0
0
0
0
1.5594274086140185
0
0
0
0
0
0
5.807354922057604
0
0
3.4397841616145293
0
0
0
0
0
0
0
0
0
0
0
0
0
0
0
0
0
0
0
0
0
0
0
0
0
0
0
0
0
0
0
0
0
0
0
0
0
0
0
0
0
0
3.807354922057604
0
0
0
0
0
0
0
0
0
0
0
0
0
0
0
0
0
0
0
0
0
0
0
0
0
4.222392421336448
2.6374299206152916
0
0
0
0
0
0
0
0
0
0
0
0
0
0
0
0
0
0
0
0
0
0
0
0
0
0
5.807354922057604
0
0
1.1069152039165118
0
0
1.2837929660005913
0
0
0
0
0
0
0
0
0
0
0
0.9493739269300321
5.807354922057604
0
0
0
2.222392421336448
0
0
0
0
0
0
0
0
0
0
0
0
0
0
0
0
0
0
0
0
0
0
0
0
0
1.8073549220576042
0
0
0
0
0
0
0
0
0
0
0
0
0
0
0
0
0
0
0
0
0
0
0
0
0
0
0
0
0
0
0
0
0
0
0
0
0
2.347923303420307
0
0
0
0
0
0
0
0
0
0
0
0
0
0
0
0
0
0
3.0
0
0
2.4854268271702415
0
0
0
0
0
0
0
0
2.222392421336448
0
0
0
0
0
0
0
0
0
0.8073549220576041
0
0
0
0
0
0
0
0
4.807354922057604
0
0
0
0
0
0
0
0
0
0
0
0
0
0
0
0
0.15886893498880983
0
0
0
0
0
0
0
0
0
0
0
0
0
0
0
0
0
0
0
0
0.7198920808072646
4.222392421336448
0
0
0
0
0
0
0
0
0
0
0
0
0
0
0
0
0
0
0
0
0
0
0
0
0
0.6374299206152918
6.0
0
2.326997464565759
0
0
0
0
0
0
0
0
0
0
0
0
0
0
0
0
0
0
0
0
0
0
0
1.456280481510725
0
0
0
0
3.0
0
0
0
0
0
5.614709844115208
0
0
0
0
0
0
4.222392421336448
0
0
0
0
0
0
0
0
0
0
0
0
0
0
0
0
0
0
0
0
0
3.4397841616145293
0
0
0
0
0
0
0.3269974645657591
0
0
0
0.4766068049664295
0
0
0
0
0
0
0
0
0
0
0
0
0
0
0
0
0
0
0
0
0
0
0
0
0
0
6.0
0
8.444784842672895
0
3.807354922057604
0
0
0
0
0
4.444784842672896
0
0
0
0
0
0
0
0
0
1.4150374992788437
0
0
0
0
0
0
0
0
0
0.15597125119766614
0
0
0
0
0
0
0.8531586116707288
0
0
0
0
0.9004643264490856
0.0
0
0.46791375359299836
0
0
0
0
0
0
0
0
0
0.12997604266472176
0
0
0
0
0
0
0
0
0
0
0
0
0
0
0
0
5.422064766172813
0
0
0
0
0
0
0
0.6310036514558588
0
0
0
0
0
0
0
0
0
0
0
0
0
0
0
0
0
0
0
0
0
0
0
0
2.0
0
0
1.1634987322828796
0
0
0
0
0
0
0
0
0
0
0
0
0
0
0
0
0
0
0
0
0
0
0
0
0
0
0.6780719051126377
0
0
0
0
0
0
0
0
0
0
0
0
0
0
0
0
4.222392421336448
0
1.8073549220576042
0
0
0
0
29.001531792028032
0
0
0
10.456280481510724
0
5.807354922057604
0
0
0
0
0
0
0
0
0
0
0
0
0
0
0
0
0
0
0
0
0
0
0
4.444784842672896
0
0
0
0
0
2.4854268271702415
0
0
0
0
0
0
0
0
0
0
0
0
0
0
0
0
0
0
0
0
0
0
0
0
0
0
0
0
0
0
0
0
0
0
0
0
0
0
4.695846606840614
0
0
0
0
0
0
0
0
0
0
0
0
0
0
0
0
0
0
0
0
0
0
0
0
0
0
1.8009286528981712
0
0
0
0
0
0
0.6746479004305432
0
0
0
0
1.3479233034203069
0
0
0
0
0
0
1.8073549220576042
0
0
0
0
0
0
0
0
0
0
0
0
0
0
0
0
0
0
0
0
0
0
0
0
0
0
0
0
2.4854268271702415
0
0
0
0
0
0
0
0
0
0
0
0
0
0
0
2.347923303420307
0
0
0
0
0
0
2.91256096302145
3.6671772640093443
0
0
0
0
0
0
0.3148045193648129
0.3269974645657591
0
0
0.8073549220576041
0
0
0
0
0
0
0
0
0
0
0.5219527031953558
0
2.5675859320011827
0
0
0
0
0
0
0
0
0
0
0
0
0
0
0
0
0
0
1.222392421336448
0
0
0
0
0
0
0
0
0
0
0
0
0
0
0
0
3.0
0.41503749927884376
0
0
0
0
0
0
0
0
0
0
0
1.7063172233414576
0
0
2.7971370430700926
0.6780719051126377
0
0
0
0
0
0
0
0
1.6374299206152918
0
0
0
0
3.4854268271702415
0
0
5.807354922057604
0
0
0
0
0
1.6374299206152918
0
0
0
0
0
0
0
0
0
0
0
0
0
0
0
0
0
0
0
0
0
0
0
0
0
0
0
0
0
0
0
0
0
0
0
0
0
0
0
0
3.807354922057604
0
0
0
0
0
0
0
0
0
0
2.0751874963942187
0
0
0
0
0
0
0
0
0
0
0
1.5594274086140185
0
0
0
0
0
0
0
2.222392421336448
0
0
0
0
0
0
0
4.807354922057604
0
0
0
0
0
1.2837929660005913
0
0
0
0
0
0
0
0
0
0
0
0
0
0
0
0
0
0
0
0
0
0
0
0.2527660703799667
0
0
3.4854268271702415
0
0
0
0
0
0
0
0
0
0
2.0
0
0
0
0
0
0
0
0
0
0
0
0
0
0
0
0
1.4397841616145293
0
0
0
0
0
0
0
0
0
0
0
0
0
0
0
0
0
0
0.28379296600059134
0
0
0
0
0
0.0
0
0
0
0.0
0
0.7198920808072646
5.807354922057604
0
0
0
0
0
0
0
0
0
0
0
0
0
0
0
8.444784842672895
0
9.614709844115207
0
2.0
0
0
0
0
0
0
0
0
0
0
0
0
0
0
0
0
0
0
0
2.159676242421794
0
0
0
0
0
0
0
0
0
0
0
0
0
0
0
0
0
1.4854268271702418
0
0
0
0
0
0
0
0
0
0
0
5.614709844115208
0
0
0
0
0
0
5.807354922057604
0
2.807354922057604
0
0
0
0
0
0
0
0
0
0
0
0
0
0
0
0.8300749985576875
0
0
0
0
0
0
0
0
0
0
0
0
0
0
0
0
0
1.0
0.44478484267289603
0
0
0
0
0
0
0
0
0
0
0
0
0
0
0
0
0
0
0
0
0
0
0
0
0
2.4854268271702415
0
0
0
0
0
0
0
0
0
0
0
0
0
0
0
0
0.6310036514558588
0
1.118854817228037
0
0
0
0.3155018257279294
0
0
0
0
0
0
0
0
0
0
0
0
0
0
0
0
0
0
0
0
0
0
0
0
0.6310036514558588
0
0
0
0.5055321407599334
0
0
0
0
0
0
0
0
0
0
0
0
0
1.0524674198941355
0
0
0
2.4854268271702415
0
0
0
0
0
0
0
0
0
0
0
0
0
0.7149102074496443
0
0
0
0
0
1.6374299206152918
0
0
0
0
0
0
0
0
0
0
0
0
3.0
0
0
0
0
0
0
0
0
0
0
0
0
0
0
0
0
0
0
0
0
0
0
0
0
0
0
0
0
0
0
0
0
0
0
0
0
0
0
0
0
0
0
0
0
0
0
0
0
0
0
0
0
0
0
0
0
0
0
0
0
0.6780719051126377
0
0
0
0
0
0
0.22239242133644802
0
0
0
0
0
0
0
0
0
0
0
0
0
0
0
0
0
0
0
0
0
0
0
0
0
0
0
0
0
0
0
0
0
0
0
0
0
0
0
0
0
0
0
0
0
0
0
0
0
0
0
0
5.614709844115208
0
0
0
0
3.807354922057604
0
0
0
0
0
0
0
0
0
0
0
0
0
0
0
0
0
0.5594274086140185
1.1069152039165118
0
5.807354922057604
3.222392421336448
0
0
0
0
0
0
0
0
0
0
0
0
0
0
0
0
0
0
0
0
0
0
0
0
0.8073549220576041
2.807354922057604
0
0
0
0
0
0
0
0
0
0
0
0
0
0
0
0
0
0
0
0
7.456280481510724
0
0
0
0
0
2.0
0
0
0
0
0
0
3.807354922057604
2.222392421336448
0
0
0
0
0
0
0
0
0
0
0
0
0
0
2.104934839788271
0
0
4.807354922057604
0
0
0
0
0
4.222392421336448
0.8531586116707288
0
9.0
0
0
0
0
0
0
0
0
0
0
0
2.222392421336448
0.18196645973061049
0
0
0
2.6374299206152916
0
0
0
0
1.0
0
0
3.0
0
0
1.9004643264490857
0
0
0
0
0
0
0
3.4854268271702415
0
0
0
0
0
0
0
0
0
0
0
0
0
1.660149997115375
0
0
6.8252688933658305
0
0
0
0
0
0
0
0
0
0
0
4.807354922057604
0
0
0
0
0
0
0
0
0
0
0
0
0
0
0
0
0
0
0
0
0
0
0
2.222392421336448
0
0
0
0
0
2.034215715337913
0
0
0
0
0
0
0
0
0
0
0
0.8073549220576041
0
0
0
0
0
0
0
0
0
2.9708536543404835
0
0
0
0
0
0
0
0
0
0
0
0
0
0
0
0.6746479004305432
0
0
0
0
0
0
0
0
0
0
0.5055321407599334
0
0
0
0
0
1.3479233034203069
0
0
0
0
0
0
1.3479233034203069
0
0
0
0
0
0
0
0
0
0
0
0
0
0
0
0
0
0
0
0
0
0
0
0
0
0
0
0
0
0
4.222392421336448
0
0
0
0
0
3.222392421336448
0
0
0
0
1.6147098441152081
0
0
0
0
1.9004643264490857
0
4.807354922057604
0
0
0
0
0
0
0
0
0
0
0
0
0
0
0
0
0
0
0
0
0
1.4150374992788437
0
0
0
3.4854268271702415
0
0
0
0
2.347923303420307
0
0
0
0
0
0
0
0
1.1634987322828796
1.5594274086140185
0
0
0
0
0
0
0
0
0
0
0
0
1.9122897618458754
0
0
0
0
1.222392421336448
0
0
0
0
0
4.807354922057604
3.222392421336448
4.444784842672896
0
0
0
2.347923303420307
0
0
0
0
0
0
0
0
0
0
0
0
0
0
0
0
0
0
0
0
0
0
0
0
0
0
2.6374299206152916
0
0
0
0
1.0524674198941355
0
0
0
1.4854268271702418
0
0
0
0
0
0
0
0
0
0
0
0
0
0
0
0
0
0
0
0
0
0
0
0
0
0
0
0
0
0
0
0
4.807354922057604
0
3.2748598412305836
0
2.807354922057604
0
0
0
0
0
0
0
0
0
0
0
0
0
0
0
0
0
0
0
0
0
0
0
0
0
0
0
0
0
2.807354922057604
0
0
0
0
0
0
0.5979015564286544
0
0
0
0
0
0
4.807354922057604
0
0
0
0
0
0
0
0
0
0
0
0
0
0
0
0
0
0
0
0
0
0
0
0
0
0
0
0
0
0
0
0
0
0
0
0
0
0
0
0
0
0
0
0
0
0
0
0
0
0
0
0
0
0
0
0
0
0
0
0
0
0
0
0
0
1.222392421336448
0
0
0
0
0.3479233034203068
0
0
0
0
0
0
0
0
0
0
0
0
0
0
0
0
0
1.1958031128573088
0
0
0
0
0
2.106915203916512
0
0
0
5.807354922057604
0
0
0
0
0
0
0.22239242133644802
0
0
0
0
0
4.807354922057604
2.6374299206152916
0
5.807354922057604
0
0
0
0
1.0524674198941355
0
0
3.222392421336448
0
0
0
0
0
0
0
0
0
0
0
0
0
1.8009286528981712
0
0
0
0
0
0
0
0
0
0
0
0
0
0
0
0
0
0
0
0
0
0
0
0
0
0
0
0
0
0
2.0
0
0
0
0
0
0
0
0
0
0
0
0
0
0
0
0
0
0
0
0
0
0
0
5.807354922057604
0
0
0
0
0
0
0
0
0
0
0
0
0
0
0
0
2.807354922057604
0
0
0
0
0
0
0
0
0
0
0
0
1.1069152039165118
0
0
0
0
0
0
0
0
0
0
0
0
1.2451124978365313
0
0
0
0
0
0
0
0
0
0
0
0
0
1.4854268271702418
0
0
0
4.807354922057604
0
0
0
0
2.347923303420307
0
0
0
4.807354922057604
0
3.807354922057604
0
0
0
0
0
0
0
0
0
0
0
0.8895696853457921
0
0
0
0
0
0
4.912289761845876
0
0
0
0
0
0.899605834879041
0
0
0
0.7629608026991507
0
0
0
0
0
0
0
0
0
0
0
0
0
0
3.6671772640093443
0
0
0
0
0
0
0
0
0
0
0
2.4854268271702415
0
0
0
4.456280481510725
0
0
0
0
0
0
0
0
0
0
0
0
0
0
0
2.807354922057604
0
0
0
0
0
0
0
0
0
5.807354922057604
0
0
0
0
0
0
0
0
0
0
0
0
0
0
3.1574022596824065
0
0
0
0
0
0
0
0
0
0
0
0
0
1.1351718640023654
0
0
0
0
0
1.0110642815198667
0
0
0
0.20796166826355483
0
4.222392421336448
0
0
0
1.2837929660005913
0
0
0
0
0
2.0
0
0
0
0
0
0
0
0
0
0
0
4.222392421336448
0
0
0
0
0
0
0
0
0
0
0
0
0
0
1.2837929660005913
0
0
0
0
0
0
0
0
0
2.347923303420307
0
0
0
0
0
0
0
0
0
3.807354922057604
2.347923303420307
0
0
0
0
0
0
0
0
0
0
0
0
0
0
0
0
0
0
0
0
0
5.807354922057604
0
5.807354922057604
0
0
0
0
0
0
0
0
0
0
0
0
0
0
0
0
0
0
0
0
0
0
0
0
0
0
0
0
0
0
0
0
0
0.9493739269300321
0
0
0
0
0.9708536543404833
0
0
1.0
0
0
0
0
0
0
0
0
0
0
0
0
0
0
1.9054508367775314
0
0
0
0
0
0
0
0
0
0
0
0
0
0
0
0
0
0
0
0
0
0
2.422064766172812
0
4.807354922057604
0
0
0
0
0.4498029174395205
0
0
0
0
0
0
0
0
0
0
4.807354922057604
0
0
0
0
0
0
0
0
0
0
0
0
0
0
0
0
0
0
0
6.444784842672896
4.6782822258420556
0
0
0
0
0
0
0
0
0
0
0
0
0
0
0
0
0
0
0
0
0
0
0
0
0
0
0
0
0.4276608156660475
0
0
0
0
5.807354922057604
0
0
0
0
0
0
0
0
0
2.222392421336448
0
0
0
0
0
0
0
0
0
0
0
0
0
0
0
0
0
0
0
0
0
0
0
0
0
0
0
0
0
0
0
0
0
0
0
0
0
0
0
0
0
0
0
0
0
0
0
0
0
0
0
0
1.8009286528981712
0
0
0
0
0
0.6671772640093441
0
0
0
0
0
0
0
0
0
0
0
0
0
4.807354922057604
0
0
0
0
0
0
0
0
0
0
0
0
0
0
0
0
0
5.807354922057604
0
0
0
0
0
0
0
0
0
0
0
0
0
0
0
0
2.6374299206152916
0
0
2.8300749985576874
0
0
0
0
0
0
0
0
0
0
0
0.0
0
0
0
0
0
0
4.444784842672896
0
0
0
0
0
0
0
0
0
0
2.4854268271702415
0
0
0
0
0
0
2.2490145871976024
0
0
0
0
0
3.0
0
0
0
0
0
0
0
3.1574022596824065
0
0
0
0
0
0
0
0
0
0
0
0
0.15886893498880983
0.8531586116707288
0
0
0
0
0
0
0
0
0
0
0
0
0
0
0
0
0
0
0
0
0
0
1.118854817228037
1.7198920808072646
0
0
0.953213609932859
0
0
0
0
0
0
0
0
0.5594274086140185
0
0
0
0
0
0
0
1.5259216053983014
0
0
0
0
0
0
0.2859472938623879
0
0
0
0
2.6374299206152916
0
0
0
0
0
0
0
0
0
4.807354922057604
0
0
0
0
0
2.807354922057604
0
0
0
0
0
0
0
0
0
0
0
0.10493483978827096
0
0.6374299206152918
0
0
0
0
0
0
0
0
0
0
0
0
0
0
0
0
0
0
0
0
0
0
0
0
0
4.222392421336448
0
0
0
0
0
0
0
0
0
0
0
0
0
0
0
0
0
3.807354922057604
0
0
0
0
0
0
0
0
0
0
0
0
0
0
0
0
0
0
0
0
0
0
0
0
0
1.4854268271702418
0
0
0
0
0
1.222392421336448
0
0
0
0
0
0
0
0
0
0
0
0
0
0.8073549220576041
0
0
0
0
0
0
0
0
0
0
0
0
0
0
0
0
0
0
0
0
0
0
0
0
0
0
0
0
0
0
0
0
0
0
0
0
0
0
0
0
3.222392421336448
0
3.4126344466829153
3.222392421336448
0
0
0
0
0
1.7198920808072646
0
1.5594274086140185
2.0
0
0
2.347923303420307
0
0
0
0
0
0
0
0
0
0
4.222392421336448
0
0
0
0
0
0.5219527031953558
0
0
0
0
0
0
0
0.10691520391651188
0
0
0
0
0
0
0
0
0
0
2.347923303420307
0
0
0
0
0
0
0
0
0
0
4.912289761845876
0
0
0
0
0
0
0
0
0
4.222392421336448
0
2.352134486163261
0
0
0
0
0
0
0
0
0
0
0
0
0
1.2748598412305836
2.6374299206152916
0
0
0
0
0
0
2.034215715337913
0
0
0
0
0
0
0
0
0
2.6374299206152916
1.1634987322828796
0
0
0
0
0
0
2.8300749985576874
0
0
0
0
0
0
0
0
0
0
0
0
0
0
0
0
0
0
0
0
0
0.6780719051126377
0
0
0
0
0
0
0
0
5.807354922057604
0
0
0
0
0
0
0
0
0
0
0
1.2837929660005913
0
0
0
0
0
0
0
0
0
0
0
0.0
2.106915203916512
0
0
0
0
0
0
0
0
0
0
0.21383040783302376
0
0
0
0
0
3.807354922057604
0
0
7.01172912676821
0
0
0
0
0.5979015564286544
0
0
0
0
0
0
1.4150374992788437
0
0
6.980992393697278
0
0
0
0
0
0.41503749927884376
0
0
0
0
5.807354922057604
0
0
0
0
0
0
0
0
0
0
0
0
0
0
2.807354922057604
0
0
0
0
0
0
0
0
0
0
0
0
0
0
0
0
0
0
0
0
0
0
0
0
2.0
0
0
0.8300749985576875
0
0
0
0
0
0
0
0
0
0
2.159676242421794
0
0
0
0
1.0524674198941355
0
0
0
2.4854268271702415
0
0
0
0
0
0
0
0
0
0
0
5.807354922057604
0
0
0
0
0
0
0
0
2.222392421336448
0
0
0
0
0
1.3479233034203069
0
0
0
0
0
0
0
0
0
0
0
0
0
0
0
0
0
0
1.9004643264490857
0
0
0
0
0
0
0
0
0
0
0
0
0
0
0
0
0
0
0
14.422064766172811
0
0
0
6.444784842672896
0
0
0
0
0
0
4.222392421336448
0.5675859320011827
0
0
0
0
0
0
0
0
0
0
5.807354922057604
0
0
0
0
0
0
0
0
0.49049619684863865
0
0
0
0
0
0
0
0
0
0
0
0
0
0
0
0
0
2.4854268271702415
0
0
0
0
0
0
0
0
0
0
0
0
0
0
0
1.222392421336448
0
0
1.1069152039165118
0
0
0
0
0
0
0
0.9004643264490856
0
0
0.6374299206152918
0
0
0
0
0
0
0
0
0
0
0.0
0
0
0
0
2.347923303420307
0
0
0
0
0.6374299206152918
0
0
0
0
0
0
0
0
0
0
0
0
0
0
0
0
0
0
0
0
0
0
0
0
1.2143662207749777
0
0
0
1.3479233034203069
0
0
0
0
0
0
0
0
0
0
0
0
0
0
0
4.222392421336448
0
0
0
0
0
0
0
0
0
0
0
0
0
0
0
0
0
0
0
0
0
0.18196645973061049
0
3.3979877901916917
0
0
0
0
0
0
0
0
0
0
0
0
0.3155018257279294
0
0
0
0
0
0
0
0
0
0
0
0
0
0
4.6782822258420556
2.4854268271702415
0
0
0
0
0
0
0
0
0
0
0
0
0
0
3.4854268271702415
0
0
1.2837929660005913
0
0
0
0
11.614709844115207
0
0
3.222392421336448
0
0
0
0
0
0
0
0
0
0
0
0
0
0
0
0
0
0
0
0
0
0
0
0
0.38529015588479165
0
0
0
0
0
0
0
0
0
0
0
0
0
0
0
0
0
0
0
1.5165964222798
0
0
0
0
0
0
0
0
0
0
0
0
1.2837929660005913
0
0
1.3479233034203069
0
0
0
0
0
0
0
0
0
0
0
0
0
0
0
0.5979015564286544
0
0
4.222392421336448
0
0
0
0
0
0
0
0
0
0
0
0
0
0
0
0
0
0
1.2837929660005913
0
0
0
0
0
0
0
0
0
0
0
0
0
1.2837929660005913
0
0
0
2.9708536543404835
0.7705803117695833
0
0
0
0
0
0
0
0
0
0.2623370994706774
0
0
0
0
0
0
0
0
0
0
0
0
0
0
0
0
0
0
0
0
0
0
0
0
0.9004643264490856
0
1.0524674198941355
0
0
0
0
0
0
0
0
0
0
0
0
0
0
0
0.8531586116707288
0
1.7198920808072646
0
0
0
0.5675859320011827
0
0
0
0
0
0
0
4.807354922057604
0
2.0
0
0
0
0
0
2.6374299206152916
0
1.0439054063907116
0
0
0
0
0
0
0
0
0
0
0
0
0
0
0.9493739269300321
0
0
0
0
0
0
0
0
0
0
0
0
5.807354922057604
0
0
4.222392421336448
9.614709844115207
0
0
0
0
0
0
0
1.3916932136812272
5.807354922057604
0
0
0
0
0
0
0
0
0
0
0
0
0
0
0.7629608026991507
3.807354922057604
0
0.3148045193648129
0
0.8531586116707288
0
0
0
0
0
0
0
0
0
0
0
0
0
0
0
2.6374299206152916
0
0
5.807354922057604
0
0
1.7063172233414576
0.13492958008610864
0
0
0
0
0
0
0
0
0
0
3.807354922057604
0
0
0
0
0
0
0
0
0
0
0
0
0
0
0.5219527031953558
2.347923303420307
0
0
0
0
0
0
0
0
0
0
1.9004643264490857
0
0
0
0
0
0
0
0
0
0.2527660703799667
0
1.2620073029117176
0
0
0
0
0
0
0
0
0
0
3.4854268271702415
0
0
0
0
0
0
0
0
0
0
0
0
0
0
0
1.1958031128573088
4.222392421336448
0
0
0
0
0
0
0
0
0
0
8.444784842672895
0
0
0
0
2.222392421336448
0
0
0
0
0
0
0
0
0
0
0
0
0
0
0
1.793704669285963
0
0
0
0
0
0
0
0
0
0
0
0.9708536543404833
0
0
0
0
0.6746479004305432
0
0
0
0
0
0
0
0
0
0
0
0
0
0
0
2.347923303420307
0
0
0
0
0
0
0
0
0
0
0
0
0
0
2.0
0
0
0
4.807354922057604
0
0
0
0
3.0
0
0
0
0
0
0
0
0
0
0
0
1.660149997115375
0
0
0
0
0
0
0
4.807354922057604
0
0
0
0
0
0.10493483978827096
0
0
0
0
0
0
0.3155018257279294
0
0
2.0
0
0
0
0
4.222392421336448
0
0
0
0
2.8300749985576874
0
0
0
0
0
0
0
0
0
0
0
0
0
0
3.8009286528981714
2.4854268271702415
0
0
0
4.222392421336448
0
0.899605834879041
0.18196645973061049
0
3.222392421336448
0
0
2.159676242421794
0
0
0
0
0
0
0
0
0
0.4276608156660475
1.0439054063907116
0
0
0
0
0
0
2.6374299206152916
0
0
0
0
0
0
0
0
2.807354922057604
0
0
0
0
0
0
0
0
0
0.5675859320011827
0
0
0
0
0
0
0
0
0
0
0
0
0
0
0
0
0
0
0
0
0
0
0
0
0
0.5345760195825594
0
0
0
0
0
0
0
0
0
3.490496196848639
0
0
11.614709844115207
0
0
0
0
0
0
0
0
0
2.4854268271702415
0
0
0
0
0
0
0
0
0
0
0
0
0
0
0
0
0
0
0
0
0
0
0
0
0
0.0
0
0.5979015564286544
0
0
0
0
0
0
0.4498029174395205
0
0.5397183203444346
0
0
0
0
0
0
1.1069152039165118
0
0
0
0
0
0
0
0
1.4854268271702418
0.5219527031953558
0
6.576917120715199
1.8073549220576042
0
0
0
0
0
0
0
0
0
0
0
0
5.807354922057604
0
0
4.807354922057604
0
0
0
0
0
0
0
0
0
0
0
0
0
0
0
1.5594274086140185
3.4854268271702415
0
0
1.118854817228037
2.104934839788271
0
0
0
0
0
0
0
0
3.4854268271702415
0
0
0
0
0
0
2.347923303420307
0
0
0
0
0
0
0
4.222392421336448
0
0
0
0
0
0
0.0
0
0
0
0
2.4854268271702415
0
0
0
0
0.15886893498880983
0
0
0
1.2748598412305836
0
0
0
0
2.807354922057604
0
0
0
0
0
0
0
0
0
0
0
0
0
0
0
0
0
0
4.222392421336448
0
0
0.31773786997761966
0
0
0.8531586116707288
0
5.807354922057604
0.7629608026991507
8.444784842672895
0
0
0
0
0
0
0.2698591601722173
0
0
0
0
0
0.0
0
0
0
0
0.15740225968240645
3.222392421336448
0
0
0
0
3.0
0
0
0
0
0
0
0
0
5.807354922057604
0
0
0
0
0
0
4.807354922057604
0
2.347923303420307
0.19264507794239583
0
0
0
0
0
0
0
0
0
0
0
0
0
0
0
0
0
0
0
0
0
0
0
0
0
0
0
0
0
0
0
0
0
0
0
0
0
0
0
0
0
0
0
0
0
0
0
0
0
0
0
0
0
0
0
0
0
0
0
0
0
0
0
0
0
0
0
0
0
0
0
0
0
3.807354922057604
0
0.38109016735550627
0
0
0
0
0
0
0
0
0
0
0
0
0
3.222392421336448
0
0
0.7629608026991507
0
0
0
0
0
0
0
0
0
0
0
0
1.2837929660005913
0
0
0
0
0
0
0
0
0
0
0
0
0
0
0
0
0
0
0
0
0
0
0
0
0
0
0
0
0
0
0.0
0
0
0
3.599460404036323
0
0
0
0
0
0
0
0
2.106915203916512
0
0
0
0
0
0
0
0
0
0
0
0
0
0
0
0
0
0
0
0
0
0
0
0
0
0
0
0
0
0
0
0
0
0
28.844129532345622
1.0
0
0
0
0
0
0
0
0
0
0
0
0
0
0
4.807354922057604
0
0
0
0
0
1.8009286528981712
0
0
0
0
0
1.11196210668224
0
0
0
0
0
0
0
0
0
0
0
0
0
0
0
0
0
0
0
0
3.222392421336448
0
0
0
0
0
0
0
0
0
0
1.4150374992788437
0
0
0
0
0
1.222392421336448
0
0
1.0437699102609204
0
0
0
0.48542682717024166
0
0
0
0.6374299206152918
0
0
0
0
0
0
0
0
0
0
0
0
0
0
0
0
0
0
0
0
0
0
0
0
0
0
0
1.8073549220576042
0
0
0
0
0
1.2748598412305836
1.793704669285963
0
1.8073549220576042
0
0
0
0
2.4854268271702415
0
0
0
0
0
0
0
0
0
0
0
0
0
0
0
0
0
0
0
0
0
0
0
0
11.739616517101535
0
0
0
0
0
0
0
0
0
0
0
0
0
0
0
0
0
0
0.32074561174953564
0
0
0
2.6374299206152916
0
0
0
0
0
0
0
0
0
0
0
0
0
0
0
0
3.0
3.0
0
0
2.106915203916512
0
0
0
0
0
0
2.347923303420307
0
0
0
0
1.6374299206152918
2.347923303420307
0
0
0
0
0
0
0
0
0
0
0
0
0
0
0
0
0
0
0
0
0
0
0
0
0
0
0
0
0
0
0
0
0
0
0
0
0
0
0
0
0
0
1.9004643264490857
0
0
0
0
0
0
0
0
0
0
0
0
0
0
0
0
0
0
0
0
0
0
0
2.807354922057604
0
0
0
0
0
0
0
0
0
0
0
1.0439054063907116
0
0
0
0
0
0
0
0
0
0
0
0
0
0
1.7063172233414576
0
0
0
0
0
0
0
1.118854817228037
0
0
0
0
0
0
0
0
0
0
0
0
0
0
0
0
0
0
0
0
0
0
2.6374299206152916
4.807354922057604
0
2.0
0
0
0.5560412724608343
0
0
0
0
0
0
0
0
0
0
0
0
0
0
0
0
0
0
0
0
0
0
0
0
0
0
0
0
0
0
0
0.5594274086140185
0
0
0
0
0
0
0
0
1.7198920808072646
0
0
0
0
0
0
0
0
0
0
0
0
0
0
0
5.807354922057604
0
0
0
4.807354922057604
0
0
0
0
0
0
0
0
0
0
0
0
0
0
0
0
0
0
1.4854268271702418
0.7629608026991507
0
0
0
0
0
0
1.5594274086140185
0
0
4.222392421336448
0
0
0
0
0
0.899605834879041
0
0
0
0
0
0
0
3.4854268271702415
0
0
4.222392421336448
3.4854268271702415
0
0
0
0
0
0
0
0
0
0
0
0
3.118854817228037
0
0
0
0
0
0
0
0
0
0
0
0
0
0
0
1.4854268271702418
0
0
0
0
0
0
0
0
0
0
0
0
0
0
0
0.8531586116707288
0
0
0
0
2.222392421336448
0
0
0
0
0
0
0
0
0
0
0
0
0
0
0
0
0
1.0439054063907116
0
0
0
0
0
0
0
0
0
0
0
0
0
0
0
0
0
0
0
0
0
0
0
0
0
0
0
0
0
0
0
0
0
0
0
0
0
0
0
0
0
0
0
0
0.05246741989413548
0
0
0
0
0
0
0
0
0
0
0
0
1.4150374992788437
0
0
0
0
0
0
0
0
0
0
0
0
0
4.807354922057604
0
0
0
0
0
0
2.288882408097452
0
0
0
0
0
1.3561438102252754
0
0
0
0
0
0
2.807354922057604
0
0
0
0
0
0
0
0
2.6374299206152916
0
0
0
1.4150374992788437
0
0
0
0
0
0
0
0
0
0
0
0
0
0
0
0
0
0
0
0
0
0
0
0
0
0
0
0
0
0
0
0
0
0
0
0
1.8073549220576042
0
0
0
0
0
4.222392421336448
0
0
0
0
0
0
0
0
0
0
0
0
0
0
0
0
0
0
0
1.1634987322828796
0
0
0
0
0
0
0
3.4854268271702415
0
0
0
0
0
0
0
0
0
0
0
0
0
0
0
0
0
0
0
0
1.7063172233414576
0
0
0
0
0
1.9004643264490857
0
0
0
0
4.222392421336448
1.8987478538600642
0
0.6671772640093441
0
0
0
0
0
0
0
0
0
0
0
0
0
0
0
0
0
4.0
0
0
0
0
4.807354922057604
0
0
0
0
0
0
0
0
0
0
0
0
0
0
0
0
0
0
0
1.6374299206152918
4.222392421336448
0
0
0
0
0
0
0
0
0
0
0
0
0
2.2138304078330235
0
0
0
0
0
0
0
0
0
0
0
0
0
0
0
0
0
0
0
0
0
0
0
0
0
0
0
0.6671772640093441
0
0
0
1.6147098441152081
0
1.793704669285963
0
0
0
0
0
0
0
0
4.6782822258420556
0
0
0
0
0
0
4.0
0
0
0
0
0
0
0
0
0
0
0
0
0
1.6782822258420556
0
0
0
1.1351718640023654
0
0
0
0
0
0
0
3.6147098441152083
0
0
0
0
0
0
0
0
0
0
0.2527660703799667
0
0
0
0
0
0
0
0
0
0
0
0
0
0
0
0
0
0
0
0
0
0
0
0
0
0
0
0
0
0
0
0.8300749985576875
0
0
0
1.0524674198941355
0
0
0
0.6310036514558588
0
0
0
0
0
0
0
0
0
0
0
0
0
0
0
0
0
0
0
0
0
0
0
0
0
0
0.9004643264490856
0
0
0
0
0
0
0
3.4854268271702415
0
0
0
0
3.222392421336448
0
0
4.807354922057604
0
0
0
0
0
1.1069152039165118
0
2.8300749985576874
0
0
0
0
0
0
0
0
8.444784842672895
0
0
0
0
0
0
0
0
0
0
0
0
0
0
0
0
3.0
0
3.222392421336448
0
0
0
0
0
0
0
0.5246741989413548
6.0
0
0
0
1.1069152039165118
0
4.807354922057604
0
0
0
2.4854268271702415
0
0
0
0
0
0
0
0
0
0
0
0
0
0
3.6671772640093443
1.6782822258420556
0
0
0
0.9493739269300321
0
0
0
0
4.807354922057604
0
0
0
1.8073549220576042
0
0
0
0
0
0
0
0
0
0
0
0
0
0
0
1.6374299206152918
0
4.222392421336448
0
0
0
4.222392421336448
0
0
0
0
0
0
0
0
0
1.11196210668224
0
0.6780719051126377
0
0
0
0
0
0
0
0
0
0
0
0
0
0
0
3.4854268271702415
0
0
0
0
0
0
0
0
0
0
0
0
0
0
0
0
0
0
0
0
0
0
0
0
0
0
0
0
0
0
0
0
0
6.0
0
0
0
0
0
0
0
0
0
0
0
0
0
0.025995208532944354
0
0
0
0
0
0
1.7198920808072646
0
0
0
0
0
0
0
0
0
0
0
0
0
0
0
0.28379296600059134
0
0
0
0
0
0
0
0
0
0
0
0
0
0
0
0
0
6.0
0
0
0
0
0
0
0
0
0
0
5.807354922057604
0
0
0
0.7621803347110125
0
0
0
0
0
0
0
0
0
0
2.326997464565759
0
0
0
0
0
0
0
0
0
0
0
0
0
0
0
0
0
0
0
0
3.8009286528981714
0
0
0
0
5.807354922057604
0
0
0
0
0
0
0
0
0
0
0
0
0
0
0
0
0
0
0
0
0
1.2837929660005913
0
0
0
0
0
0
0
0
0
0
0
0.15597125119766614
0
0
0
0
0
4.807354922057604
5.807354922057604
0
0
0
0
0
0
0
0
0
0
0
0
0
0
0
0
0
0
0
0
0
0
0
0
0
0
0
0
0
0
0
0
1.8930109543675764
2.807354922057604
0
2.6374299206152916
0
0
0
0
0
0
0
0
0
0
0
0
0
0
0
0
0
0
0
0
0
0
0
0
0
0
0
0.48542682717024166
0
0
0
0
0
0
0
0
0
0
0
0
0
0
0
0
0
0
3.4854268271702415
0
0
0
0
0
0
0
1.222392421336448
0
0
0
0
0
0
0
0
0
0
0
0
0
0
0
0
0
0
0
0
0
0
0
0
0
0
0
0
0
0
0
0
0
0
0
0
0
0
0
0
0
0
0
0.38529015588479165
0
0
2.6374299206152916
0
0
0
0
0
1.0524674198941355
0
0
0
0
0
2.6374299206152916
0
0
0
0
3.222392421336448
0
0
0
4.807354922057604
0
5.807354922057604
0
0
0
0
0
0
0
3.0
0
0
0
0
0
0
0
0
0
0
0
0
0
0
0
0
0
1.0
0
1.2620073029117176
0
0
0
0
0
0
0
0
0
0.2698591601722173
0
0
0
0
0
0
0
0
0
0
0
0
0
0
0
0
0
0
0
0
3.807354922057604
0
0
1.2620073029117176
0
0
0
0
0
0
0
0
0
0
0
0
0
0
0
0
0
0
0
0
0
0
0
0
0
0
0
0
0
0
0
1.4150374992788437
0
0
0
0
0
0
0
0
0
0
0
0
0
0
1.1634987322828796
0
0
0
0
0
0
0
0
0
0.8073549220576041
0
0
0
0
0
0
0
0
0
0
0
0.10691520391651188
0
0
0
0
0.0
0
0
0
0
0.48542682717024166
0
0
1.7198920808072646
0.18196645973061049
0
0
0.10493483978827096
0
0
0
0.6310036514558588
0
0.7705803117695833
0
0
0
0.3269974645657591
0
0.855321631332095
0
0
0
3.2748598412305836
0
0.5055321407599334
0
0
2.0
0
0
0
0
0
0
0
0
0.0
0
0
0
0
0
0.23830340248321474
0
0
0
0
0.5979015564286544
0
0
0
0
0
2.807354922057604
0
0
0
0
0
0
0
0
0
0.44478484267289603
0
0
0
0
0
0
0
0
0
0
0
0.12997604266472176
0
0
0
0
0
0
2.0
0
0
0
0.13492958008610864
0
0
0
2.106915203916512
0
0
0
0
0
0
0
0
0
0
0
0
0.7198920808072646
0
0
0
0
0
0
0
0
0
0
0
0
0
0
0
0
0
0
0
3.807354922057604
2.106915203916512
0
0
0
0
0
0
0
0
0
0
0
0
2.347923303420307
0
0
0.851378898001774
0
0
0
0
0
0
0
5.807354922057604
0
0
0
0
0
0
0
0
0
0
0
0
0
0
0
0
0
0
0
0
0
0
0
0
0
0
0
0
0
0
0
0
0
0
0
0
0
0
0
0
0
0
0
0
0.9493739269300321
0
0
0
0
0
0
0
0
0
3.222392421336448
0
0
0
0
0
0.851378898001774
0
0
2.347923303420307
0
3.1574022596824065
0
0
0
0
0
0
0
0
0
0
0
0
0
0
0
0
0
0
0
0
0
0
4.807354922057604
0
0
1.0524674198941355
0
0
0
0
0
0.07798562559883307
0
0
0
3.0
0
0
0
0
0
0
0
0
0
0
0
0
0
0
0
0
0
0.38529015588479165
0
0
0
0
0
0
0
0
0
0
0
0
0
0
0
0
0
0
0
0
0
0
0
0
0
0
0
0
0
0
0
0
0
0
0
0
0
0
0
0
0
0
0
0.2698591601722173
0
0
0
0
0
0
0
0
1.5594274086140185
2.106915203916512
0
0
0
0
3.4854268271702415
0
0
0
0
1.1634987322828796
0
0
0
0
0
0
0
0
0
0
0
0
0
0
0
0
0
0
0
0
0
0
1.1069152039165118
0
0
0
0
0
2.807354922057604
0
0
0
0
0
0
0
0
0
0
0
0
0
0
0
0
0
0
0
0
0
0
0
0
0
0
0
0
0
0
0
0
0
0
0
0
0
0
0
5.807354922057604
0
0
0
0
0
0
0
0
0
0
1.7198920808072646
0
0
0
0
0
0
0
0
0
0
0
0
0
0
0
0
0
0
0
0
0
0
0
0
0
0
0
0
0
1.6374299206152918
0
0
0
0
0
0
0
0
0
0
0
0
0
0
0
0
0
0
0
0
0
0
0
0
2.905262494951906
0
3.6018573057963423
0
2.8300749985576874
0
0
0
1.817558466580702
0
0
0
0
0
0
0
1.8073549220576042
0
0
0
0
1.4854268271702418
0
0
0
0.48542682717024166
0
0.10493483978827096
0
0
3.0
0
0
0
0
0
0
0
0
0
0
5.807354922057604
0
0
0
0
1.9417073086809666
0
0
0
0
0
0
0
0
0
0
0
2.807354922057604
0
0
4.222392421336448
0
0
0.28379296600059134
0
0
0
0
0
0
0
0
0
1.1634987322828796
0
1.7198920808072646
0
0
0
0
0
0
1.0524674198941355
0
0
0
0
0
0
0
0
0.8531586116707288
0
0
0
0
0
3.118854817228037
0.2698591601722173
0
0
0
0
0
0
0.31773786997761966
0
0
0
0
1.471488590545916
0
0.9708536543404833
0
0
0
0
1.3494087523185616
0
0
0.6374299206152918
5.807354922057604
0.0
0
4.222392421336448
0.9004643264490856
0
0
0
0
0
0
0
0
3.807354922057604
0
0
0
0
0
2.347923303420307
0
0
0
0.0
4.222392421336448
0
0
0
0
0
1.5658581095860673
0
3.222392421336448
0
0
0
0
0
0
0
0
0
0
0.0
0
0
0
0
0
0
0
0
0
0
1.3494087523185616
0
0
0
0
0
2.326997464565759
0
0.3479233034203068
0
0
0.4498029174395205
0
0
0.41503749927884376
0
0.6746479004305432
0
0
0
0
0
2.326997464565759
0
1.222392421336448
0
0
0.41503749927884376
0
2.106915203916512
0
0
0
0
0
0
0
0
0
0
0
0
0
0
0
0
0
0
0
0.9445070606027605
0
0
0
0
5.807354922057604
0
0
0
0
0
1.5594274086140185
0
3.4397841616145293
0
1.0
1.0
0.025995208532944354
0
0
0
0
0
0.7198920808072646
0
0
0.9809923936972773
0
0
0
0
0
0
1.3479233034203069
5.807354922057604
0
0
27.11032383086406
0
