0
0
2.6374299206152916
0
0
0
0
0
0
0
0
0
0
0
0
0
0
0
0
4.222392421336448
2.4854268271702415
0
0
0
0
0
0
2.6374299206152916
0
0
0
0
4.222392421336448
0
0
0
0
0
0
0
0
0
0
0
0
0
0
0
0
0
0
0
0
0
0
0
0
0
0
0
2.106915203916512
0
0
0
0
0
0
5.807354922057604
0
0
0
0
0
0
0
0
5.807354922057604
0
0
0
0
0
0
2.2138304078330235
0
0
0
0
0
3.807354922057604
0
0
2.4854268271702415
0
0
0
0
0
0
0
0
0
0
0
0
3.222392421336448
0
0
0
0
0
0
0
1.5594274086140185
0
0
0
0
0
0
0
0
0
0
0
0
0
0
0
0
0
5.807354922057604
0
0
0
0
0
0
0
0
0
0
0
0
0
0
0
0
0
0
0
0
0
0
0
0
0
0
0
0
0
0
0
0
0
0
0
0
0
0
0
0
5.807354922057604
0
0
0
0
0
0
0
0
3.4854268271702415
0
0
0
0
0
0
0
0
0
0
0
0
0
0
0
0
0
0
0
0
0
0
0
0
0
0
0
0
0
5.807354922057604
0
0
0
0
0
0
5.807354922057604
0
0
0
0
1.1069152039165118
0
4.912289761845876
1.2837929660005913
0
0
0
0
0
0
0
0
0
0
0
0.9493739269300321
0
0
0
0
0
0
0
0
0
0
0
0
0
0
9.941707308680966
0
0
1.1069152039165118
0
0
3.807354922057604
0
0
0
0
0
0
0
0
0
1.8073549220576042
0
0
0
0
0
0
0
0
0
0
0
0
0
0
0
0
0
0
0
0
0
0
0
5.807354922057604
0
0
0
0
0
0
0
0
0
0
0
0
0
0
0
0
0
0
0
0
0
0
0
0
0
0
0
0
0
0
2.4854268271702415
0
0
0
0
0
0
0
0
5.807354922057604
0
0
0
0
0
0
0
0
5.807354922057604
0
0
0
0
0
2.422064766172812
3.222392421336448
0
0
0
0
0
0
0
0
0
0
0
0
0
0
0
0
0
0
0
0
0
0
0
0
0.4766068049664295
1.9004643264490857
3.222392421336448
0
0
0
0
0
0
0
0
0
0
0
0
0
0
0
0
2.0
0
1.4397841616145293
0
0
0
3.8009286528981714
0
0
0
2.807354922057604
0
0
0
0
0
0
0
0
0
0
0
0
0
0
0
0
0
0
0.6374299206152918
0
0
0
0
5.807354922057604
0
0
0
0
1.9004643264490857
0
0
0
0
0
0
0
0
0
0
0
0
0
0
0
0
0.48542682717024166
5.807354922057604
0
0
0
0
0
0
0
0
0
0
0
0
5.807354922057604
0
0
0
0
0
0
0
0
0
0
0
0
0
0
0
0
0
0
0
0
0
0
0
0
0
1.7198920808072646
0
0
0
0
2.422064766172812
1.5594274086140185
0.16349873228287956
0
0
0
0.3971723374720246
0
1.1958031128573088
0
0
0
0.8531586116707288
0
0
0
0
0
1.222392421336448
0
0
2.222392421336448
0
0
0
0
0
0
0
0
0
0
0
0
0
0
0
0
1.6374299206152918
0
0
0
0
0
0
0
0
0
0
0
0
0
0
1.4150374992788437
0
0
0
0
0
0
1.8073549220576042
0
0
0.05199041706588871
0
0
0
0
0
1.1634987322828796
0
0
0
0
0
1.8009286528981712
0.0
0
0.6758754218565532
0
0
0
0
0
0
2.0
0
0
0.07798562559883307
0
0
4.807354922057604
0
0
0
0
0
0
0
0
0
0
0
0
0
0
0
0
0
0
0
0
0
0.3155018257279294
0
0
0
0
0
0
0
0
0
0
0
0
0
0
0
0
0
0
0
0
0
0
0
0
0
0
0
5.817493661414398
0
0
0
0
0
0
0
0
0
0
0
0
0
0
0
0
0
0
0
0
0
0
0
0
0
0
0.6780719051126377
0
0
0
0
0
0
0
0
0
3.222392421336448
2.807354922057604
0
0
0
0
0
0
0
0
0
0
0
0
0
0
0
0
0
0
0
0
0
0
0
0
0
1.6374299206152918
6.444784842672896
0
0
0
0
0
0
0
0
0
0
0
0
0
0.9493739269300321
0
0
0
0
0
0
0
0
0
0
0
0
0
0
0
0
4.222392421336448
0
0
0
0
0
0
0
0
0
0
0
0
0
0
0
0
0
0
0
0
0
0
0
0
0
0
0
0
0
0
0
0
0
0
0
0
0
0
0
0
0
0
9.614709844115207
5.807354922057604
0
0
4.807354922057604
0
0
0
0
0
0
0
0
0
3.6018573057963423
0
0
0
0
0
0
0.5397183203444346
0
0
0
0
0
0
0
0
0
0
0
1.8073549220576042
0
0
0
0
0
0
2.222392421336448
0
0
0
0
0
0
1.5594274086140185
0
0
0
0
0
0
0
0
0
0
0
0
0
0
0
0
0
0
0
0
0
0
0
0
0
0
0
0
0
0
0
0
0
1.7198920808072646
0
0
0
1.456280481510725
0
0
0
0
0
0
0
0.36727193925894835
0.3269974645657591
0
0
0
0
0
0
0
0
0
0
0
1.5594274086140185
0
1.0439054063907116
0
1.2837929660005913
0
4.427660815666047
0
0
0
0
0
0
0
0
0
0
0
0
0
0
0
0
0
0
0
0
0
0
0
0
0
0
0
0
0
0
0
0
0
0
0.8300749985576875
0
4.04376991026092
0
0
0
0
0
0
0
2.422064766172812
1.4150374992788437
0.8531586116707288
0
0
2.7971370430700926
0
0
0
0
0
0
0
0
0
0
0
0
0
0
0
0
0
0
0
0
0
0
0
1.6374299206152918
0
0
0
4.807354922057604
0
0
0
0
0
0
0
0
0
0
0
0
0
0
0
0
0
0
0
0
0
0
4.807354922057604
0
0
0
0
0
0
0
0
0
0
0
0
0
0
0
0
0
0
0
0
0
0
0
0
0.8300749985576875
0
0
0
0
0
0
0
0
0
0
0
1.5594274086140185
0
0
0
0
0
0
0
0
0
0
0
0
0
0
0
0
0
0
0
0
0
0
0
3.4854268271702415
0
0
0
0
0
0
0
0
0
2.8300749985576874
0
0
0
0
0
0
0
0
0
0
0
1.5165964222798
0
0
0
0
0
0
0
0
0
0
0
0
0
0
0
0
0
0
0
0
0
0
0
0
0
0
0
0
0
0
0
0
0
0
0
0
0
0
0
0
0
0
0
0
0
0
0
0
0
0.28379296600059134
0
0
0
0
0
0.0
0
0
0
0.0
0
1.4397841616145293
0
0
0
0
1.8987478538600642
2.104934839788271
3.222392421336448
0
0
0
1.524360669422025
4.807354922057604
0
0
0
0
0
0
0
0
0
0
0
0.7198920808072646
0
0
0
0
0
0
0
0
0
0
0
0
0
6.549719682461167
0
0
0
0
0
0
0
0
0
0
0
0
2.106915203916512
0
0
0
0
0
0
0
0
0
0
0
0
0
0
0
0
0
2.106915203916512
0
2.807354922057604
0
0
0
0
0
0
0
0
0
2.807354922057604
0
0
0
0
0
0
0
0
0
0
0
0
0
0
0
0
0
0
0
0
0
0
0
0
0
0
0
0
0
0
0
0
5.0
0.8895696853457921
0
0
0
0
0
0
0
0
0
0
0
0
0
0
0
0
0
0
0
0
0
0
0
0
0
2.4854268271702415
0
0
0
0
0
0
0
0
0
0
0
0
0
0
0
0
0.6310036514558588
1.6374299206152918
0.5594274086140185
0
0
0
0.3155018257279294
0
0
0
0
0
0
0
0
0
0
0
0
0
0
0
0
0
0
0
0
0
0
0
0
0.9465054771837882
0
0
0
0.5055321407599334
0
0
0
0
0
0
0
0
0
0
0
0
0
4.209869679576542
0
0
0
0
0
0
0
0
0
0
0
0
0
0
0
4.807354922057604
0
3.3362476347650065
0
0
0
0
0
1.6374299206152918
0
0
0
0
0
2.106915203916512
0
0
0
0
0
0
0
0
0
0
5.807354922057604
0
0
0
0
0
0
0
0
0
0
0
0
4.222392421336448
0
0
5.807354922057604
0
0
0
0
0
0
0
3.0
0
0
0
0
0
0
0
0
0
0
0
0
0
0.6539949291315182
0
0
0
0
1.2837929660005913
0
3.807354922057604
0
0
0
0
0
0
0
0
0
0
0
0
0
0
0
0
0
0
1.3343545280186881
0
0
1.2748598412305836
0
0
0
0
0
0
0
0
0
0
0
3.4854268271702415
0
0
0
0
0
0
0
0
0
0
0
0
0
0
0
0
0
0
0
0
0
0
0
0
0
0
0
0
0
0
0
0
0
0
0
0
0
0
0
0
0
5.807354922057604
0
0
0
0
0
0
0
0
0
0
0
0
0
0
0
0
0
0
0.5594274086140185
1.1069152039165118
0
0
0
0
0
0
0
0
0
0
0
0
0
0
0
0
0
0
0
0
0
0
0
0
0
0
0
0.8073549220576041
0
0
0
0
0
0
0
0
0
0
0
0
0
0
0
0
0
0
0
0
0
0
0
0
0
0
0
2.0
0
0
4.209869679576542
0
0
0
0
0
0
0
0
0
0
0
0
0
0
0
0
0
0
0
0
0
0
0
2.6374299206152916
4.0
0
0
0
0
2.5594758350121865
0
4.0
0
1.7063172233414576
0
0.3479233034203068
1.6374299206152918
0
0
0
0
0
0
0
0.36393291946122097
4.807354922057604
0
0
2.6374299206152916
0
0
0
0
1.0
0
0
0
0
0
0
0
0
0
0
0
0
0
0
0
0
0
0
0
0
0
0
0
0
0
0
0
0.41503749927884376
0
0
0.8531586116707288
0
0
0
0
0
0
0
0
0
0
4.807354922057604
0
0
0
0
0
0
0
0
0
0
0
0
0
0
3.4854268271702415
0
0
0
0
0
0
0
0
0
0
0
0
0
0
0
0.6780719051126377
0
5.807354922057604
0
0
0
0
0
0
0
0
0
1.6147098441152081
0
0
0
0
0
0
0
0
0
1.4854268271702418
0
0
0
0
0
0
0
0
0
0
0
0
0
0
0
0.6746479004305432
0
0
0
0
0
0
0
0
0
0
2.7804267741796336
0
0
0
0
0
0
0
0
0
0
0
0
2.6958466068406137
0
0
0
0
0
0
0
0
0
0
0
0
0
0
0
1.6374299206152918
0
0
0
0
0
0
0
0
0
0
0
0
0
0
0
0
0
0
0
0
0
0
0
0
0
0.8073549220576041
0
0
0
0
0
0
0
0
0
5.135171864002365
0
0
0
0
0
0
0
0
0
0
0
0
0
0
0
0
0
0
1.4150374992788437
0
0
0
0
0
0
0
2.0
0
0
3.0
0
0
0
0
0
0
1.1634987322828796
0
0
0
0
0
0
0
0
0
0
0
0
0
0.6374299206152918
0
0
0
0
1.222392421336448
1.8073549220576042
0
0
0
0
0
0
0
0
0
0
0
0
0
0
0
0
0
0
0
0
0
0
0
0
0
0
0
0
0
0
0
0
0
0
0
0
0
0
0
0
0
0
1.0524674198941355
0
0
0
0
0
0
0
0
0
0
0
0
0
0
0
0
0
0
9.391693213681227
0
0
0
0
5.807354922057604
0
0
0
0
0
0
0
0
0
0
0
0
0
0.8531586116707288
0
0
0
0
0
0
0
0
0
0
0
0
0
0
0
0
0
0
0
0
0
0
0
0
0
0
0
0
0
0
0
0
0
0
0
0
0
0
0
1.1958031128573088
2.326997464565759
0
0
0
0
0
0
0
0
0
0
0
0
0
0
0
0
0
0
0
0
0
0
0
0
0
0
0
0
0
0
0
0
0
0
0
0
0
0
0
0
0
0
0
0
0
0
0
0
2.6374299206152916
0
0
0
0
0
0
0
0
0
0
0
0
0
0
0
0
0
0
0
0
0
2.5675859320011827
3.6671772640093443
0
0
0
0
0.3479233034203068
0
0
0
0
0
0
0
0
0
1.1069152039165118
0
3.807354922057604
12.889569685345792
3.0
1.8987478538600642
0
0
5.38111400785789
1.799211669758082
0
0
0
0
0
0
0
0
0
0
0
0
0
0
0
0.6671772640093441
0
0
0
0
0
0
0
0
0
0
0
0
0
1.0524674198941355
2.347923303420307
0
0
0
0
6.970853654340483
0
0
0
0
0
0
0
0
0
0
0
3.222392421336448
3.807354922057604
0
0
0
0
0
0
0
0
0
0
0
0
0
0
0
0
0
0
0
0
0
0
0
0
0
0
0
0
0
0
0
0
2.347923303420307
0
0
0.9708536543404833
3.807354922057604
0
0
0
0
0
0
0
0
0.8073549220576041
0
3.807354922057604
0
0
0
0
0
0
0
0
2.6374299206152916
0
0
0
0
0
0
0
0
0
0
0
0
0
0
0
0
2.104934839788271
0
0
0
0
0
0
0
0
1.1069152039165118
4.222392421336448
0
0
0
0
0
0
0
0
0
0
0
1.2451124978365313
0
0
0
0
0
0
0
0
0
0
0
0
0
0
3.4854268271702415
0
0
0
0
0
0
0
0
0
0
0
0
0
0
0
5.807354922057604
0
0
0
0
0
0
0
0
0
0.44478484267289603
0
0
0
0
0
0
0
0
0
0
0
1.222392421336448
1.799211669758082
0
0
0
0.7629608026991507
0
0
0
0
0
0
0
0
0
0
0
0
0
0
2.444784842672896
0
0
0
0
0
0
0
0
0
0
0
0
0
0
0
0
0
0
0
3.4854268271702415
2.807354922057604
0
0
0
0
0
0
0
0
0
0
0
0
0
0
0
0
0
0
0
0
0
0
0
0
0
0
0
0
0
1.0524674198941355
0
0
0
0
0
2.104934839788271
0
0
0
0
0
0
0
0
0
0
0
0
0
0.5675859320011827
0
0
0
0
0
1.5165964222798
0
0
0
0.18196645973061049
0
0
0
1.0524674198941355
0
2.5675859320011827
0
0
0
0
0
0
0
0
0
0
0
0
0
0
0
0
0
0
0
0
3.0
0
0
0
0
0
0
0
0
0
0
0
1.2837929660005913
0
0
0
0
0
0
0
0
0
0
0
0
0
0
0
0
0
0
0
0
0
0
0
0
0
0
0
0
0
0
0
0
0
0
0
0
0
0
0
8.444784842672895
0
0
0
0
0
0
0
0
0
0
0
0
0
0
0
0
0
0
0
0
0
0
0
0
0
0
0
0
0
0
0
4.04376991026092
0
0
0
0
0
0
0
0
0
0
0
0
1.0524674198941355
0
1.0
1.8073549220576042
0
0
0
0
0
0
0
0
0
0
0
0
0
0.7621803347110125
0
0
0
0
0
0
0
0
0
0
0
0
0
0
0
0
0
0
0
1.222392421336448
0
0
1.6147098441152081
0
0
0
0
0
0
0.4498029174395205
0
0
0
0
0
0
3.807354922057604
0
0
0
0
0
0
0
0
0
0
0
0
0
0
0
0
0
0
2.222392421336448
0
0
0
1.456280481510725
0
3.118854817228037
0
0
0
0
0
0
0
2.807354922057604
0
0
0
0
1.4854268271702418
3.807354922057604
0
0
0
0
0
0
0
0
4.222392421336448
0
0
0
0
0
0.21383040783302376
0
0
0
0
0
0
0
0
0
3.2748598412305836
0
0
0
1.0524674198941355
0
0
0.8531586116707288
0
0
0
0
0
0
0
0
0
6.444784842672896
0
0
0
0
0
0
0
0
0
0
0
0
0
0
0
0
0
0
0
0
0
0
0
7.075187496394219
0
0
0
0
0
0
0
0
0
0
0
0
0
0
0
0
0
0
0
0
0
2.347923303420307
0.44478484267289603
0
0
0
2.106915203916512
0
0
0
1.6374299206152918
0
0
0
0
0
0
0
0
0
0
0
0
0
0
0
0
0
0
0
0
0
3.6671772640093443
0
0
0
0
0
0
0
0
0
0
0
0
0
0
0
0
0
0
0
0
0
0
0
2.222392421336448
0
0
0
0
0
0
0
0
0
0.0
0
0
0
0
4.807354922057604
0
0
0
0
0
0
0
1.222392421336448
0
0
0
0
0
0
0
0
0
0
0
0.4498029174395205
0
0
0
0
0
0
0
0
2.6958466068406137
0
0
0
0
0
0
0
0
0
0
0
0
0
0
0
0
0
0.15886893498880983
2.5594758350121865
0
0
0
0
0
0
0.8073549220576041
0
1.4854268271702418
0
0
0
0
6.0
0
3.807354922057604
0
0
0
0
0
0
0
0
0
1.118854817228037
1.5886893498880983
0
0
3.222392421336448
0
0
0
0
0
0.5594274086140185
0
0
0
0
0
0
0
1.5259216053983014
0
0
0
0
0
0
0.07798562559883307
0
0
0
0
0
0
0
0
0
0
0
0
0
0
0
0
0
0
0
0
0
4.970853654340483
0
0
0
0
0
0
0
0
0
0
0.15740225968240645
0
0
0
0
0
0
0
0
0
3.0
0
0
0
0
3.807354922057604
0
0
0
0
0
2.444784842672896
0
0
0
0
0
0
0
0
0
0
0
0
0
0
0
0
0
0
0
0
0
0
0
0
0
0
0
0
0
0
0
0
0
0
0
0
0
0
0
3.0
0
0
0
0
0
0
0
0
0
0
1.4854268271702418
0
0
0
0
0
1.222392421336448
2.807354922057604
0
0
1.3479233034203069
0
0
0
0
0
0
0
0
0
1.6147098441152081
0
0
0
2.0
0
0
5.807354922057604
0
0
0
0
0
0
0
3.2748598412305836
0
0
0
0
0
0
0
1.8073549220576042
0
0
0
0
0
0
0
0
0
0
0
0
0
0
0
0
0
0
0
0
0
0
0
0
0
0
0
0
0
0
0
0
0
0
0
0
0
0
0
0
0
0
2.0
0
0
0
0
0
0
0.5219527031953558
0
0
0
0
0
0
0
0.5345760195825594
0
0
0
0
0
0
0
0
0
0
2.347923303420307
0
0
0
0
0
0
0
0
0
0
0
0
0
0
0
0
0
0
1.9004643264490857
0
0
0
3.7420321370779157
0
0
0
0
0
0
2.106915203916512
5.807354922057604
0
0
0
0
0
0
0
2.807354922057604
0
0
0
0
0
0
0
0
0
0
0
0
0
0
0
0
0
0
0
0
0
0
0
0
0
0
0
0
0
0
0
0
0
0
1.8073549220576042
0
0
3.222392421336448
0
0
0
0
0
0
0
0.6780719051126377
0
0
0
1.739616517101534
0
0
0
0
0
0
0
0
0
0
0
0
0
0
0
0
0
0
0
0
0
0
2.222392421336448
0
6.0
0
0
0
0.0
0
0
0
0
0
0
0
0
0
0
0
0.7484064274155832
0
0
0
0
0
0
0
0
0.6374299206152918
0
0
0
0
0
0
0
2.034215715337913
0
0
0
0
0
0
0
0
0
0
0
0
0.41503749927884376
0
7.912289761845875
3.4854268271702415
0
0
0
0
0
0
0
0
0
0
4.222392421336448
0
0
0
0
0
0
0
0
0
0
0
0
0
0
0
0
0
0
0
0
0
0
0
0
0
0
0
0
0
0
0
0
0
0
0
0
0
0
0
3.222392421336448
0
0
0
0
0.7198920808072646
0
0
0
0
0
0
0
0
0
0
0
0
0
0
0
0
2.6374299206152916
0
0
0
0
0
0
0
0
0
0
0
0
0
0
0
5.807354922057604
0
0
0
0
0
0
0
0
0
0
0
0
0
0
0
0
0
0
0
0
0
0
3.4397841616145293
0
0
0
5.807354922057604
0
0
0
0
0
3.4854268271702415
0
0
0
0
0
0
0
0
0
0
0
0
0
0
0
0
0
0
0
0
2.2703437280047307
0
0
0
0
0
0
0
0
12.667177264009343
0
0
0
0
0
0
0
0
0
0
0.6539949291315182
0
0
0
0
0
0
0
0
0
0
0
0
0
0
0
0
0
0
0
0
2.6374299206152916
0
0
0
0
0
2.106915203916512
0
0
0
0
0
0
2.444784842672896
0
4.807354922057604
0
0
1.9004643264490857
0
0
0
0
0
0
0
0
0.6374299206152918
0
0
0
0
0
0
0
0
1.222392421336448
0
0.0
0
0
0
0
0
5.807354922057604
0
0
0
0.6374299206152918
0
0
0
0
0
0
0
0
0
0
0
0
0
0
0
0
0
0
0
0
0
0
0
0
3.238309922066607
0
0
0
2.6958466068406137
0
0
0
0
0
0
0
0
0
0
0
0
0
0
0
0
0
0
0
0
0
0
0
0
0
0
0
0
0
0
0
0
0
0
0
0
0
0.20796166826355483
0
1.456280481510725
0
0
0
0
0
0
0
0
0
0
0
0
1.577509128639647
0
0
0
0
0
0
0
0
0
0
0
0
0
0
0
0
0
0
0
0
0
0
0
0
0
0
0
0
0
1.799211669758082
0
0
0
1.2837929660005913
0
9.03677461028802
0
0
0
0
0
0
0
0
0
0
0
0
0
0
0
0
0
0
0
0
0
0
0
0
0
0
0
2.2138304078330235
0
0
0.19264507794239583
0
0
0
0
0
0
0
0
0
0
0
0
0
0
0
0
0
0
0
0.5055321407599334
0
0
0
0
0
0
0
0
0
0
0
0
1.2837929660005913
0
4.245112497836531
0
0
0
0
0
0
0
1.6374299206152918
0
0
1.8073549220576042
0
0
0
0
0
1.1958031128573088
0
2.106915203916512
0
0
0
0
0
0
0
0
0
0
0
0
0
0
0
0.44478484267289603
0
0
0
0
0
0
0
0
0
0
0
0
0
0
0
0
0
0
0
0
2.159676242421794
2.9708536543404835
0.19264507794239583
0
0
0
0
0
0
0
3.0
0
0.20986967957654193
0
0
0
0
0
0
0
0
0
0
0
3.0
0
0
0
0
0
0
0
0
0
0
0
0
0
0
1.0524674198941355
0
0
0
11.422064766172813
0
6.0
4.912289761845876
0
0
0
0
0
0
0
0
1.7063172233414576
4.807354922057604
0
0
0
0
0.851378898001774
0
2.807354922057604
0
0
0
0
0
0
0
0
0
0
0
0
0
2.6374299206152916
0
2.087810812781423
0
0
0
0
0
0
0
0
0
0
0
0
0
0
0.9493739269300321
0
0
0
0
0
0
0
0
0
0
0
0
0
0
0
0
0
0
0
0
0
0
0
0
1.3916932136812272
0
0
0
0
0
2.347923303420307
0
0
0
0
0
0
0
0
0
0
0
0
0.36727193925894835
0
0.8531586116707288
0
0
0
1.2837929660005913
0
0
0
0
0
0
0
0
0
0
0
0
0
0
0
0
0
2.5594758350121865
0.6746479004305432
0
0
0
0
5.807354922057604
0
0
0
0
0
0
0
0
0
0
0
0
0
0
0
0
0
0
0
0
0
0
0
0
0
0
0
0
0
0
0
0
1.9004643264490857
0
0
0
0
0
0
4.807354922057604
0
0
0.2527660703799667
0
0.3155018257279294
0
0
0
0
0
0
0
0
0
0
0
0
0
0
0
0
0
5.0
0
0
0
0
1.0
0
0
0
1.1958031128573088
0
0
0
0
0
0
3.807354922057604
0
0
0
0
0
0
0
5.807354922057604
0
0
0
0
0
0
0
0
0
3.6671772640093443
0
0
0
29.49681285483117
0
0
0
1.1958031128573088
4.807354922057604
0
0
0
0
0
0
0
0
0
0
0.48542682717024166
0
0
0
0
0.6746479004305432
0
0
0
0
0
0
3.807354922057604
0
0
0
0
0
0
0
0
0
0
0
0
0
0
0
0
0
0
0
0
0
0
3.222392421336448
2.0
0
0
0
0
0
0
0
0
0
0
0
0
0
0
0
0
0
0
0
0
2.905262494951906
5.807354922057604
0
0
2.6374299206152916
0
0
0
0
0
0
0
0
0
0.36727193925894835
0
0
0
0
0
0
0.3155018257279294
0
0
0
0
0
0
0
0
0
0
0
0
1.4150374992788437
0
1.8073549220576042
0
0
0
0.5219527031953558
0
0
0
0
0
0
0
0
0
0
0
0
0
0
0
0
0.05199041706588871
0
0
0
0
2.159676242421794
0
0
0
0
0
0
0
0
0
0.5345760195825594
0
0
0
0
0
0
0
0
0
0
0
0
0
0
0
0
0
0
1.4397841616145293
0
0
0
0
0
0
0
0.5675859320011827
0
0
0
0
2.106915203916512
0
0
0
0
0
0
0
0
1.8073549220576042
0
0
0
0
0
0
0
0
1.3343545280186881
0
0
0.4276608156660475
0
0
0
0
0
0
2.106915203916512
0
0
0
0
0
0
0
0
0
0
0
0
0
0
0
0
3.4854268271702415
0
0
0
0
0
0
0
0
0
0
0
0
0
0
0
0
0
0
0
0
0
0
1.4150374992788437
0
0.0
0
0.5979015564286544
0
0
0
0
0
0
1.3494087523185616
5.807354922057604
0.2698591601722173
0
0
0
0
0
0
1.1069152039165118
0
0
0
0
0
0
0
0
1.4854268271702418
0.5219527031953558
0
1.1958031128573088
1.8073549220576042
0
0
0
0
0
0
0
0
0
0
0
0
0
0
0
0
0
3.0
0
0
0
0
0
0
0
0
1.1634987322828796
0
0
0
0
0
0
0
0
1.6782822258420556
0
0
0
0
0
0
0
0
0
0
0
0
0
0
0
0
0
0
0
0
0
0
0
0
0
0
0
0
0
0
0
0.0
0
0
0
0
0
0
0
0
0
0.31773786997761966
0
0
0
0.6374299206152918
0
0
0
0
0
0
0
0
0
0
0
0
3.0
0
0
0
0
0
0
0
0
0
0
0
0
0
0.23830340248321474
0
0
0
0
0
0
0
0
0
0
0
0
0
0.2698591601722173
0
0
0
0
0
0.0
0
0
0
0
0.2623370994706774
0
0
0
0
0
0
0
0
0
0
0
0
0
0
0
0
0
0
3.222392421336448
0
0
0
0
4.695846606840614
0.5779352338271875
0
0
0
0
0
0
0
0
0
0
0
0
0
0
0
0
0
1.3479233034203069
0
0
0
0
0
0
0
0
0
0
0
0
0
0
0
0
0
0
0
0
0
0
0
0
0
0
0
6.0
0
0
2.6374299206152916
0
0
0
0
0
0
0
0
0
0
0
0
0
0
0
5.807354922057604
0
0
0
0
0
11.614709844115207
0
0
0
0
0.7621803347110125
0
0
0
0
0
0
0
1.7198920808072646
0
2.8300749985576874
4.970853654340483
0
12.667177264009343
0
0
0
0
0
0
0
0
0
0
0
0
0
2.807354922057604
0
0
1.2837929660005913
0
0
0
0
0
0
0
3.490496196848639
0
0
2.9708536543404835
0
0
0
0
0
0
0
0
0
0
0
0
0
0
0
1.8073549220576042
0
0
0
0.0
0
0
0
0.7198920808072646
0
0
0
0
0
0
0
0
0
0
0
0
0
0
0
0
0
0
0
0
0
0
1.0524674198941355
0
0
0
0
0
0
0
0
0
0
0
0
0
0
0
0
0
0
0
0
0
1.0
0
0
0
0
0
0
0
0
5.807354922057604
0
0
0
0
0
0
0
0
0
0
0
0.9004643264490856
0
0
0
0
0
0
1.7198920808072646
0
0
3.807354922057604
0
0
0
0
0
0
0
0
0
0
0
0
0
0
0
2.222392421336448
3.222392421336448
0
0
0
0
0
0
0
0
0
0
0
0
0
0
0
0
1.222392421336448
0
0
1.0437699102609204
0
0
0
0.9708536543404833
0
0
0
1.2748598412305836
4.0
0
0
0
0
0
1.6374299206152918
0
0
0
0
0
0
0
0
0
0
0
0
0
0
0
0
0
0
0
0
0
0
0
0
0
0
0.6374299206152918
2.3916062257146176
0
1.8073549220576042
0
0
0
0
0
0
0
4.807354922057604
0
0
0
0
0
0
0
0
0
0
0
0
0
0
0
0
0
0
0
0
0
0
0
0
0
0
0
0
0
0
0
0
0
0
0
0
0
0
0
0
0.5345760195825594
0
0
0
0
0
0
0
0
3.807354922057604
0
0
0
0
0
0
0
0
0
0
0
0
0
0
0
0
0
0
0
0
0
0
0
0
0
0
0
0
0
0
0
0
0
0
0
0.9493739269300321
0
0
0
0
0
0
0
0
0
0
0
0
0
3.0
1.4150374992788437
2.222392421336448
0
0
0
0
0
0
0
0
0
0
0
0
0
0
1.3479233034203069
0
0
0
0
0
0
0
0
3.6147098441152083
0
0
0
0
0
0
0
0
0
0
0
0
0
0
0
0
0
0
0
0
0
0
0
0
0
0
0
0
0
2.6958466068406137
0
1.0439054063907116
0
7.456280481510724
0
0
0
0
0
0
0
0
0
0
0
0
0
0
0
0
0
0
0
0
0
0
0
0
0
0
0
0
0
0
0
0
0
0
0
0
0
0
0
0
0
0
0
0
0
0
0
7.614709844115208
0
0.31773786997761966
0
0
0
0
0
0
0
0
0
0
0
4.0
0
0
0
0
0
0
0
0
0
0
0
0
0
0
0
0
0
0
0
0.5594274086140185
0
0
0
0
3.807354922057604
0
0
0
0
3.0
0
0
0
4.807354922057604
0
0
5.807354922057604
0
0
0
0
0
0
0
0
4.222392421336448
0
0
0
0
0
0
0
0
0
0
0
0
0
0
0
0
0
0
0
0
0
1.4854268271702418
0
0
0
0
0
0
0
0
0
0
0
2.2138304078330235
0
0
0
0
2.2490145871976024
0
0
0
0
0
0
1.7198920808072646
0
0
0
0
0
0
0
0
0
0
0
0
0
0
0
0
0
0
0
0
0
0
0
0
0
0
0
0
0
0
0
0
0
0
0
0
0
0
0
0
0
0
0
0
0
0
0
0
0
0
0
0
0
0
0
0
0
0
0
0
0
0
0
0
0
0
0
0
0
0
0
0
1.5658581095860673
0
0
0
0
0
0
0
0
0
2.347923303420307
0
0
0
0
0
0
0
0
0
0
0
0
1.3479233034203069
0
0
0
0
0
0
0
0
0
0
0
0
0
0
0
0
0
0
0
0
0
0.05246741989413548
0
1.3561438102252754
0
0
0
0
0
0
0
0
0
0
0
3.807354922057604
0
0
0
0
0
0
0
0
0
0
0
0
0
0
0
0
0
0
0
0.7629608026991507
4.807354922057604
0
0
0
0
0.6780719051126377
2.222392421336448
0
0
0
0
0
0
0
0
0
0
4.695846606840614
0
0
0
0
0
0
0
0
0
0
0
0
0
0
0
0
0
0
0
0
0
0
0
0
0
3.222392421336448
0
0
0
0
0
0
0
0
0
0
0
0
0
0
0
0
0
0
0
0
0
0
0
0
0
0
0
0
0
0
3.6147098441152083
0
0
0
0
0
0
0
0
0
0
0
0
0
1.1634987322828796
0
0
0
0
0
0
0
0
0
0
0
0
0
0
0
0
0
0
0
0
0
0
0
0
0
0
0
0
1.7063172233414576
0
0
0
0
0
0
0
0
0
0
0
1.8987478538600642
0
0.44478484267289603
2.222392421336448
0
0
0
0
0
0
2.807354922057604
0
0
0
0
2.4854268271702415
0
0
0
0
0
0
0
4.04376991026092
0
0
0
0
0
0
0
0
0
0
0
0
0
0
0
0
0
0
0
0
0
1.6374299206152918
0
0
0
0
2.6374299206152916
0
0
0
0
0
0
0
0
0
0
0
0
0
0
2.5594758350121865
0
0
0
0
0
0
0
0
0
0
1.0524674198941355
0
0
0
0
0
0
0
0
0
0
0
0.44478484267289603
0
0
0
0
0
1.1958031128573088
0
0
0
0
0
0
0
0
3.118854817228037
0
0.9493739269300321
2.427134135851208
0
0
2.4854268271702415
0
0
0
0
0
0
0
0
0
0
0
0
0
0
1.118854817228037
0
0
0
0.851378898001774
0
1.2837929660005913
0
0
0
0
0
1.8073549220576042
0
0
0
0
0
0
0
0
0
0
1.2638303518998333
0
0
0
0
0
0
0
0
0
0
0
0
0
0
0
0
0
0
0
0
0
2.222392421336448
0
0
3.4397841616145293
0
0
0
0
0
0
1.2451124978365313
0
0
0
1.0524674198941355
0
0
0
0
0
0
0
0
0
0
3.0
0
0
0
0
0
0
0
0
0
0
0
0
0
0
0
0
0
0
0
0.9004643264490856
0
0
0
0
0
0
0
0
0
3.807354922057604
0
0
0
0
0
0
0
0
0
0
0
1.1069152039165118
0
1.4150374992788437
0
0
0
0
0
0
0
0
0
0
0
0
0
0
3.0
0
0
0
0
0
0
0
0
0
0
0
0
0
1.4854268271702418
0
0
0
0
0
0
1.0493483978827096
6.0
0
2.807354922057604
0
1.1069152039165118
0
0
0
0
2.6958466068406137
0
0
0
0
0
0
0
0
0
0
0
0
0
0
0
0
0
0
0
0
2.8481217807900965
0
0
0
5.807354922057604
0
0
0
0
1.8073549220576042
0
0
0
0
0
0
0
0
0
0
0
0
0
5.807354922057604
0
1.6374299206152918
0
0
0
0
0
0
0
2.2138304078330235
0
0
0
0
0
0
0
0.6671772640093441
0
0.6780719051126377
0
0
0
0
0
0
0
0
0
0
0
0
0
0
0
0
0
0
0
2.347923303420307
0
0
2.0
2.347923303420307
0
0
0
0
0
0
0
0
0
0
0
0
0
4.222392421336448
0
0
0
0
0
0
0
0
0.8073549220576041
0
0
0
2.106915203916512
0
0
0
0
0
0
0
0
0
0
0
0
0.20796166826355483
2.347923303420307
0
0
0
0
0
1.7198920808072646
0
0
0
0
0
0
2.4854268271702415
0
0
0
0
0
0
0
0
0.28379296600059134
0
0
0
2.4854268271702415
0
1.5594274086140185
0
0
0
0
1.4854268271702418
0
0
0
0
0
0
0
0
0
1.8073549220576042
2.4854268271702415
0
3.4854268271702415
3.4854268271702415
0
0
0
0
0
0
0
2.667631171488544
0
0
0
0
7.427134135851209
0
5.807354922057604
0
0
0
0
0
0
0
2.347923303420307
0
0
0
0
0
0
0
0
0
0
0
0
0
0
0
0
0
0
0
0
0
0
0
0
0
0
0
0
0
0
0
3.0
0
0
0
0
0
5.807354922057604
0
0
0
0
0
0
2.347923303420307
0
0
0
0
0
0.8073549220576041
0
0
0
0
0.2859472938623879
0
0
0
0
0
0
0
0
0
0
2.106915203916512
0
0
0
0
0
0
0
0
0
0
3.8009286528981714
0
0
0
0
0
0
0
0
0
0
0
0
0
3.807354922057604
0
0
0
0.3155018257279294
0
0
0
0
0
0
0
0
0
0
0
0
0
0
0
0
0
3.0518432107966027
0
0
0
0
0
0
0
0
3.222392421336448
3.0
0
0
0.9708536543404833
2.0
0
0
0
0
0
0
0
0
0
0
0
0
0
0
0
0
0
0
0
0
0
0
0
0
0
1.222392421336448
0
0
0
0
0
0
0
0
0
0
4.807354922057604
0
0
0
0
0
0
0
0
0
0
0
0
0
0
0
0
0
0
1.9004643264490857
0
0
0
0
0
0
3.807354922057604
0
0
0
0
0
0
0.7705803117695833
2.5675859320011827
0
0
0
0
0
0
0
1.0524674198941355
0
0
0
0
0
0
0
0
0
0
3.222392421336448
0
0
0
0
0
0
0
0
0
0
0
0
0
0
0
0
0
0
0
0
0
0
0
0
0
0
0
0
0
0
0
0
0
0.9465054771837882
0
0
0
0
0
0
0
0
0
0.2698591601722173
0
0
4.889569685345792
0
0
0
0
1.1069152039165118
5.701392979347257
0
0
0
0
0
0
0
0
0
0
0
0
0
0
0.6310036514558588
0
0
0
0
0
0
0
0
0
0
0
0
0
0
0
0
0
0
0
0
0
0
0
0
0
2.6958466068406137
0
0
0
0
0
1.4150374992788437
0
0
0
0
0
0
0
0
0
0
0
0
0
0
1.1634987322828796
0
0
0
0
0
0
0
0
0
0.8073549220576041
0
0
0
4.222392421336448
0
0
0
0
0
0
0
0.4276608156660475
0.22239242133644802
0
0
0
0.0
0
0
0
0
0.9708536543404833
0
0
3.4397841616145293
0.2599520853294435
0
0
0.3148045193648129
0
0
0
0
0
0.5779352338271875
0
0
0
0.8174936614143978
0
1.817558466580702
0
0
1.2837929660005913
0
0
1.0110642815198667
0
0
1.0
0
0
0
0
0
0
0
0
0.0
0
0
0
0
0
0.07943446749440491
0
0
0
0
0
0
0
0
0
0
0
0.7198920808072646
0
0
0
0
0
0
0
0
0.22239242133644802
0
0
0
0
0
0
0
0
0
0
0
0.10398083413177742
0
0
0
0
0
0
6.0
0
0
1.577509128639647
0.6746479004305432
0
0
0
0
0
0
0
0
0
0
0
0
2.347923303420307
0
0
0
1.4397841616145293
0
0
1.4150374992788437
0
0
0
0
0
0
0
0
0
0
0
0
0
0
0
0
0
0
0
0
0
0
0
0
0
0
0
0
0
0
21.13130973078276
0
0
1.702757796003548
0
0
0
0
0
0
0
0
0
0
0
0
0
0
0
0
0
0
0
0
0
0
2.222392421336448
0
0
0
2.106915203916512
0
0
2.222392421336448
0
0
0
0
0
0
0
0
2.106915203916512
0
0
0
0
0
0
0
0
0
0
0
0
0
0
0
0
0
0
0
4.222392421336448
0
0
0
0
0
0
1.3479233034203069
0
0
0.5675859320011827
0
0
0
0
3.1574022596824065
0
0
0
0
0
0
2.0
0
0
0
0
0
0
0
3.0
0
0
0
0
0
0
3.4854268271702415
0
5.807354922057604
0
1.0524674198941355
0
0
0
0
0
0.15597125119766614
0
0
0
0
0
0
0
0
0
0
0
0
0
0
0
0
0
0
0
0
0
0.38529015588479165
0
0
0
0
0
0
0
0
0
0
0
0
0
0
0
0
5.807354922057604
0
0
0
0
0
0
0
0
0
0
0
0
0
0
0
0
0
0
0
0
0
0
0
0
0
0
0.5397183203444346
0
0
0
0
0
0
5.807354922057604
0
1.5594274086140185
0
0
0
0
0
0
0
0
0
0
2.326997464565759
0
0
0
0
0
0
0
0
0
0
0
0
0
0
0
1.8073549220576042
0
0
0
0
0
0
1.1069152039165118
0
2.222392421336448
0
0
0
0
0
0
0
0
0
0
0
0
2.5594758350121865
0
0
0
0
0
0
0
0
0
0
0
0
0
0
0
0
0
0
0
0
0
0
0
0
0
0
0
0
0
0
0
0
0
0
0
2.0
0
0
0
0.41503749927884376
3.222392421336448
0
0
0
0
0
0
0
0
0
0
0
0
0
0
0
0
1.2837929660005913
0
0
0
0
0
0
0
0
0
0
0
0
0
0
0
0
0
0
0
0
0
0
0
0
0
0
0
0
0
0
0
0
0
0
0
0
0
0
1.660149997115375
0
0.9004643264490856
0
1.4150374992788437
0
0
0
0.21383040783302376
0
0
1.222392421336448
0
0
0
0
0
0
0
0
0
0
0
0
0
2.427134135851208
0
0.41973935915308386
0
0
0
0
0
0
0
0
0
0
0
0
0
0
0
0
0
0
1.456280481510725
0
0
0
0
3.222392421336448
0
0
0
0
0
4.444784842672896
0
0
0
0
0
0
0.5675859320011827
0
0
0
0
0
0
0
0
0
2.326997464565759
3.6671772640093443
0
0
0
0
2.347923303420307
0
0
1.0524674198941355
0
0
0
0
0
0
0
0
0
0
0
0
0
0
1.5594274086140185
1.3492958008610865
0
0
0
0
0.9004643264490856
0
0.23830340248321474
2.6374299206152916
0
0
0
0.8174936614143978
0
0
0
0
0
0
0.899605834879041
0.7198920808072646
0
0.6374299206152918
0
0.0
0
0
0.9004643264490856
0
0
0
0
1.6374299206152918
0
1.0439054063907116
0
0
0
0
0
0
0
0
0
0
0
0.0
0
0
0
0
0
0
1.0439054063907116
0
0
0
0
0
0
0
0
3.222392421336448
0
0
3.222392421336448
0.0
0
0
0
0
0
0
0
0
0
0
0.899605834879041
0
0
4.222392421336448
0
0
0
0
0.6958466068406136
0.28379296600059134
0
0.899605834879041
0
3.4854268271702415
0.41503749927884376
3.4854268271702415
0.2698591601722173
0
0
0
0
0
0
0
0
0
0
0.41503749927884376
0
0
0
0
0
0
0
0
0
0
0
0
5.807354922057604
2.6374299206152916
3.807354922057604
0
0
0
0
0
0
0.6746479004305432
0
0
0
0
0
0
0
0
0
0
0
0
0
0
0
0
0.883837090120108
0
0
0
0
0
0.7198920808072646
0
0
2.288982251960314
1.7198920808072646
0
0
0
0
0
0
0
0
0
36.14709844115208
0
