0
0
0
0
0
0
0
0
0
0
0
0
0
0
0
0
0
0
0
0
0
0
0
0
0
0
0
0
2.222392421336448
0
0
0
0
0
0
0
0
0
0
0
0
0
0
0
0
0
3.0
0
0
0
0
0
0
0
0
0
0
0
0
0
0
0
0
0
0
0
0
0
0
0
0
0
0
0
0
0
0
0
0
0
0
0
0
1.1069152039165118
0
0
1.2837929660005913
0
0
0
0
0
0
0
0
0
0
0
0
0
0
0
0
0
0
0
0
0
0
0
0
0
0
1.5594274086140185
0
0
0
3.0
0
0
0
0
0
1.7198920808072646
0
0
0
0
0
0
0
0
0
0
0
0
0
0
0
0
0
0
0
0
0
0
0
0
0
0
0
0
0
0
0
0
0
0
0
0
0
0
2.326997464565759
4.222392421336448
0
0
0
0
0
0
0
0
0
0
2.807354922057604
0
0
0
0
0
0
0
0
0
0
0
0
0
0
0
0
0
0
0
0
0
0
0
0
0
0
0
0
0
0
0
0
0
0
0
0
0
0
0
0
0
0
4.222392421336448
0
0
0
0
0
1.1069152039165118
0
0
0
0
0
2.347923303420307
0
0
0
0
0
0
0
0
0
0
0
0
0
0
0
0
0
0
0
0
0
0
0
0
0
0
1.1069152039165118
0
0
0
0
0
0
0
0
0
0
0
0
0
2.6374299206152916
0
0
0
0
0
0
0
0
0
0
0
2.5675859320011827
0
0
2.4854268271702415
0
0
0
0
0
0
0
0
0
0
0
1.8073549220576042
0
0
0
2.347923303420307
0
0
0
0
0
0
2.106915203916512
0
0
0
0
0
3.807354922057604
0
0
0
0
0
0
0
0
0
0
0
0
0
0
0
0
0
0
0
0
0
0
0
0
0
0
0
0
0
0
0
0
0
0
0
0
0
0
0
0
0
0
0
0
0
0
0
0
0
0
0
0
0
0
0
0
0
0
0
0.15886893498880983
0
0
0
0
0
0
0
0
0
0
0
0
0
0
0
0
0
0
1.0
0
0.7198920808072646
0
0
0
1.9004643264490857
0
0
0
0
0
3.222392421336448
0
0
0
0
0
0
0
0
0
0
0
0
0
0
0
0
0
0
0
1.1634987322828796
0
0
0
0
0
0
0
0
0
0
2.347923303420307
0
0
0
0
0
0
0
0
0
0
0
0
0
0
0
0
0
0
0
0
0
0
0
0
0
0
0
0
0
0
0
0
0
0
0
0
0
0
0
0
0
0
0
0
0
0
0
0
0
0
0
0
1.7198920808072646
0
0
0
0
4.03677461028802
0
0.6539949291315182
0
0
0
0.3971723374720246
0
0
1.6374299206152918
0
0
1.7063172233414576
3.4854268271702415
0
0
0
0
0
0
0
0
0
0
0
0
0
0
0
0
0
0
0
0
0
0
0
0
1.6374299206152918
0
0
0
0
0
0
0
0
0
0
0
0
0
0
0
0
0
0
3.6147098441152083
0
0
0
0
0
0.07798562559883307
0
0
0
0
0
0
0
0
0
0
0
1.8009286528981712
0.0
0
0.5978897962577201
0
0
0
0
0
0
2.0
0
0
0.025995208532944354
0
0
0
0
0
0
0
0
0
0
0
0
0
0
0
0
0
0
0
0
0
0
0
0
1.2620073029117176
0
0
0
0
0
0
0
0
0
0
0
0
0
0
0
0
0
0
0
0
0.4498029174395205
0
0
0
2.0
0.7629608026991507
0
0
0
0
0
2.6374299206152916
0
0
0
0
0
0
0
0
0
0
0
0
0
0
0
4.222392421336448
0
0
0
0
0
0
0.6780719051126377
0
0
0
0
0
0
0
0
0
0
0
0
0
0
0
0
4.222392421336448
0
0
0
0
0
0
0
0
0
0
0
0.7198920808072646
0
0
0
0
0
0
0
3.2748598412305836
0
0
0
0
0
0
0
0
0
0
0
0
4.807354922057604
0
0.9493739269300321
0
0
0
0
0
0
0
0
0
0
0
0
0
0
0
0
0
0
0
0
0
0
0
0
0
0
0
0
0
0
0
0
0
0
0
0
0
0
0
0
0
0
0
0
0
6.970853654340483
0
0
0
0
0
0
0
0
0
0
0
0
0
0
0
0
0
0
0
0
2.0
0
0
0
0
0
0
0
0
0
0
0
0
0
0.5397183203444346
5.807354922057604
0
0
0
0
0
0
0
0
0
0
0
0
0
0
0
0
0
0
0
1.4854268271702418
0
0
0
0
0
0
0
0
0
0
0
0
0
0
0
0
0
0
0
0
0
0
0
0
0
0
0
0
0
0
0
0
0
0
0
0
0
0
0
0
0
0
0
1.222392421336448
0
0
0
0
0
0
0.20986967957654193
0.16349873228287956
0
0
0.8073549220576041
1.222392421336448
0
0
0
0
0
0
0
0
0
0
0
0
0
0
0
0
0
0
0
0
0
0
0
0
0
0
0
0
0
0
1.222392421336448
0
0
0
0
0
0
0
0
0
0
0
0
0
0
0
0
0
0.41503749927884376
0
1.3479233034203069
0
0
0
0
0
0
0
0.8073549220576041
1.4150374992788437
0
0
0
0.5594274086140185
0.6780719051126377
0
0
0
0
0
0
0
0
1.6374299206152918
0
0
0
0
0
0
0
0
0
0
0
0
0
1.6374299206152918
0
0
0
0
0
0
0
0
0
0
0
0
0
0
0
0
0
0
0
0
0
0
0
0
0
0
0
0
0
0
0
0
0
0
0
0
0
0
0
0
0
0
0
0
0
0
0
0
5.807354922057604
0
0
0
0
0
0
0
0
0
0
0
0
0
0
0
3.4854268271702415
0
0
0
0
0
0
0
0
0
0
0
0
0
0
0
0
0
0
0
0
1.2837929660005913
0
0
4.222392421336448
0
0
0
0
0
0
0
0
1.4150374992788437
0
0
0
0
0
0
0
0
0
0
0
0.7582982111399
0
0
0
0
0
0
0
0
0
0
0
0
0
0
0
0
0
0
0
0
0
0
0
0
0
0
0
0
0
0
0.7198920808072646
0
0
0
0
0
0
0
0
3.4854268271702415
0
0
0
0
0
0
0
0
0
0.28379296600059134
0
0
0
0
0
0.0
4.807354922057604
0
0
0.0
0
0.7198920808072646
0
0
0
0
0.9493739269300321
1.0524674198941355
0
0
0
0
1.1432705020665188
0
0
0
0
0
0
3.807354922057604
0
0
0
0
0
0
0
0
0
0
0
0
0
0
0
0
0
0
0
1.6374299206152918
0
0
2.159676242421794
0
0
0
0
0
0
0
0
0
0
3.4854268271702415
0
0
0
0
0
0
0
0
0
0
0
0
0
0
0
0
0
0
0
0
0
0
0
0
0
0
0
0
0
0
0
0
0
0
0
0
0
0
0
0
0
0
0
0.41503749927884376
0
0
0
0
0
0
0
0
0
0
0
0
0
0
0
2.0
0
0
0
0
0
0
0
0
0
0
0
3.0
0
0
0
0
0
0
0
0
0
0
0
0
0
0
0
0
0
0
0
0
0
0
0
0
0
0
0
0
0
0
1.3479233034203069
0
0
1.8930109543675764
1.6374299206152918
0.5594274086140185
0
0
0
0.9465054771837882
0
0
2.222392421336448
0
0
0
0
0
0
0
0
0
0
0
0
0
0
0
0
0
0
0
0
0
0
0
0
0
0.7582982111399
0
1.9004643264490857
0
0
0
0
0
0
0
0
0
0
0
1.0524674198941355
0
1.9004643264490857
0
0
0
0
0
0
0
0
0
0
0
0
0
0
0
0.5560412724608343
0
0
0
0
0
0
0
0
0
0
0
2.106915203916512
0
0
0
0
0
0
0
0
0
0
0
3.0
0
0
0
0
0
0
0
0
0
0
0
0
0
0
0
0
0
0
0
0
0
0
0
0
0
0
0
0
0
0
0
0
0
0
0
0
0.49049619684863865
0
0
0
0
1.2837929660005913
0
0
0
0
2.6374299206152916
0
0
0
0
0
0
0
0
0
0
0
0
0
0
0
0.6671772640093441
0
0
0.6374299206152918
0
0
0
0
0
0
0
0
0
0
0
0
0
0
0
0
0
0
0
0
0
0
0
0
0
0
0
0
0
0
0
0
3.4854268271702415
0
0
0
0
0
0
0
0
0
0
0
0
0
0
0
0
0
0
0
0
0
0
0
0
0
0
0
0
0
0
0
0
0
0
0
0
0
0
0
2.237709634456074
1.1069152039165118
0
0
0
0
0
0
0
0
0
0
0
0
0
0
0
0
0
0
0
0
0
0
0
0
0
0
0
0.8073549220576041
0
3.222392421336448
0
0
0
0
0
0
0
0
0
0
0
0
0
0
0
0
0
3.807354922057604
0
0
0
0
3.4854268271702415
0
0
0
0
0
1.0524674198941355
0
0
4.807354922057604
0
0
0
0
0
0
0
0
0
0
0
0
0
0
2.4854268271702415
0
0
5.807354922057604
0
0
0
0
0
0
0
0
0.8531586116707288
0
0
0
0.8531586116707288
0
0.3479233034203068
1.6374299206152918
0
0
0
0
0
0
0
0.2859472938623879
0
0
0
0
0
0
0
0
1.0
0
0
0
0
0
0
0
0
0
0
0
0
0
0
0
1.7063172233414576
0
0
0
0
0
0
0
0
0
0
0
0.8300749985576875
0
0
0
0
0
0
0
0
0
0
0
0
0
0
0
0
0
0
0
0
0
0
0
0
0
0
0
0
3.4854268271702415
0
0
0
0
0
0
0
0
0
0
0
0
0
0
0
0
0
0
0
0
0
0
0
0
0
0
0
0.8073549220576041
0
0
0
0
0
0
0
0
0
0
0
0
0
0
0
0
0
0
0
0
0
0
0
0
0
0.4047887402583259
0
0
0
0
4.807354922057604
0
0
0
0
0
1.2638303518998333
0
0
0
0
0
2.6958466068406137
0
0
0
0
1.2837929660005913
0
0
0
0
0
0
0
0
0
0
0
0
0
0
0
0
0
0
0
0
0
0
0
0
0
0
0
0
0
0
0
0
0
0
0
0
0
0
0
0
0
0
2.4854268271702415
0
0
0
0
0
1.9004643264490857
0
0
0
0
0
0
0
0
0
0
0
0
0
0
0
0
0
0
0
0
0
0
3.222392421336448
0
0
0
0
0
0
0
0
0
0
0
0
0
0
0
0
0
0
1.1634987322828796
1.5594274086140185
0
0
0
0
0
0
0
0
0
0
0
0
0.6374299206152918
0
0
0
0
1.222392421336448
1.8073549220576042
0
0
0
0
0
0
0
0
0
0
0
0
0
4.807354922057604
0
0
0
0
0
0
0
0
0
0
0
0
0
0
3.0
0
0
0
0
0
0
5.807354922057604
0
0
0
0
0
0
1.0524674198941355
0
0
0
1.4854268271702418
0
0
0
0
0
0
0
0
0
0
0
0
0
0
0
0
0
0
0
0
0
0
0
0
0
0
0
0
0
0
0
0
0
0
0
0
0
0
0
0
0
0
0
0
0
0
0
0
0
0
0
0
0
0
0
0
0
0
0
0
0
0
0
0
2.106915203916512
0
2.807354922057604
0
0
0
0
0
0
0.5979015564286544
2.326997464565759
0
0
0
0
0
0
0
0
0
0
0
0
0
0
0
0
0
0
0
0
0
0
0
0
0
0
0
0
0
0
0
0
0
0
0
0
0
3.807354922057604
0
0
0
0
0
0
0
0
0
0
0
0
0
0
0
0
0
0
0
0
0
0
0
0
0
0
0
0
0
0
0
0
0
0
0
1.222392421336448
0
0
0.3479233034203068
0
0
0
0
0
0
0
0
0
1.1069152039165118
0
0
0
0
0
0
0
0
0.899605834879041
0
0
0
0
2.106915203916512
0
0
0
0
5.807354922057604
0
0
0
0
0
0.22239242133644802
0
0
0
0
0
4.807354922057604
0
0
0
0
0
0
0
0
0
0
0
0
0
0
0
0
0
0
0
0
0
0
0
0
0.9004643264490856
0
0
0
0
0
0
0
0
1.4854268271702418
0
0
0
0
0
0
0
0
0
1.3479233034203069
0
0
0
0
0
0
0
0
0
0
0
0
0
0
0
0
0
0
0.48542682717024166
0
0
0
0
1.0524674198941355
0
0
0
0
1.6147098441152081
0
0
0
0
4.222392421336448
0
0
0
0
0
2.6374299206152916
0
0
0
0
0
0
0
2.106915203916512
0
0
0
0
0
0
0
0
0
0
0
0
0
3.807354922057604
0
0
0
2.2138304078330235
0
0
0
0
0
0
0
0
1.2837929660005913
0
0
0
1.660149997115375
0
0
0
0
0
0
0
0
0
0
0
0
0
1.4854268271702418
0
0
0
0
0
0
0
0
0
0
0
0
0
0
0
0
0
0
0
0
0
0
0
0
0
0
0.22239242133644802
0
0
0
0
0
0
0
0
0
0
0
2.444784842672896
1.3494087523185616
0
0
0
0
0
0
0
0
0
0
0
0
0
0
0
0
0
0
1.222392421336448
0
0
0
0
0
0
0
1.4150374992788437
0
0
0
0
0
0
0
1.4854268271702418
2.807354922057604
0
2.807354922057604
0
0
0
0
2.222392421336448
0
0
0
0
3.807354922057604
0
0
0
0
0
0
0
0
0
0
0
0
0
0
0
0
0
0
0
0
0
1.0524674198941355
0
0
3.807354922057604
0
0
0
0
0
0
0
5.807354922057604
0
0
0
5.807354922057604
0
0
0
0
0.28379296600059134
0
0
2.347923303420307
0
0
0.5055321407599334
0
0
0
0.18196645973061049
0
0
2.222392421336448
2.104934839788271
0
0
0
0
0
0
0
0
3.4854268271702415
0
0
0
0
0
0
0
0
0
0
0
0
0
0
0
0
0
0
0
0
0
0
0
0
0
0
0
0
0
0
0
0
0
0
0
0
0
0
0
0
0
0
0
0
0
0
0
0
0
0
0
0
0
0
0
0
4.222392421336448
0
0
0
0
0
0
0
0
4.222392421336448
0
0
0
0
0
0
0
0
0
0
0
0
0
0
0
0
0
0
0
0
0
0
0
0
0
0
0
0
0
0
0
0
0
0
0
0
0
0
0.9493739269300321
0
0
0
0
0.48542682717024166
2.104934839788271
0
2.0
3.6147098441152083
0
0
0
0
0
0
0
0
0
0
0
0
0
3.8109016735550627
0
0
0
0
2.2138304078330235
0
28.844129532345622
8.444784842672895
5.807354922057604
0
0
0
0
0
0
0
0
0
0
1.222392421336448
0
0
0.8073549220576041
0
0
0
0
0
0
0.4498029174395205
0
0
0
0
0
0
0
0
0
0
0
0
0
0
0
0
0
0
0
0
0
0
0
0
0
2.222392421336448
2.4854268271702415
0
0
0.9708536543404833
0
0
0
0
0
0
0
0
0
0
0
0
1.3479233034203069
0
0
0
0
0
0
0
0
0
0
0
0
0
0
0
0
0
0.5345760195825594
0
0
0
0
0
0
0
0
0
0
0
0
0
3.1574022596824065
0
0
1.7063172233414576
0
0
0
0
0
0
0
0
0
0
0
0
0
0
0
0
3.807354922057604
0
3.0
0
0
0
0
0
0
0
0
0
2.807354922057604
0
0
0
0
1.4150374992788437
0
0
0
0
0
0
0
0
0
0
0
0
0
0
0
0
1.8009286528981712
0
0
0
0
0
0.22239242133644802
0
0
0
0
0
0
0
0
0
0
0
0
0
0
0
0
0
0
0
0
0
0
0
0
0
0
0
0
0
2.444784842672896
0
0
0
0
0
0
0
0
0
0
0
0
0
0
0
0
0
0
0
0
0
2.8300749985576874
0
2.222392421336448
0
0
0
0
0
0
0
0
0
0.0
0
2.347923303420307
4.222392421336448
0
0
0
0
0
0
0
0
0
0
0
0
0
0
0
0
0
0
0
0
0
1.3494087523185616
0
0
0
0
0
0
0
0
0
0
0
3.0
0
0
0
0
0
0
0
0
0
0
0
0
0
0
0.3971723374720246
0
0
0
0
0
0
0
0
0
0
0
0
0
0
0
0
0
0
0
0
0
0
0
0
0
0
1.118854817228037
1.6681238173825033
0
0
0
0
0
0
1.6374299206152918
0
0.5594274086140185
0
0
0
0
0
0
0
0
0
0
0
0
0
0
0.10398083413177742
0
0
0
0
0
0
0
0
0
0
0
0
0
0
0
0
0
0
0
0
0
0
0
0
0
0
0
0
0
0
0
0
0.36727193925894835
0
0.6374299206152918
0
0
0
0
0
0
0
0
0
0
0
0
0
0
0
0
0
0
0
0
8.0
0
0
0
0
8.444784842672895
0
0
0
0
0
0
0
0
0
0
0
0
0
0
0
0
0
0
5.807354922057604
0
0
0
0
0
0
0
0
0
0
0
0
0
0
0
0
0
0
0
0
0
0
0
0
1.4854268271702418
0
0
0
0
0
1.222392421336448
0
0
0
1.3479233034203069
0
0
0
0
0
0
0
0
0
0
0
0
0
0
0
0
0
0
0
0
0
0
0
0
0
0
0
0
0
0
0
0
1.8073549220576042
0
0
0
0
0
0
0
0
0
0
0
0
0
4.222392421336448
2.347923303420307
0
0
0
0
0.8531586116707288
0
0
0
0
0
0
1.7198920808072646
0
0
0
0
4.807354922057604
0
0
0
0
0
0
0
0
0
0
0
0
0
0
0
0
0
2.609763515976779
0
3.222392421336448
0
0
0
0
0
0.21383040783302376
0
0
0
0
0
0
0
0
0
0
0
0
0
0
0
0
2.4854268271702415
0
0
0
1.9004643264490857
0
0
0
0
0
0
0
0
1.9004643264490857
0
0
0
0.6414912234990713
0
0
0
0
0
0
2.106915203916512
0
3.2748598412305836
0
0
0
0
0
0
0
0
0
0
0
0
1.3561438102252754
0
0
0
0
0
0
1.8073549220576042
0
0
0
0
0
0
0
0
0
0
1.4150374992788437
0
0
0
2.4854268271702415
0
0
0
0
0
0
1.8073549220576042
0
0
0
0
0
0
0
0
0
1.8073549220576042
2.034215715337913
2.6374299206152916
0
0
0
0
0
0
0
0
0
0
0
0
0
0
0
0
0
0
0
0
5.807354922057604
0
0
0
0
0
3.222392421336448
0
0
0
0
0.0
0
0
0
6.320745611749536
0
0
0
0
0
0
0
0.10691520391651188
0
0
0
0
0
0
0
0
0.6374299206152918
0
0
0
0
3.587409338571926
0
0
0.6780719051126377
5.807354922057604
0
0
1.4150374992788437
0
0
0
0
0
0
0
0
0.8300749985576875
0
0
0
0
0
0
0
0
0
0
0
0
0
0
0
0
0
2.0
0
0
0
0
0
0
0
0
0
0
0
0
0
0
0
0
0
0
0
0
0
0
0
0
0
0
0
0
0.7198920808072646
0.8300749985576875
2.106915203916512
3.320745611749535
0
0
0
0
0
0
0
0
0.7198920808072646
0
0
0
0
0
0
0
0
2.4854268271702415
0
0
0
0
0
0
0
0
0
0
0
0
0
4.807354922057604
0
0
0
0
0
0
0
0
0
0
1.6374299206152918
0
1.3479233034203069
0
0
0
0
0
0
0
0
1.3561438102252754
0
2.222392421336448
0
0
0
0
0
0
0
1.9004643264490857
1.7198920808072646
0
0
0
0
0
0
2.807354922057604
0.9493739269300321
0
0
0
0
0
0
0
0
0
0
0
0
2.6374299206152916
0
0
0
0
0
0
0
0
0
0
0
0
0
0
0
0
0
0
0
0
0
0
0
0
0
0
0
0
0
0.6539949291315182
0
0
0
0
5.807354922057604
0
0
0
0
0
0
0
0
0
0
0
0
0
0
0
0
0
0
0
0
0
0
0
3.807354922057604
0
0
21.11196210668224
4.222392421336448
0
0
0
1.1069152039165118
0
1.9004643264490857
0
0
0
0
0
1.8009286528981712
0
0
1.2748598412305836
0
0
0
0
0
0
0
0
1.222392421336448
2.347923303420307
0.0
0
0
0
0
0
0
0
0
0
0.6374299206152918
3.222392421336448
0
0
0
0
0
0
2.106915203916512
0
0
0
0
0
0
0
0
0
0
0
0
0
0
0
0
2.293802861463847
0
0
0
2.6958466068406137
0
0
0
0
0
0
0
0
0
0
0
0
0
0
0
4.222392421336448
0
0
0
0
0
0
0
4.807354922057604
0
0
2.6374299206152916
0
0
0
0
0
0
0
0
0
0
0.05199041706588871
0
0.9708536543404833
0
0
0
0
0
0
0
0
0
0
0
0
0.3155018257279294
0
0
0
0
0
0
0
0
0
0
0
0
0
0
0
2.4854268271702415
0
0
0
0
0
0
0
0
0
0
0
0
0
1.3494087523185616
0
0
0
0
0
0
0
0
0
0
0
0
0
0
0
4.444784842672896
7.456280481510724
0
0
0
0
0
0
0
0
0
0
0
0
0
0
0
0
0
0
1.4150374992788437
0.38529015588479165
0
0
0
0
0
0
0
0
0
0
0
0
0
0
0
0
0
0
0
0.2527660703799667
0
0
0
0
0
0
0
0
3.0
0
0
0
0
1.5594274086140185
0
0
0
0
0
0
0
0
0
0
0
0
0
0
0
0
1.8073549220576042
0.5979015564286544
0
0
0
0
0
0
3.222392421336448
0
0
0
0
0
0
0
0
0
0
0
0
0
0
0
0
0
0
0
0
0
0
0
0
0
0
0
0
1.2837929660005913
0
0
0.7198920808072646
0
0.38529015588479165
0
0
0
0
2.347923303420307
2.2138304078330235
0
0
0
0.15740225968240645
0
0
0
0
0
0
0
0
0
0
0
0
0
0
0
0
0
0
0
0
0
0
0
0
0.9004643264490856
0
0
0
0
0
0
0
0
0
0
0
0
0
0
0
0
0
0
0
0
0
0
0
0
0
0
0
0
0
0
0
0
0
1.0
0
0
0
0
0
0
2.807354922057604
0
0
0
0
0
0.8073549220576041
0
0
0
0
0
0
0
0
0
2.8481217807900965
0
0
0
0
0
0
0
0
0
0
0
0
0
0
0
0
0
0
0
0
0
0
0
0
0.6958466068406136
0
0
0
0
2.106915203916512
0
0
0
0
0
0
0
0
0
0
1.5259216053983014
0
0
0.41973935915308386
0
0.8531586116707288
0
0
0
0
0
0
0
0
0
0
0
0
0
0
0
0
0
0
0
0
0
0
0
0
0
0
0
0
0
0
0
0
0
0
0
0
0
0
0
0
0
0
0
0
0
0
0
0
0.5219527031953558
0
0
0
0
0
0
0
0
0
0
0
0
0
0
0
0
0
0
0
0
0
0.5055321407599334
0
0.9465054771837882
0
0
0
0
0
0
0
5.807354922057604
0
0
0
0
0
0
0
0
0
0
1.9004643264490857
0
0
0
2.0
0
0
0
0
0
0
0
0
0
0
0
0
0
0
0
0
0
0
0
0
0
4.807354922057604
0
0
0
0
0
0
0
0
0
0
0
0
0
0
0
0
0
0
0
0
0
0
0
0
0
0
1.456280481510725
0
0
0
0
1.0794366406888691
0
0
0
0
0
0
3.807354922057604
0
0
0
0
0
0
0
0
0
0
0
0
0
0
0
0
0
0
0
0
0
0
0
0
0
0
0
0
0
0
0
0
0
0
0
0
0
0
0
5.807354922057604
0
0
0
0
0
0
0
0
0
4.807354922057604
0
0
0
0
0
3.0
0
0
0.15740225968240645
0
0
0
0
0
0
0
0
0
2.0
0
0
0
0
0
0
0
0
0
0
0
0
0
2.807354922057604
0
0
0
0
0
0
5.807354922057604
0
0
0
0
0
0
4.807354922057604
0
0
0
0.4498029174395205
0.15597125119766614
0
0
0
0
0.7198920808072646
0
0
0
0
0
0
0
0
0
0.5345760195825594
1.0439054063907116
0
0
0
0
0
3.0
0
0
0
0
0
0
0
0
0
0
0
2.159676242421794
0
0
0
0
0
0
0
0.28379296600059134
0
2.4854268271702415
0
0
2.106915203916512
0
2.4854268271702415
0
0
0
0
0
0
1.8073549220576042
0
0
0
0
0
0
0
0
0.22239242133644802
0
0
1.0691520391651188
0
0
0
0
0
0
0
0
0
0
0
0
0
0
0
0
0
0
0
0
0
0
0
0
0
0
0
0
0
0
0
0
0
0
0
0
0
0
0
0
0
0
0
0
0
0
0
0
0.0
0
0
0
0
0
0
0
0
0.4498029174395205
0
0.13492958008610864
0
0
0
0
0
0
0
0
0
0
0
0
0
0
0
0
0.5219527031953558
0
1.793704669285963
0
0
0
0
0
3.807354922057604
0
0
0
0
0
0
0
0
0
0
0
0
0
0
0
0
0
0
0
0
0
0
0
0
0
0
1.5594274086140185
0
0
0
1.118854817228037
0
0
0
4.807354922057604
0
0
0
0
0
0
0
0
0
0
0
0
0
0
0
0
0
0
1.1069152039165118
0
0
0
0
0
0
0
0
0.0
0
0
0
0
0
0
4.222392421336448
0
0
0.23830340248321474
0
0
0
0
0
0
0
0
0
0
0
0
0
1.8987478538600642
2.104934839788271
0
0
0
0
0
0
0
0
0
0
0
0
0
0
0
0.31773786997761966
0
0
0.8531586116707288
0
0
0
0
0
0
0
0
0
0
0.4047887402583259
0
0
0
0
0
0.0
0
0
0
0
0.2623370994706774
0
0
0
0
0
0
2.6374299206152916
0
0
0
0
0
0
0
0
0
0
2.106915203916512
0
0
0
0
0
0
0.9632253897119791
0
0
0
0
0
0
0
0
0
0
0
0
0
0
0
0
0
1.3479233034203069
0
0
0
0
0
0
0
0
0
0
0
0
0
0
0
0
0
0
0
0
0
0
0
0
0
0
0
0
0
0
0
0
0
0
0
0
0
0
0
0
0
0
0
0
0
0
0
0
0
0
0
0
0
0
0
0
0
0.7621803347110125
0
0
0
0
0
0
0
0
0
0
0
0
0
0
3.807354922057604
0
0.7629608026991507
0
0
0
0
0
0
0
0
0
2.807354922057604
0
0
1.2837929660005913
0
0
0
0
0
0
0
2.326997464565759
0
2.0
0
0
0
0
0
0
0
0
0
0
0
0
0
0
0
0
0
0
0
0
0.0
0
0
0
0.7198920808072646
0
0
0
0
0
0
0
0
0
0
0
0
0
0
0
0
0
0
0
0
0
0
0
0
0
0
0
0
0
0
0
0
0
0
0
0
0
0
0
0
0
0
0
0
1.0
0
0
0
0
0
0
0
0
0
0
0
0
0
0
0
0
0
0
0
0
0
0
0
0
0
0
0.8895696853457921
1.7198920808072646
0
0
0
0
0
0
0
0
0
0
0
0
0
0
0
3.807354922057604
0
0
0
0
0
0
0
0
0
0
0
0
0
0
0
0
0
0
0
0
0
0
0
2.4354631239421476
5.807354922057604
0
0
0
0
0
0
0
0
0
0
0
0
0
1.6374299206152918
0
0
0
0
0
0
0
0
0
0
0
0
0
0
0
0
0
4.807354922057604
0
0
0
0
0
0
0
2.0
3.187149603076459
0.5979015564286544
0
0
0
0
0
0
0
0
0
0
0
0
0
0
0
0
0
0
0
0
0
0
0
0
0
0
0
0
0
0
0
0
0
0
0
0
0
0
0
0
0
0
0
0
0
0
0
0
0
0
0.10691520391651188
0
0
0
0
0
0
0
0
0
0
0
0
0
0
0
0
0
0
0
0
0
0
0
0
2.106915203916512
0
0
0
0
0
0
0
0
0
0
0
0
0
0
0.9493739269300321
0
0
0
0
0.9493739269300321
0
0
0
0
0
0
0
0
0
0
3.2748598412305836
0
0
0
2.8300749985576874
0
0
0
0
0
0
0
0
0
0
0
0
0
0
0
0
0
0
0
0
0
0
0
0
1.8073549220576042
0
0
0
0
0
0
0
0
0
0
0
0
0
2.807354922057604
0
0
0
0
0
0
0
0
0
0
0
0
0
0
0
4.04376991026092
2.9708536543404835
1.0439054063907116
0
2.4854268271702415
0
0
0
0
0
0
0
0
0
0
0
0
3.4126344466829153
0
0
0
2.6374299206152916
0
0
0
0.5594274086140185
0
0
0
0
0
0
0
0
0
0
0
0
0
0
0
0
0
0
0
0
0
0
0
0
0
0
0
0
0.31773786997761966
0
0
0
0
0
0
0
0
1.8073549220576042
0
0
0
0
0
0
0
0
0
0
0
0
0
2.4854268271702415
0
0
0
0
0
0
0
0
1.118854817228037
0
0
0
0
0
0
0
0
0
0
0
0
0
0
0
0
0
0
0
0
0
0
0
0
0
0
0
0
0
0
4.222392421336448
0
0
0
0
1.7198920808072646
0
0
0
0
1.8073549220576042
0
0
0
0
0
0
0
0.7629608026991507
0
0
0
0
0
0
0
0
0
0
0
0
0
0
0
2.2490145871976024
1.9004643264490857
0
0
0
5.807354922057604
0
0
0
1.6374299206152918
0
0
0
0
0
0
0
0
0
0
0
0
0
0
0
0
0
0
0
0
0
0
4.222392421336448
0
0
0
0
0
0
0
0
1.4854268271702418
0
0
0
0
0
0
0
0
0
0
0
0.7198920808072646
0
0
0
4.265793058353644
0
0
0
0
0
0
0
0
0
0
0
0
1.5594274086140185
0
0
0
0
0
0
0
0
0
2.609763515976779
0
0
0
0
0
0
0
0
0
0
0
0
0
0
0
0
0
0
0
0
0
0
1.3479233034203069
0
0
0
0
0
0
0
0
2.6374299206152916
0
0
1.9004643264490857
0
0
0
0
0
0
0
0
0
0.05246741989413548
0
0.6780719051126377
0
0
0
0
0
0
0
0
0
0
2.8300749985576874
0
0
0
0
4.807354922057604
0
0
0
0
0
0
0
0
0
0
0
0
0
0
0
1.5259216053983014
0
0
0
0
0
1.3561438102252754
0
0
0
0
0
0
0
0
0
0
0
0
0
0
0
0
0
0
0
1.4150374992788437
0
0
0
0
0
0
0
0
0
0
0
0
0
0
0
0
0
0
0
0
0
0
0
0
0
0
0
0
0
0
0
0
0
0
0
0
0
0
0
0
0
0
0
0
0
0
1.4854268271702418
0
0
0
0
0
0
0
0
0
0
0
0
0
0
0
1.1634987322828796
0
0
0
0
0
0
0
0
0
3.0
0
0
2.106915203916512
0
0
0
0
0
0
0
0
0
0
0
0
0
0
0
0
0
0
0
0
0
1.9004643264490857
0
0
0
0
0
0
0
0.44478484267289603
0
0
0
0
0
0
0
0
0
0
0
0
0
0
2.6958466068406137
0
2.106915203916512
0
0
0
2.6958466068406137
0
0
0
0
0
0
0
0
0
0
0
0
0
0
0
3.807354922057604
0
4.222392421336448
0
0
0
0
0
0
0
0
2.6374299206152916
0
0
0
0
0
0
0
0
0
1.1069152039165118
0
0
0
0
2.5594758350121865
0
0
0
0
2.347923303420307
0
0
0
0
0
1.0524674198941355
0
0
0
0
0
0
0
0
5.807354922057604
0
0
0.8895696853457921
0
0
0
0.8073549220576041
0
0.5979015564286544
0
0
0
0
0
0
0
0
0
0
0.9493739269300321
0.9708536543404833
0
0
0
0
0
0
0
0
0
0
0
0
0
0
0
0
0
1.118854817228037
0
0
0
0.28379296600059134
0
0
0
0
0
0
0
3.6147098441152083
0
0
0
0
0
0
3.0
0
0
0
1.7693624926597669
0
0
0
0
0
0
0
0
0
0
0
0
0
0
0
0
0
0
0
0
0
2.222392421336448
0
0
0
0
0
0
0
1.0
0
0.8300749985576875
0
0
0
1.0524674198941355
0
0
0
0.9465054771837882
1.1069152039165118
0
0
0
0
0
0
0
0
0
0
0
0
0
0
0
0
0
0
0
0
2.4854268271702415
0
0
2.807354922057604
0
1.8009286528981712
0
0
0
1.6374299206152918
0
0
0
0
0
0
0
0
0
0
0
0
0
0
0
0
0
1.1069152039165118
0
0
0.8073549220576041
0
0
0
0
0
0
0
0
4.222392421336448
0
0
0
0
0
0
0
0
0
0
0
0
0
0
0
0
0
0
1.4854268271702418
0
0
3.4854268271702415
0
0
0
0.15740225968240645
0
0
0
0
0
0
0
0
0
1.3479233034203069
0
0
0
0
0
0
0
0
2.106915203916512
0
1.3479233034203069
0
0
0
0
1.222392421336448
0.5594274086140185
0
0
0
0
0
4.807354922057604
0
0
0
3.807354922057604
0
0
0
0
0
0
0
0
0
0
0
0
0
0
0
0
0
0
0
0
0
0
0
0
0
0
1.1069152039165118
0
0
0
0
2.106915203916512
0
0
0.44478484267289603
0
2.712287620450551
0
0
0
0
0
0
0
0
0
0
0
1.7198920808072646
0
0
0
0
0
0
0
2.347923303420307
0
0
2.0
2.347923303420307
0
0
0
0
0
5.807354922057604
0
0
0
0
0
0
0
0
0
5.807354922057604
0
0
0
0
0
0
0
0
0
0
0
0
0
0
0
0
0
0
0
0
0
0
0
0.07798562559883307
2.347923303420307
0
0
0
0
0
0
0
0
0
0
0
0
0
2.0
0
0
0
1.7198920808072646
0
0
0
0
0
0
0
2.4854268271702415
0
0
0
0
0
0
0
0
0
0
0
0
0
3.0
0
0
1.8073549220576042
0
0
0
0
0
0
0
0
0
0
0
0
0
0
0
0
0
0
0
2.0
1.9004643264490857
0
0
0
0
0
2.347923303420307
0
0
0
0
0
0
0
0
0
0
0
0
0
0
0
0
0
0
0
0
0
0
0
0
0
0
0
0
0
0
0
0
0
0
0
0
0
0
0
0
0
0
0
0
2.347923303420307
0
0
0
0
1.6147098441152081
0.8073549220576041
0
0
0
0
0.18196645973061049
0
0
0
0
0
0
0
0
0
0
0
0
0
0
0
0
0
0
0
0
0
1.9004643264490857
0
0
0
0
0
0
0
0
0
0
0
0
0
0
0
0
0
0.6310036514558588
0
0
0
0
0
0
0
0
0
0
0
0
0
0
0
0
0
0.7629608026991507
0
0
0
0
0
0
0
0
0
0
0
0
0
0
0
0
0
0
0
0
3.222392421336448
0
0
0
0
0
0
0
0
0
0
3.4854268271702415
0
0
4.222392421336448
0
0
0
0
1.222392421336448
0
0
0
0
0
0
0
0
0
0
0
0
0
0
0
0
0
0
0
0
0
0
1.222392421336448
0
0
0
0
0
0
1.9004643264490857
0
4.222392421336448
0
0
0
0
0
0
0
0
0
0
0
0.5779352338271875
0
0
0
0
0
0
0
0
1.0524674198941355
1.4854268271702418
0
0
0
0
0
0
0
0
0
0
0
0
0
0
0
0
0
0
0
0
0
0
0
0
0
0
0
0
0
0
0
0
0
0
0
0
0
0
0
0
0
1.0
3.118854817228037
0
0
0
0
0
0
5.807354922057604
0
0
0
0.13492958008610864
0
0
2.444784842672896
0
0
0
0
0
1.9004643264490857
0
0
0
0
0
0
0
0
0
0
0
0
0
0
1.8930109543675764
0
0
0
0
0
0
0
0
0
0
0
0
0
0
0
0
0
0
0
0
0
0
0
0
0
0
0
7.614709844115208
0
0
0
0
0
0
0
0
0
0
0
0
0
0
0
1.8073549220576042
0
0
0
0
0
0
0
0
0
1.456280481510725
0
0
0
0
0
0
0
0
0
0
0
0
0
0
0.32074561174953564
0.44478484267289603
0
0
0
0.0
0
0
0
0
0.48542682717024166
0
0
0
0.20796166826355483
0
0
0.10493483978827096
0
0
0
0.9465054771837882
0
0.19264507794239583
0
0
0
0.3269974645657591
0
0.10691520391651188
0
0
1.2837929660005913
0
0
0.2527660703799667
0
0
0
0
0
0
0
0
0
0
0
0.0
0
0
0
0
0
0.07943446749440491
0
0
0
0
0
0
0
0
0
0
2.807354922057604
0.7198920808072646
0
0
0
0
0
3.222392421336448
0
4.807354922057604
0.22239242133644802
0
0
0
0
0
0
0
0
0
0
0
0.15597125119766614
0
0
0
0
0
0
0
0
0
0.6310036514558588
0.4047887402583259
0
0
0
0
0
0
0
0
0
0
0
0
0
0
1.8073549220576042
0
0
0
0
0
0
0
0
0
0
0
0
0
0
0
0
0
0
0
0
0
0
0
0
0
0
0
0
0
0
0
0
0
0
0
0
0
0
1.9865507620041394
0
0
0
3.4854268271702415
0
0
0
0
0
3.222392421336448
0
0
0
0
0
0
0
0
0
0
0
0
0
5.807354922057604
0
0
0
0
0
2.222392421336448
0
0
0
0
0
0
0
0
0
0
0
0
0
0
0
0
0
0
0
0
0
0
0.9493739269300321
0
0
0
0
0
0
0
0
0
0
0
0
1.3479233034203069
0
0
0.28379296600059134
0
0
0
0
1.0524674198941355
0
0
0
0
0
0
2.0
0
0
0
0
0
0
0
0
0
0
0
0
0
0
0
0
0
0
0
0
0
0
0
0
0.05199041706588871
0
0
0
0
0
0
0
0
0
0
0
0
0
0
0
0
0
0
0
0
0
0.38529015588479165
0
0
0
0
0
0
0
0
0
0
0
0
0
0
0
0
0
0
0
0
0
0
0
0
0
0
0
0
0
0
0
0
0
0
0
0
0
0
0
0
0
0
0
0.4047887402583259
0
0
0
0
0
0
0
0
0
0
2.4854268271702415
0
0
0
0
0
0
0
0
1.1634987322828796
0
0
0
0
0
0
0
0
0
0
4.807354922057604
0
0
0
0
0
0
0
0
0
0
0
0
0
0
0
0
0
0
0
0
0
0
0
0
0
0
0
0
0
0
0
0
0
0
0
0
0
0
0
0
0
0
0
0
0
0
0
0
0
0
0
0
0
0
0
0
0
0
0
0
0
0
0
0
0
0
0
0
1.7198920808072646
1.3479233034203069
0
0
0
0
0
0
0
0
0
0
1.4854268271702418
0
0
0
0
3.4854268271702415
0
0
0
0
0
0
2.807354922057604
0
0
0
0
0
1.6374299206152918
0
0
0
0
0
0
0
0
0
0
0
0
0
2.6374299206152916
0
0
0
0
0
0
0
0
0
0
1.2451124978365313
0
1.8009286528981712
0
0
0
0
0
0.21383040783302376
0
0
2.444784842672896
0
0
0
0
0
0
0
0
0
1.4854268271702418
0
0
0
0.48542682717024166
0
0.10493483978827096
0
0
0
0
0
0
0
0
0
0
0
0
0
0
0
0
0
0
0.48542682717024166
0
0
3.222392421336448
0
0
0
0
0
0
3.0
2.222392421336448
5.614709844115208
0
0
0
0
0
0.28379296600059134
0
0
0
0
0
0
0
0
0
0
0
0
0
0
0
0
0
0
0
0
0
0
0
0
0
3.4854268271702415
0
0
0
0
0
0
0
0
0.2698591601722173
0
0
0
0
0.9004643264490856
0
0.23830340248321474
0
0
0
0
0.16349873228287956
0
0
0
0
0
4.6782822258420556
0.899605834879041
0.7198920808072646
0
1.2748598412305836
0
0.0
0
0
0
0
0
0
0
0
0
1.0439054063907116
0
0
0
0
0
0
0
0
0
0
0
0.0
0
0
0
0
0
0
1.0439054063907116
0
0
0
0
0
0
0
0
0
0
0
0
0.0
0
0
0
0
0
0
0
0
0
0
0
0
0
0
0
0
0
0
0.6958466068406136
0
0
0.899605834879041
0
0
1.2451124978365313
0
0.4047887402583259
0
0
0
0
0
0
0
1.222392421336448
0
0
0
0
0
0
0
0
0
0
0
0
0
0
0
0
0
0
0
0
0
0
0
0
0.8095774805166518
0
0
0
0
0
0
0
0
0
0
1.5594274086140185
0
0
0
0
0
0.18196645973061049
0
0
0
0
0
0.7198920808072646
0
0
1.6349873228287957
0
0
0
0
1.9004643264490857
0
0
0
0
3.4854268271702415
0
0
