0
0
0
0
0
0
0
0
0
0
0
0
0
0
0
0
0
0
0
0
0
0
0
0
0
0
0
0
0
0
0
0
0
0
0
0
0
0
0
0
0
0
0
0
0
0
0
0
0
0
0
0
0
0
0
0
0
0
0
0
0
0
0
0
0
0
0
0
0
0
0
0
0
0
0
0
0
0
0
0
0
0
0
0
0
0
0
0
0
0
0
0
0
0
0
0
0
0
0
0
0
0
0
0
0
6.444784842672896
0
0
0
0
0
0
0
1.5594274086140185
0
0
0
0
0
0
0
0
0
0
0
0
0
0
0
0
0
0
0
0
0
0
0
0
0
0
0
0
0
0
0
0
0
0
0
0
0
0
0
0
0
0
0
0
0
0
0
0
1.1634987322828796
0
2.6374299206152916
0
0
3.0
0
0
0
0
0
0
0
0
0
0
0
0
0
0
0
0
0
0
0
0
0
0
0
0
0
0
0
0
0
0
0
0
0
0
0
0
0
0
0
0
0
7.614709844115208
0
0
0
0
0
0
0
0
0
0
0
0
0
0
0
0
1.2837929660005913
0
0
0
0
0
0
0
0
0
0
0
0.9493739269300321
0
0
0
0
0
0
0
0
0
0
0
0
0
0
2.4854268271702415
0
0
0
0
0
0
0
0
0
0
0
0
0
0
0
0
0
0
0
0
0
0
0
0
0
0
0
4.807354922057604
0
0
0
0
0
0
0
0
0
0
0
0
0
0
0
0
0
0
0
0
0
0
0
0
0
0
0
0
0
0
0
0
0
0
0
0
0
0
0
0
0
0
0
0
0
0
0
0
0
0
0
0
0
0
0
0
0
0
0
0
0
0
0
0
0
0
0.8073549220576041
0
0
0
0
0
0
0
0
0
0
0
0
0
0
0
0
0
0
0
0
0
0
0
0
0
1.1915170124160737
5.701392979347257
0
0
0
0
0
3.0
2.347923303420307
0
0
0
0
0
0
0
0
0
0
0
0
0
0
0
0
0
1.9004643264490857
0
0
0
0
0
0
0
0
0
0
0
0
0
2.0
0
0
0
0
0
0
0
1.2748598412305836
0
0
0
0
0
0
2.106915203916512
0
0
0
0
0
0
0
0
0
0
0
0
0
0
0
2.106915203916512
0
0
0
0.48542682717024166
0
0
0
0
0
0
0
0
0
0
0
0
0
0
0
0
5.614709844115208
0
0
0
0
0
0
0
0
0
0
0
0
0
0
0
0
0
0
0
0
0
0
0
0
0
0
0
0.8073549220576041
0
0.3269974645657591
0
0
0
0.23830340248321474
0
1.793704669285963
0
0
0
1.7063172233414576
0
0
0
0
0
4.889569685345792
0
0
0
0
0
0
2.807354922057604
0
0
0
0
0
0
0
0
0
0
0
7.614709844115208
0
0
0
0
0
0
0
4.222392421336448
0
0
0
0
0
0
1.5594274086140185
1.4150374992788437
0
0
0
1.8073549220576042
1.7198920808072646
0
0
0
8.0
0.10398083413177742
0
0
0
0
0
0
0
0
0
0
0
0
0.0
0
0.18196645973061049
0
0
0
0
0
0
0
0
0
0.2599520853294435
0
0
0
0
0
5.807354922057604
0
0
0
0
0
0
0
0
4.807354922057604
0
0
0
0
0
0
0
0
0
1.577509128639647
0
2.347923303420307
0
0
0
0
0
0
0
0
0
0
0
0
0
0
0
0
0
0
1.3494087523185616
2.4854268271702415
0
0
0
0.7629608026991507
0
1.1634987322828796
0
0
0
0
0
0
0
0
0
0
0
0
0
0
5.807354922057604
4.807354922057604
0
0
0
0
0
0
0
0
0
0
0
0
4.222392421336448
0
0
0
0
0
8.444784842672895
3.807354922057604
0
0
0
0
0
0
0
0
0
0
0
0
0
0
0
0
0
0
0
0.7198920808072646
0
0
0
0
4.222392421336448
0
4.222392421336448
0
0
5.807354922057604
0
0
0
0
0
5.807354922057604
0
0
0
0
0
0
0.9493739269300321
0
0
0
0
0
0
0
0
0
0
0
0
0
0
0
0
0
0
0
0
0
0
0
0
0
0
0
0
0
0
0
0
0
9.905262494951906
0
0
3.222392421336448
0
0
7.614709844115208
0
0
0
0
0
0
4.695846606840614
0
0
0
0
0
0
0
0
5.807354922057604
0
0
0
0
0
0
0
0
0
0
0
0
0
0
0
0
0
0.9004643264490856
0
0
0
0
0
0
0.8095774805166518
0
0
0
0
0
0
0
0
1.222392421336448
0
0
0
0
0
0
0
0
0
0
0
0
0
0
0
0
1.5594274086140185
0
0
0
0
0
0
4.807354922057604
5.807354922057604
0
0
0
0
0
0
2.4854268271702415
4.970853654340483
0
6.970853654340483
0
0
0
0
0
0
0
0
0
0
0
4.222392421336448
0
0
0
0
0
0
0
1.9417073086809666
2.444784842672896
0
0
0
0
0
0
0.36727193925894835
0.49049619684863865
0
0
0
0
0
0
0
0
0
0
0
1.5594274086140185
0
1.5658581095860673
0
0
0
0
0
0
0
0
0
0
0
0
0
0
0
0
0
0
0
0
1.222392421336448
0
0
0
0
0
0
0
0
0
0
0
0
0
0
0
0
3.0
0
0
0
4.695846606840614
0
0
0
0
0
0
0
0
1.7063172233414576
0
0
0
0
0
0
0
0
0
0
0
0
0
0
0
0
0
0
0
0
0
0
0
0
0
0
0
0
4.222392421336448
0
0
0
0
0
0
0
0
0
0
0
0
0
0
0
0
0
0
0
0
0
0
0
0
0
0
0
0
0
0
0
0
0
0
0
0
0
0
0
0
0
0
2.6374299206152916
0
0
0
0
0
0
0.8300749985576875
0
0
0
0
0
0
0
0
0
0
0
0
0
0
0
0
4.222392421336448
0
0
2.222392421336448
0
0
0
0
0
0
0
0
0
2.6374299206152916
0
0
0
0
0
0
0
0
0
0
0
0
0
0
0
0
0
0
0
0
0
0
6.970853654340483
0
0
0
0
0
0
0
0
0
0
0
0
0
0
0
0
0
0
2.0
0
0
0
0
0
0
0
0
0
0
0
0
0
0
0
0
0
0
0
0
2.222392421336448
0
0
0
0
0
0
0
0
0
0
0
0
0
0
0.851378898001774
0
0
0
0
0
0.0
0
0
0
0.0
0
0
0
0
0
0
0
0
0
0
0
0
2.2865410041330376
0
0
0
0
0
0
0
0
4.807354922057604
0
0
0
0
0
0
0
8.444784842672895
0
0
0
0
0
0
0
0
0
0
0
0
0.7198920808072646
0
2.222392421336448
0
0
0
0
0
0
0
2.106915203916512
0
0
0
0
0
0
0
1.4854268271702418
0
0
0
0
0
0
0
0
0
0
0
0
0
0
0
0
0
0
0
0
0
0
0
0
0
0
0
0
0
0
0
0
0
0
0
0
0.8300749985576875
6.444784842672896
0
0
0
0
0
0
0
0
0
0
0
2.807354922057604
0
0
0
0
0
0
0
0
0
0
0
0
0
0
0
0
0
0
0
0
0
0
0
0
0
0
0
0
0
0
0
0
0
0
0
0
0
0
0
0
0
0
0
0
0
0
0
0
0.6310036514558588
0
0.5594274086140185
0
0
0
0
0
0
0
0
0
0
0
0
0
0
0
0
0
0
0
0
0
0
0
0
0
0
0
0
0.3155018257279294
0
0
0
0.5055321407599334
0
0
0
10.456280481510724
4.807354922057604
17.427134135851208
0
0
0
5.807354922057604
0
0
0
1.0524674198941355
0
0
0
0
0
2.0
0
2.347923303420307
0
0
0
0
0
0
0
0
0
1.985861687360123
0
0
0
0
0
0
0
2.807354922057604
0
0
0
2.106915203916512
6.970853654340483
0
0
0
0
0
0
0
0
0
0
0
0
0
5.807354922057604
0
0
4.807354922057604
0
0
0
0
0
0
0
0
0
0
0
0
0
0
0
0
0
0
0
0
0
0
0
0
0
0
0
0
0
0
0.6539949291315182
0
5.807354922057604
0
0
0
0
0
0
0
2.6374299206152916
0
0
0
0
0
0
0
0
1.3561438102252754
0
0
0
0
0
0
0.44478484267289603
0
0
0.6374299206152918
0
0
0
0
0
0
0
0
0
0
0
0
0
0
0
0
0
0
0
0
0
0
0
0
0
0
0
0
0
0
0
0
0
0
0
0
0
0
0
0
11.614709844115207
0
0
0
0
0
0
0
0
2.807354922057604
2.106915203916512
0
0
0
0
0
0
0
0
0
4.222392421336448
0
0
0
0
0
0
0
0
0
0
0
0
1.1069152039165118
0
0
0
0
0
0
0
0
0
0
0
0
0
0
0
0
0
0
8.444784842672895
4.807354922057604
0
0
0
0
0
0
0
0.8073549220576041
0
0
0
0
0
0
0
0
0
0
0
0
0
0
0
0
0
0
0
0
0
0
0
0
0
0
0
0
0
0
7.3672719392589485
7.912289761845875
0
0
0
0
0
0
0
0
0
0
0
0
0
0
0
5.807354922057604
0
0
0
0
0
0
5.274859841230583
6.0
0
0
0
0
6.8252688933658305
3.4854268271702415
2.0
0
0.8531586116707288
0
0.6958466068406136
0
0
0
0
0
0
0
0
0.46791375359299836
0
0
0
0
0
0
0
0
1.0
0
0
0
0
0
3.8009286528981714
0
0
0
0
0
0
0
0
0
0
0
0
2.106915203916512
0
0
0
0
0
0
0
0
1.2451124978365313
0
0
2.5594758350121865
0
0
0
0
0
0
0
0
0
0
0
0
0
0
0
0
5.807354922057604
0
0
0
0
0
0
0
0
0
0
3.807354922057604
0
0
0
0
0
0
0
0
0
0
0
0
0
0
0
0
0
0
0
0
0
0
0
0
0
0
0
0
0
0
0
0
0
0
0
0
0
0
0
0
0
0
0
0
0
0
0
0
0
0
5.807354922057604
0.5397183203444346
0
0
0
0
0
0
2.807354922057604
0
0
0
1.0110642815198667
0
0
0
0
0
0
0
2.106915203916512
0
0
0
5.807354922057604
0
0
0
0
0
0
0
0
0
4.807354922057604
7.614709844115208
0
0
0
0
0
3.2748598412305836
0
0
0
0
3.4854268271702415
0
0
0
0
0
0
0
0
0
0
0
4.222392421336448
0
0
0
0
0
0
0
2.4854268271702415
0.8073549220576041
0
0
0
0
0
0
0
0
0
0
0
0
0
0
0
0
0
5.807354922057604
5.807354922057604
0
0
0
0
0
0
0
0
0
0
0
0
0
0
0
0
0
1.0
0
0
0
5.807354922057604
0
0
0
0
2.0
0
0
0
0
0
0
0
0
0
0
0
0
0
0
1.2748598412305836
0
0
0
4.807354922057604
0
0
0
0
4.807354922057604
0
0
0
0
0
0
0
0
4.807354922057604
0
0
0
0
0
0
0
4.807354922057604
0
0
2.6374299206152916
0
3.222392421336448
0
0
0
0
0
0
0
0
0
6.0
0
0
0
0
0
0
3.851378898001774
2.104934839788271
0
0
0
7.427134135851209
0
0
0
0
0
0
0
0
7.614709844115208
3.0
0
0
0
0
2.347923303420307
0
0
0
0
0
0
0
0
0
0
0
0
0
0
0
0
0
0
0.8531586116707288
1.6374299206152918
0
0
0
2.5675859320011827
0
0
0
0
0
0
0
0
0
0
0
0
0
0
0
0
0
0
0
0
2.106915203916512
5.614709844115208
0
0
0
0
0
0
0
0
0
0
0
0
0
1.1634987322828796
0
0
0
0
0
0
0
0
0
12.667177264009343
0
0
2.4854268271702415
0
0
4.222392421336448
0
11.614709844115207
0
0
0
0
0
0
0
0
0
0
0
0
0
0
0
0
0
0
0
0
0
0
4.807354922057604
0
0
0
0
0
0
0
0
0
0
0
0
0
0
0
0
0
0
0
0
0
0
0
0
0
0
6.0
0
0
0
0
0
3.6671772640093443
0
0
1.0437699102609204
0
0
3.4854268271702415
0
0
0
0
0
0
0
0
0
0
0
1.8987478538600642
0
0
0
0
0
0
0
0
0
0
0
0
0
0
0
0
0
0
0
0
0
0
0
0
0
0
0
0
0
0
0
0
0
0
0
0
0
0
0
0
0
0
0
0
0
0
0
0
0
0
0
3.222392421336448
0
0
0
0
0
0
0
0
0
0
0
0
0
0
0
0
0
0
0
0
0
0
0
0
0
0
0
0
0
0
0
0
0
0
0
0
0.9708536543404833
0
0
0
0
0
0
0
0
0
0
0
0
0
0
0
4.444784842672896
0
4.807354922057604
0
0
0
0
0
0
0
0
0
0
0
0
0
0
0
2.807354922057604
0
0
0
10.524674198941355
0
0
0
0
0
0
0
0
0
0
0
0
0
0
0
0
0
1.2837929660005913
0
0
0
2.0751874963942187
0
0
0
0
5.807354922057604
0
4.807354922057604
0
0
0
0
0
0
0
0
0
0
0
0
0
0
2.6374299206152916
0
0
0
0
0
0
0
0
0
5.807354922057604
0
0
0
0
0
0
0
0
0.44478484267289603
0
0
0
0
0
0
0
0
0
0
0
0
0
0
0
0
0
0
0
5.807354922057604
0
0
0
0
0
0
0
0
3.807354922057604
0
0
2.444784842672896
7.614709844115208
0
0
0
0
0
0
0
0
0
0
0
0
2.807354922057604
0
0
2.807354922057604
0
0
6.970853654340483
0
0
0
0
0
0
0
0
0
0
0
0
0
0
0
0
0
0
0
0
0
0
0
0
0
0
0
0
0
0
0
0
0
0
0
0
13.682076458623762
0
0
0
0
0
0
0
0
0
0
0
0
0
1.702757796003548
0
0
2.347923303420307
0
0
0.2527660703799667
0
0
0
0.07798562559883307
0
0
0
0
0
1.2837929660005913
0
0
0
0
0
8.0
0
0
2.807354922057604
0
0
1.5594274086140185
0
0
0
0
0
0
0
0
0
0
0
0
0
0
0
0
0
0
0
0
0
0
0
0
0
0
0
11.614709844115207
0
4.807354922057604
0
0
0
0
0
0
0
0
1.9004643264490857
0
0
0
0
0
0
0
0
0
0
0
0
0
0
0
0
0
0
0
4.807354922057604
0
0
0
4.807354922057604
0
0
0
0
0
0
0
0
0
0
0
0
0
0
0
0
0
0
0
0
0
0
0
0
0
0
0
5.807354922057604
11.614709844115207
0
0
0
0
2.6374299206152916
1.7063172233414576
0
0.9493739269300321
0
0
0
2.807354922057604
0.48542682717024166
1.0524674198941355
0
0
1.8073549220576042
0
0
0
0
0
0
0
0
0
25.26619429851844
0
0
0
1.524360669422025
0
0
0
0
2.2138304078330235
0
0
0
0
0
0
0
0
0
0
0
0
0
0
0
0
0
1.6147098441152081
0
0
0
0
0
0
0
0
0
0
0
2.6374299206152916
0
0
0
0
0
0
0
0
0
0
1.5594274086140185
0
0
0
0
0
5.807354922057604
0
0
0
0
0
0
0
0
0
1.5594274086140185
0
0
0
0
0
0
0
0
0
0
1.3479233034203069
0
7.427134135851209
0
0
0
0
0
0
0
0
0
4.222392421336448
0
0
0
0
0
0.10691520391651188
0
0
6.970853654340483
0
0
0
0
0
0
0
0
0
0
1.0524674198941355
0
0
0
0
0
4.807354922057604
0
0
0
0
0
0
3.222392421336448
0
0
0
0
0
7.456280481510724
0
0
0
0
0
0
0
0
0
0
0
0
2.807354922057604
0
0
0
0
0
0
0
0
0
0
0
0
0
0
0
0
0
0
0
0
0
0.9004643264490856
0
0
0
0
0
0.22239242133644802
0
0
0
0
0
0
0
0
0
0
2.347923303420307
0
0
0
0
0
0
0
0
0
0
2.4854268271702415
0
0
0
0
0
0
0
1.222392421336448
0
0
0
0
0
0
0
0
0
0
0
0
0
0
0
0
0
0
2.6374299206152916
0
0
1.4150374992788437
0
2.222392421336448
0
0
0
0
0
0
0
0
0
0.0
0
0
0
0
0
0
0
0
5.807354922057604
0
0
0
1.222392421336448
0
0
0
0
0
0
0
0
0
0
0
2.698817504637123
0
0
0
0
0
0
0
0
0
0
0
3.0
0
2.104934839788271
0
0
0
0
0
0
0
0
0
0
0
0
0
0
0
0
0
0
0
0
1.6147098441152081
3.851378898001774
0
0
0
0
0
14.0
0
0
4.807354922057604
0
0
5.807354922057604
0
0
0
0
0
0
0.23830340248321474
0
0
0
0
0
0
1.6374299206152918
0
0
0
0
0
0
0
0
0
0
0
0
0
0
0
0
0.18196645973061049
0
0
0
0
0
0
0
0
0
0
0
0
0
0
0
0
0
0
0
0
0
0
0
0
0
0
0
0
0
0
0
0
0.41973935915308386
0
0.6374299206152918
0
0
0
0
0
0
0
0
0
0
0
0
0
0
3.4854268271702415
0
0
0
1.222392421336448
0
0
0
0
0
0
0
0
0
0
0
0
0
0
0
0
0
0
0
0
0
0
0
0
3.807354922057604
0
0
0
0
0
0
0
0
0
0
2.106915203916512
0
0
0
0
0
0
0
0
0
0
0
0
0
0
0
0
0
0
0
0
0
0
0
0
1.3479233034203069
0
0
14.422064766172811
0
0
0
0
0
5.807354922057604
0
0
3.8009286528981714
0
2.0
0
0
0
0
0
0
0
0
0
0
0
0
2.6374299206152916
0
0
0
0
0
0
0
0
0
0
0
0
0
0
0
0
0
0
0
0
0
0
0
0
0
1.7063172233414576
0
0
4.807354922057604
0
0
0
0
0
1.5594274086140185
0
0
4.807354922057604
0
0
0
0
4.807354922057604
4.807354922057604
0
0
0
0
0
0
0
0
0
3.4854268271702415
0
1.0439054063907116
0
3.222392421336448
0
0
0
0
0
0.32074561174953564
0
0
0
0
0
0
0
0
0
0
0
0
0
0
0
0
0
0
0
0
0
0
0
3.222392421336448
0
0
0
0
0
0
0
0
0
0.4276608156660475
0
0
0
0
0
0
0
0
1.6374299206152918
0
0
0
0
1.9122897618458754
2.6374299206152916
2.807354922057604
0
0
0
0
0
0
0
0
0
0
0
0
0
0
0
0
0
0
0
0
4.807354922057604
0
0
1.4150374992788437
0
0
0
0
0
0
3.222392421336448
0
0
0
0
0
0
0
0
0
0
0
0
0
0
0.6780719051126377
0
0
0
0.3479233034203068
0
0
0
0
0
0
0
0
0
0
0
0
0
0
0
0
0
0
0
0
0
0
2.222392421336448
0
0
0
0
0
0.0
0
0
0
0
0
3.807354922057604
0
0
0
0
0
0.21383040783302376
0
0
0
0
0
0
0
0
0.6374299206152918
0
0
5.807354922057604
0
1.793704669285963
0
0
0
0
0
0
0
0
0
0
0
0
0
0
0
0.8300749985576875
5.807354922057604
0
0
0
0
0
0
0
0
0
0
0
0
0
0
1.4397841616145293
0
2.0
0
0
0
0
0
0
0
0
0
0
0
0
0
0
0
5.807354922057604
9.614709844115207
0
0
0
0
0
0
0
0
0
0
0
0.7198920808072646
0.41503749927884376
0
0
0
0
0
0
0
0
0
0
0
0
0
0
0
0
0
4.222392421336448
2.807354922057604
0
0
0
0
0
1.9004643264490857
0
0
0
0
0
0
0
0
0
0
0
0
0
0
0
0
0
0
0
0
0
0
0
0
0
0
0
0
0
0
0.6780719051126377
0
2.222392421336448
0
0
0
0
0
0
0
0
3.4397841616145293
0
0
0
0
0
0
0
0.9493739269300321
0
0
2.4854268271702415
0
0
0
0
0
0
0
0
0
0
0
0
0
0
0
0
0
0
0
1.4189648300029567
0
0
0
0
0
0
0
4.0
0
0
0
0
0
0
0
0
0
0
0
0.49049619684863865
0
0
0
0
0
0
0
0
0
0
5.807354922057604
0
0
0
0
0
0
2.4854268271702415
0
0
0
0
0
0
0
0
2.106915203916512
0
3.807354922057604
0
0
0
0
0
0
0
0
0
0
0
0
5.807354922057604
0
0
0.9004643264490856
0
0
0
0
0
0
0
0
0
0
0
1.222392421336448
0
0.0
0
0
0
0
2.347923303420307
0
0
0
0
0
0
0
0
0
0
0
0
0
0
0
0
0
0
0
0
0
0
0
0
0
0
0
0
0
0.5397183203444346
0
0
0
0
4.807354922057604
0
0
0
0
0
0
0
0
0
2.0
0
0
0
0
0
0
0
0
0
5.807354922057604
0
6.444784842672896
0
0
0
0
0
0
0
0
0
0
0
0
0
0
0.18196645973061049
5.807354922057604
0.9708536543404833
0
0
0
0
0
0
0
0
0
0
0
0
0.6310036514558588
0
0
0
0
0
0
0
0
0
0
0
0
0
0
0
0
0
0
0
5.807354922057604
0
0
0
18.0
0
0
0
0
0
2.698817504637123
0
0
0
1.2837929660005913
0
0
0
0
0
0
0
0
0
0
0
0
0
0
0
0
0
0
0
0
0
0
0
0
0
0
0
3.222392421336448
0
1.1069152039165118
0
0
0.38529015588479165
0
0
0
0
0
0
0
0
0
0
0
0
0
0
0
0
0
0
0
0
0
0
0
0
0
0
0
4.807354922057604
0
0
0
0
3.851378898001774
0
0
0
0
0
0
0
0
0
0
0
0
0
0
1.5594274086140185
0
0
1.8073549220576042
0
0
0
0
0
0
0
0
0
0
0
0
0
0
0
0
0
0
1.3343545280186881
2.6374299206152916
0
0
0
5.807354922057604
0
0
0
0
0
0
5.807354922057604
0
0
3.807354922057604
0
0
0
0
0
8.638704969687176
1.4854268271702418
0.7705803117695833
0
0
0
0
2.347923303420307
0
2.807354922057604
0
0
0.3148045193648129
0
0
4.222392421336448
10.456280481510724
0
0
0
0
0
0
0
0
2.0
0
0
0
0
0
0
0
0
0
0
0
0.9004643264490856
0
0
0
0
0
0
0
0
3.2748598412305836
0
0
0
0
0
0
4.807354922057604
0
0
0
1.7198920808072646
0
0
0
0.5675859320011827
0
0
0
0
0
0
0
0
0
0
0
0
0
0
0
0
0
0.5219527031953558
0
0
0
0
0
3.222392421336448
0
0
5.807354922057604
0
0
0
0
0
0
0
0
0
0
0
0
0
0
0
0
17.42206476617281
0
0
0
0
0
0
0
0
0
0
0
0
42.22392421336448
1.0437699102609204
0
0
11.422064766172813
0
0
0
0
0
0
0
0
0
0
0
0
0
0
0
0.10493483978827096
0
1.7063172233414576
0
5.807354922057604
0
1.2837929660005913
0
0
0
0
0
0
0
0
0
0
0
0
0
0
0
0
0
0
0.4047887402583259
0
0
0
0
0
0
0
0
0
0
0
0
0
0
0
0
0
0
0
0
0
0
0
0
0
2.087810812781423
0
0
0
0
0
0
0
0
0
0
0
1.9004643264490857
0
0
0
0
0
0
0
0
0
3.2859589149395667
0
0.3155018257279294
0
0
0
0
0
0
0
0
0
0
0
0
0
2.347923303420307
0
0
0
9.0
5.701392979347257
0
3.807354922057604
0
0
0
0
0
0.5979015564286544
0
0
0
0
0
0
0
0
0
0
0
0
0
0
0
0
2.222392421336448
0
0
0
0
0
0
0
1.222392421336448
0
0
0
2.106915203916512
0
0
0
0
0
0
0
0
0
0
0
0
0
0
0
0
0
0
0
0
0.13492958008610864
0
0
0
0
0
0
0
0
0
0
0
0
0
0
0
0
0
0
2.807354922057604
0
0
0
0
0
0
0
0
0
0
0
2.0
0
0
0
0
0
0
0
0
3.0
0
0
0
0
0
0
0
0
6.0
0
0
0.41503749927884376
0
0
0
0
0
4.0
0
0
0
0
0
4.807354922057604
0
0.36727193925894835
0
0
5.807354922057604
0
0
0
2.208512780095506
0
0
2.0
0
0
0
0
0
0
0
0
0
7.075187496394219
0
0
0
0
0
1.0439054063907116
0
0
0
0
0
0
0
0
0
0
0
0
0
0
0
0
0.18196645973061049
5.614709844115208
0
0
0
0
0
0
0
0
0
0
0
0
0
0.5345760195825594
0
0
0
0
0
0
0
0
0
0
0
0
0
0
0
0
0
0
0
0
0
0
0
0
0
0
1.1351718640023654
0
0
0
0
0
0
0
0
0
0
0
0
0
0
0
0
0
0
0
0
0
0
0.8895696853457921
0
0
1.2829824469981426
0
0
0
0
0
0
0
0
0
0
0
3.0
0
3.8009286528981714
0
0
0
0
0
0
0
0
0
0
0
0
0
0
0
0
0
0
0
0
0
0
0
0
0
0
0
0
0
0
0
0
1.4150374992788437
0
0.0
0
2.989507782143272
0
0
0
0
0
0
0.4498029174395205
0
0.8095774805166518
0
0
0
0
0
0
1.1069152039165118
0
0
0
0
0
0
0
0
0
0
0
0.5979015564286544
0
0
0
0
0
0
0
0
0
0
0
0
0
0
0
0
0
0
0
0
0
0
0
0
0
0
0
1.1634987322828796
0
0
0
0
0
0
0
0
1.118854817228037
0
0
0
0
0
0
0
0
0
0
0
0
0
0
0
2.106915203916512
0
0
0
0
0
0
0
0
0
0
0
0
0
0
0
0.0
0
0
0
0
0
0
0
0
0
0.5560412724608343
0
0
0
0
0
0
0
0
0
0
0
0
0
0
1.0524674198941355
0
0
0
0
0
0
0
0
0
0
0
0
0
0
0
0.5560412724608343
0
5.807354922057604
2.5594758350121865
0
0
0.7629608026991507
0
0
0
0
0
0
0
0.6746479004305432
2.9708536543404835
0
0
0
0
0.0
0
0
0
0
0.2623370994706774
0
0
0
0
14.422064766172811
0
0
0
5.807354922057604
0
0
0
0
0
0
0
3.807354922057604
0
0
0
0
0
0
0
1.7338057014815624
0
0
0
0
0
0
0
0
0
0
0
0
0
0
0
0
0
0
0
0
0
0
0
0
0
0
0
0
0
0
0
0
0
0
0
0
0
0
0
0
0
0
0
0
0
0
0
0
0
5.807354922057604
0
0
0
0
0
0
0
4.807354922057604
0
0
0
0
0
0
0
0
0
0
0
0
0
0
0
0
0
1.9054508367775314
0
0
0
0
0
0
2.4854268271702415
0
0
0
2.4854268271702415
0
0
0
0
0
1.5259216053983014
0
0
0
0
0
0
0
0
0
0
0
0
0
0
0
0
0
0
0
0
0
0
0
0
0
0
1.3479233034203069
0
0
0
0
0
0
0
0
0
0
0
0
1.8073549220576042
0
0
0
0.0
0
0
0
0.7198920808072646
0
0
0
0
0
0
0
0
0
0
0
0
0
0
0
0
0
0
0
0
0
0
1.0524674198941355
0
0
0
0
0
0
0
0
0
0
0
0
0
0
0
0
0
0
0
0
0
1.0
0
0
0
0
0
0
0
0
0
3.807354922057604
0
0
0
0
0
0
0
0
0
0
0.9004643264490856
0
0
0
0
0
0
0
0
0
0
0
0
0
0
0
0
0
0
0
0
0
0
0
0
0
0
0
0
3.807354922057604
0
0
0
0
4.807354922057604
0
4.222392421336448
0
2.8300749985576874
0
0
0
0
0
0
0
0
0.6958466068406136
0
0
0
4.854268271702416
0
0
0
0
8.0
4.0
0
0
0
0
0
0
0
0
0
0
0
0
0
0
0
0
0
0
0
0
0
0
0
0
0
0
0
0
0
0
0
0.6374299206152918
5.979015564286544
0
1.8073549220576042
0
0
0
0
0
0
0
4.807354922057604
0
0
0
0
0
0
0
0
0
0
0
0
0
0
0
0
0
0
0
0
0
0
0
0
0
4.807354922057604
4.807354922057604
0
0
0
0
0
0
0
0
0
11.614709844115207
0
0
0
0
0
0
0
0
3.222392421336448
0
0
0
3.807354922057604
0
0
0
0
0
0
0
0
0
0
0
0
0
0
0
2.106915203916512
0
0
0
0
0
0
0
12.667177264009343
0
0
3.0
0
0
0
0
0
0
0
3.222392421336448
0
0
0
0
0
0
0
0
0
0
0
0
0
0
0
1.4150374992788437
0
0
0
0
0
0
0
0
0
3.0
0
0
0
0
0
0
0
0
0
0
0
0
0
0
0
0
0
0
0
0
0
0
0
0
0
0
0
0
0
0
0
0
0
0
0
0
0
3.807354922057604
0
0
0
0
0
0
1.3479233034203069
0
0.5219527031953558
0
0
0
0
3.807354922057604
0
0
0
0
0
0
0
0
0
0
2.807354922057604
0
0
0
0
0
0
0.5594274086140185
4.222392421336448
0
3.807354922057604
0
0
0
0
0
0
0
0
0
0
0
5.807354922057604
0
0
0
0
0
0
4.222392421336448
0
0
0
0
0
0
0.3971723374720246
0
0
0
0
0
0
0
0
0
0
0
4.0
0
0
0
0
0
0
0
0
0
0
2.4854268271702415
4.222392421336448
0
0
0
0
0
2.347923303420307
0
0.5594274086140185
0
0
0
0
3.807354922057604
4.222392421336448
0
0
0
0
0
0
0
0
0
0
0
0
0
0
0
0
0
0
0
0
0
0
0
0
0
0
0
0
3.4854268271702415
0
0
0
0
0
0
0
0
0
0
0
0
0
0
0
3.807354922057604
0
0
0
0
0
0
0
4.222392421336448
1.1069152039165118
0
0
0
0
0
0
0
0
0
0
0
0
0
0
0
0
0
0
0
0
9.614709844115207
4.222392421336448
0
0
0
0
0
0
0
0
0
0
0
0
0
0
0
0
0
0
0
0
0
0
0
0
0
0
0
0
0
0
0
0
0
0
0
0
0
0
0
0
0
0
0
0
8.889569685345792
0
0
0
0
0
0
0
0
0
0
0
0
0
0
0
0
0
0
0
0
0
0
0
0
0
0
0
0
0
0
0
0
0
0
0
0
0
0
0
0
0
0
0
0
5.807354922057604
0
0
0
0
0
0
0
0
0
0
0
0
0
0
2.347923303420307
0
0
0.10493483978827096
0
0
0
0
0
0
0
2.347923303420307
0
0
0
0
0
0
0
0
0
0
0
0
0
0
0
0
0
0
0
0
0
0
0
0
0
0
0
0
0
0
0
0
2.222392421336448
0
0
4.807354922057604
0
0
0
0
6.444784842672896
0
5.807354922057604
0
0
0
0
2.6374299206152916
0
0
0
0
5.807354922057604
0
0
0
0
0
0
0
0
0
0
0
0
0
0
0
0
0
0
0
0
0
0
0
0
6.320745611749536
0
1.6374299206152918
0
0
0
0
0
0
0
0
3.6147098441152083
0
0
0
0
0
0
0
0
0
0
0
0
0
0
0
0
0
0
0
0
0
0
0
5.807354922057604
0
0
4.807354922057604
0
0
0
0
5.807354922057604
0
0
0
0
0
0
0
0
0
0
0
0
0
0
0
0
0
0
0
0
0
0
0
0
0
0
0
0
0
0
4.222392421336448
0
0
0
0
4.807354922057604
0.44478484267289603
0
0
0
0
0
0
0
0
0
0
0
0
0
0
2.6958466068406137
0
0
0
0
0
0
0
0
0
0
9.614709844115207
0
0
0
0
0
0
0
0
0
0
0
0
0
5.807354922057604
0
0
0
0
0
0
0
0
0
0
0
0
0
0
0
0
0
1.1069152039165118
0
0
1.1634987322828796
0
0
5.807354922057604
3.222392421336448
0
0
0
0
0
0
0
0
1.0524674198941355
0
0
0
0
0
0
0
0
0
0
0
0
0
0
0
0.8073549220576041
0
2.3916062257146176
0
0
0
0
0
0
0
0
0
0
0
1.9417073086809666
0
0
0
0
0
0
0
0
0
0
0
0
0
0
0
0
0
0.5594274086140185
0
0
0
0
0
1.2837929660005913
0
0
0
0
5.807354922057604
0
0
0
0
0
0
0
0
0
0
0
0.2527660703799667
0
0
0
0
0
0
0
0
0
0
0
0
0
0
0
0
0
0
0
0
0
0
0
0
0
0
0
0
0
1.0
0
0
0
0
0
0
0
0
0
0
0
0
0
3.4854268271702415
1.4854268271702418
0
0
0
0
0
2.989507782143272
0
0
0
0
0
0
0
0
0
0
0
0
0
0
0
0
0
0
0
3.2748598412305836
0
0
2.106915203916512
0
0
0
0
0
0
0
0
0
0
0
0
0
0
0
0
0
0
0
0
0
0
0
0
0
0
0
0
0
0
0
0
0
0
0
4.222392421336448
0
0
0
0
0
0
0
0
3.222392421336448
0
0
0
0
0
0
0
0.20986967957654193
0
0
0
0
0
0
0
0
0
0
0
0
0
0
0
0
0
0
0
0
0
0
0
0
0
0
1.118854817228037
0
0
0
4.74686963465016
0
0
3.4854268271702415
0
0
0
0
0
0
0
0
0
0
5.807354922057604
0
0
0
0
0
0
0
0
0
0
0
0
0
0
0
0
0
0
2.2138304078330235
0
0
0
0
2.106915203916512
0
0
0
0
0.6780719051126377
0
0
0
0
0
0
0
0
0
0
0
1.7198920808072646
0
0
0
0
0
0
0
0
0
0
0
9.391693213681227
4.222392421336448
5.807354922057604
0
0
0
0
0
0
0
0
0
0
5.807354922057604
0
0
0
0
0
0
0
0
0
1.6147098441152081
0
0
0
0
0
0
0
0
7.614709844115208
4.807354922057604
0
0
0
0
0
0
0.20796166826355483
0
0
0
0
0
0
1.7198920808072646
0
0
0
0
0
0
0
0
0
0
0
0
0
0
0
0.28379296600059134
0
0
0
0
0
0
0
0
0
0
0
0
0
0
0
0
0
3.0
0
0
1.8073549220576042
2.4854268271702415
0
3.4854268271702415
6.970853654340483
0
0
0
0
0
0
0
2.2865410041330376
0
0
0
0
0
0
0
0
0
0
0
0
0
0
0
0
0
0
0
0
0
0
0
0
0
0
0
0
0
0
0
0
0
0
0
0
0
0
0
0
0
0
0
0
0
0
0
0
0
0
0
5.274859841230583
0
0
0
0
0
0
0
0
0
0
3.4854268271702415
0
0
0
0
0
0
0
0.12997604266472176
4.807354922057604
0
0
0
0
0
0
0
0
0
0
0
0
0
0
0
0
0
0
0
0
0
0
0
0
0
0
0
0
0
0
0
0
0
0
0
5.807354922057604
0
0
1.577509128639647
0
0
0
0
28.891101477373827
0
0
0
0
0
0
0
0
0
0
0
0
0
0
0
0
0
0
0
0
0
0
6.0
0
0
0.48542682717024166
0
0
3.0
0
9.614709844115207
0
3.807354922057604
0
0
0
0
0
0
0
0
0
0
0
0
0
0
0
0
0
0
0
0
0
0
0
0
0
0
3.4854268271702415
0
0
0
0
0
0
0
0
6.0
2.444784842672896
0
0
0
0
0
0
0
0
0
0
0
0
0
0
0
0
0
0
0
0
0
0
0
0
0
0
0
0
0
0
0
0
4.222392421336448
0
0
1.0524674198941355
0
0
0
0
0
0
0
0
0
0
0
0
0
0
9.614709844115207
0
0
0
0
0
0
0
0
0
0
0
0
0
0
0
0
0
0
0
0
0
0
0
0
0
0
0
0
0
0.3155018257279294
0
0
0
0
0
0
0
0
0
0.5397183203444346
3.4397841616145293
0
1.222392421336448
5.807354922057604
0
0
0
0
0
0
0
0
0
0
0
0
0
0
0
0
0
0
0
0
0
0
0
0
0
0
0
0
0
0
0
0
0
0
0
0
0
0
0
0
0
0
0
3.4854268271702415
0
2.6958466068406137
0
0
0
0
0
1.4150374992788437
0
0
0
0
0
0
0
0
0
0
0
0
0
0
0
0
0
0
0
0
0
0.48542682717024166
0
0
0
0
0
0
0
3.0
0
0
4.807354922057604
0
0
0
0.6414912234990713
0.22239242133644802
0
0
0
0.0
0
0
0
0
0
0
0
0
0.519904170658887
0
0
0.41973935915308386
0
0
3.4397841616145293
0.3155018257279294
0
0.19264507794239583
0
0
0
1.9619847873945546
0
2.779795301829309
4.222392421336448
0
0
1.6374299206152918
0
1.0110642815198667
0
0
0
0
0
0
0
0
0
0
0
0.0
0
0
0
0
0
0.15886893498880983
0
0
0
0
0.5979015564286544
0
3.6147098441152083
0
0
0
0
0
0
0
0
0
0
0
0
0
0.44478484267289603
3.0
4.222392421336448
0
4.807354922057604
0
0
0
0
3.4854268271702415
0
0
0.2859472938623879
0
0
0
0
0
0
0
0
0
0.3155018257279294
0.2698591601722173
0
0
0
0
0
0
0
0
0
0
0
0
0
0
0
0
0
1.3479233034203069
0
0
0
0
0
0
0
0
0
0
0
0
0
0
0
0
4.456280481510725
0
0
0
0
0
0
0
0
0
0
0
9.0
0
0
0
0
0
0
0.851378898001774
0
0
0
0
0
0
0
0
0
0
0
0
0
0
0
0
0
0
0
0
0
0
0
0
0
0
0
0
0
0
0
0
0
0
0
0
0
0
0
0
0
0
0
0
0
0
0
0
0
0
0
0
2.8481217807900965
0
0
0
0
0
0
0
0
0
0
0
0
0
0
0
0
0
0
2.347923303420307
3.0
1.0524674198941355
0
0
0
0
0
0
0
0
0
0
0
1.8009286528981712
0
0
0
0
0
0
0
0
0
0
0
0
0
1.0524674198941355
0
0
0
0
0
0.12997604266472176
0
0
0
0
0
0
0
0
0
0
0
0
0
0
0
0
0
0
0
0
0
0
0
0
0
0
0
0
0
0
0
0
0
0
0
0
0
0
0
0
0
0
0
0
0
0
0
0
0
0
0
0
0
0
0
0
0
0
0
0
0
0
0
0
0
0.4047887402583259
0
0
0
0
0
0
0
0
0
0
0
0
0
12.889569685345792
0
0
0
0
0
0
0
0
0
0
0
0
0
0
0
0
0
0
0
0
0
0
0
0
0
0
0
0
0
0
2.222392421336448
0
0
0
0
0
0
0
0
0
0
0
1.1069152039165118
1.7063172233414576
0
0
0
0
0
0
0
0
0
0
0
0
0
0
0
0
0
0
0
0
0
0
0
0
0
0
0
0
0
0
0
0
0
0
0
0
0
0
0
0.8300749985576875
0
0
1.3479233034203069
0
4.222392421336448
0
0
0
0
0
0
8.444784842672895
0
0
0
0
0
0
0
0
0
0
0
0
4.807354922057604
0
0
0
0
0
0
0
0
0
0
0
0
0
0
0
0
0
0
0
0
0
0
0
0
0
0
0
0
0
0
0
2.4902249956730627
4.807354922057604
0
0
0
0
0
0
1.0691520391651188
0
0
0
0
0
0
0
0
0
0
0
0
0
0
0
0
0
0
0.15740225968240645
0
0
1.0
0
0
0
0
0
0
0
3.807354922057604
0
0
0
0
0
0
0
0.9708536543404833
2.6374299206152916
0
0
0
0
0
0
0
0
0
0
0
0
0
0
0
0
0.28379296600059134
0
0
0
0
0
0
0
0
0
2.326997464565759
0
1.7198920808072646
0
0
0
0
0
0
0
3.807354922057604
0
0
0
0
0
0
0
0.8531586116707288
0
0
5.807354922057604
0
0
0
0.4047887402583259
2.0
0
0
0
1.8009286528981712
0
0.4766068049664295
0
0
4.213830407833024
0
0.16349873228287956
0
0.48542682717024166
0
0
0
9.356564451684111
3.1486204220766436
1.4397841616145293
0
0.6374299206152918
0
0.0
0
0
0
0
0
0
0
3.2748598412305836
2.807354922057604
0.5219527031953558
0
0
0
4.222392421336448
5.807354922057604
0
0
4.695846606840614
4.807354922057604
0
0
0.0
0
0
0
0
0
0
2.087810812781423
0
0
0
0
0
0
0
0
0
0
0
0
0.0
0
0
0
0
0
14.422064766172811
0
0
0
0
1.799211669758082
0
0
0
3.2748598412305836
0
2.326997464565759
0
1.0437699102609204
0.5675859320011827
2.6374299206152916
0.899605834879041
0
0
1.2451124978365313
0
0.4047887402583259
0
0
0
0
0
0
0
0
0
0
3.735337493509594
0
0
0
0
0
0
0
0
11.614709844115207
8.444784842672895
1.7198920808072646
0
0
5.274859841230583
0
5.807354922057604
0
0
0
0
0
1.0794366406888691
0
0
0
0
0
0
0
0
0
0
0
0
0
0
2.0
8.0
0.3899281279941653
0
0
0
0
0
0
0
0
0.49049619684863865
0
0
0
0
0
0
0
0
0
0
0
0
