2.106915203916512
0
0
0
0
0
0
0
0
0
0
0
0
0
0
0
0
0
0
0
0
0
0
0
0
0
0
0
0
0
0
0
0
0
0
0
0
0
0
0
0
0
0
0
0
0
0
0
0
0
0
0
0
0
0
0
0
0
0
0
0
0
0
0
0
0
0
0
0
0
0
0
0
0
0
0
0
0
0
0
0
0
0
1.1069152039165118
0
5.807354922057604
0
0
0
0
0
0
0
0
0
0
0
0
0
0
0
0
0
4.222392421336448
0
0
0
0
0
0
0
0
0
0
0
0
0
0
0
0
0
0
0
0
0
0
0
0
0
0
0
0
0
0
0
0
0
0
0
0
0
0
0
0
0
0
0
0
0
0
0
5.807354922057604
0
0
0
0
0
4.807354922057604
11.614709844115207
0
0
0
1.1634987322828796
4.222392421336448
0
0
0
0
0
0
0
0
0
0
0
0
3.4854268271702415
0
0
0
0
0
3.0
0
0
0
0
0
0
0
0
0
0
0
0
0
0
0
0
0
0
0
0
0
5.807354922057604
0
0
0
0
0
0
0
0
0
0
5.807354922057604
0
4.222392421336448
0
0
0
0
0
0
0
3.2748598412305836
0
0
0
0
0
0
0
0
0
0
0
0
0
0
0
0
0
0
0
0
0
0
0
0
0
0
0
0
5.807354922057604
0
1.1069152039165118
0
0
0
0
0
0
0
0
0
0
0
0
0
0
0
0
0
0
0
0
0
0
0
0
0
0
0
0
0
5.807354922057604
0
0
0
0
0
0
0
0
0
0
0
0
0
0
0
0
0
0
0
0
0
0
0
0
0
0
0
0
0
0
0
0
0
0
0
0
0
0
0
0
0
0
0
0
0
0
0
0
0
0
0
0
0
0
0
0
0
0
0
0
0
0
0
0
0
0
0
0
0
0
0
0
0
0
0
2.347923303420307
0
0
0
0
0
0
3.807354922057604
0
0
0
0
0.6354757399552393
3.8009286528981714
0
4.807354922057604
0
0
0
3.0
2.347923303420307
0
0
0
0
0
0
0
0
0
0
1.0
0
0
0
0
2.807354922057604
0
0
0
0
0
0
0
0
0
0
0
0
0
0
0
4.0
0
0
0
0
0
0
0
0
0
4.807354922057604
2.326997464565759
4.222392421336448
0
0
0
0
0
0
0
0
0
0
0
0
0
0
3.807354922057604
0
0
0
0
0
0
0
2.91256096302145
0
0
0
0
0
0
0
0
0
0
0
0
3.807354922057604
0
0
0
0
0
0
3.0
0
0
3.4854268271702415
0
0
0
0
0
0
0
0
3.4854268271702415
0
0
0
0
0
0
0
0
0
0
0
0
0
0
0.9809923936972773
0
0
0
1.1120825449216687
0
2.3916062257146176
0
0
0
0
0
8.444784842672895
0
0
0
1.222392421336448
0
0
8.889569685345792
0
0
0
0
0
0
0
0
0
5.807354922057604
0
6.0
0
0
0
0
0
4.222392421336448
0
0
0
0
0
0
0
0
0
0
0
0
0
7.075187496394219
0
0
0
27.11032383086406
0
0
0
0
0
0.2859472938623879
0
0
4.222392421336448
4.807354922057604
0
4.653994929131518
0
4.222392421336448
6.444784842672896
0
0
0
0.0
0
0.46791375359299836
0
0
0
0
0
0
0
0
0
0.2859472938623879
0
0
0
0
0
0
0
0
0
0
0
0
0
0
0
0
1.8073549220576042
0
0
0
0
0
0
0
0.6310036514558588
0
0
0
0
0
0
0
0
0
0
0
0
0
0
0
0
0
0
0
0
1.3494087523185616
0
0
0
0
0.7629608026991507
0
2.326997464565759
0
0
0
0
3.4854268271702415
0
4.807354922057604
0
0
0
0
0
0
0
0
0
0
0
0
0
0
0
0
0
3.0
0
0
0
0
0
0
3.807354922057604
5.807354922057604
0
0
0
0
0
0
0
0
2.347923303420307
0
0
0
1.8073549220576042
0
0
0
0
0
0
0
6.444784842672896
0
0.7198920808072646
0
0
0
0
0
0
0
1.6374299206152918
0
0
4.807354922057604
0
0
5.807354922057604
0
0
0
0
0
3.807354922057604
4.807354922057604
0
0
0
2.222392421336448
0
0
0
0
0
2.4854268271702415
0
0
0
0
0
0
0
0
0
0
0
0
0
0
0
0
0
0
0
0
0
0
0
0
5.807354922057604
2.8300749985576874
3.807354922057604
0
0
0
0
0
0
0
0
0
0
0
0
0
0
0
0
0
0
0
0
0
0
0
0
0
0
0
0
0
0
0
0
0
0
0
5.807354922057604
0
0
0.9004643264490856
0
0
0
0
5.807354922057604
0
0.2698591601722173
0
0
0
0
0
0
0
0
0
0
0
1.8073549220576042
0
4.807354922057604
0
0
0
0
0
0
0
0
0
0
0
0
0
0
0
0
0
0
0
0
0
0
0
0
0
0
0
9.941707308680966
0
0
0
0
0
0
0
0
0
3.807354922057604
0
0
0
0
2.347923303420307
0
0
0
0
0
0
0
2.444784842672896
3.807354922057604
6.444784842672896
0
0
0
0
0.36727193925894835
0.6539949291315182
0
6.970853654340483
0
1.222392421336448
0
0
0
0
0
0
0
0
0
1.0439054063907116
0
0
0
1.1069152039165118
0
0
0
0
0
0
0
0
0
0
0
0
0
0
0
3.4854268271702415
1.222392421336448
0
0
4.807354922057604
0
0
0
2.106915203916512
0
0
4.222392421336448
0
5.2623370994706775
0
0
0
0
0
0.8300749985576875
0
0
0
0
0
0
0
0
4.807354922057604
0
1.4150374992788437
0.8531586116707288
0
0
0
0
0
4.807354922057604
0
0
0
0
0
0
0
0
0
0
0
3.4854268271702415
0
0
0
0
0
5.807354922057604
0
0
0
0
0
0
0
0
0
0
0
0
0
0
0
0
0
0
0
0
0
0
0
0
0
0
0
0
0
0
0
0
0
0
0
0
0
0
0
0
0
0
4.222392421336448
0
0
0
0
0
0
0
0
0
0
0
1.2451124978365313
0
0
0
0
0
0
0
0
0
0
0
6.237709634456074
0
0
0
0
4.222392421336448
5.807354922057604
0
0
0
0
0
4.807354922057604
0
0
0
0
0
5.274859841230583
0
0
0
0
0
0
4.222392421336448
0
0
0
0
0
0
0
0
0
0
0
0
4.807354922057604
0
0
0
0
0
0
0
0.7582982111399
0
0
0
0
0
0
0
0
0
0
0
0
3.807354922057604
0
0
0
0
0
0
0
0
0
0
0
1.6374299206152918
0
0
0
0
0
0.7198920808072646
0
2.222392421336448
0
0
0
0
0
0
3.4854268271702415
0
0
0
0
0
0
0
0
0
0.5675859320011827
0
0
0
0
0
0.0
0
0
0
0.0
0
0
0
0
0
0
1.8987478538600642
1.0524674198941355
0
3.6147098441152083
0
0
0
0
0
0
0
0
0
0
0
0
2.0
0
3.4397841616145293
1.4397841616145293
0
0
3.4854268271702415
0
0
0
0
0
0
0
0
5.807354922057604
0
0
0
0
2.159676242421794
0
0
0
0
0
0
0
0
0
0
0
0
0
0
0
0
0
0
0
0
2.222392421336448
0
0
0
0
0
0
0
0
0
0
0
0
0
0
0
0
0
0
0
0
5.807354922057604
0
0
0
0
0
0
0
0
0
0
0
0
1.2451124978365313
0
0
4.213830407833024
0
0
0
0
0
0
0
0
0
8.422064766172813
0
5.807354922057604
2.0
0
0
0.6671772640093441
0
0
0
0
0
4.695846606840614
5.807354922057604
0
0
2.106915203916512
2.347923303420307
0
0
0
0
0
4.807354922057604
0
0
0
0
0
5.807354922057604
0
0
0
0
0
0
0
0
0
0
0
0
0
0
0
0
0
0
0
0
0
5.034846677526167
0
4.807354922057604
0
0
0
0
0
0
0
0
0
3.222392421336448
0
0
0
0
0
0
0
0
0
0
0
0
0
0
0
0
0.6310036514558588
0
0
0
0
0
1.9004643264490857
9.0
3.4854268271702415
0
0
0
0
0
0
0
3.807354922057604
0
0
0
0
0
0
0
4.0
0
0
5.807354922057604
0
0
0
0
0
0
0
0
0.3971723374720246
0
0
0
0
0
1.6374299206152918
0
2.807354922057604
0
0
0
0
3.4854268271702415
0
0
0
0
0
0
0
0
0
0
0
0
11.614709844115207
0
18.0
5.807354922057604
0
0
0
0
0
0
0
0
0
0
0
0
0
0
0
0
0
0
0
0
0
0
0
0
0
0
4.222392421336448
0
0
0
0
0.16349873228287956
0
0
0
0
0
0
0
0
0
0
0
0
0
17.42206476617281
0
0
0
0
2.712287620450551
0
0
0
0
3.4854268271702415
0
0
0
0
1.2748598412305836
0
0
0
0
0
0
0
0
0
0
0
0
0
0
0
0
0
4.444784842672896
0
0
0
0
0
0
0
0
0
0
0
0
0
0
0
0
0
0
0
0
0
0
0
0
0
0
0
0
0
0
0
0
0
0
0
0
3.807354922057604
0
0
0
0
0
0
0
0
0
0
3.807354922057604
5.807354922057604
0
5.807354922057604
0
0
0
0
0
0
0
0
0
0
3.4854268271702415
0
0
0
0
0
0
0
0
0
5.807354922057604
0
0
0
0
0
0
0
0
0
0
0
0
0
0
4.807354922057604
0
0
0
0
0
5.807354922057604
0
0
0
0
0
0
0
5.807354922057604
2.4854268271702415
3.4854268271702415
0
0
0
0
0
0
3.4854268271702415
0
0
0
0
1.0524674198941355
0
0
0
0
0
0
0
0
0
0
0
0
0
0
0
0
0
0
5.807354922057604
2.104934839788271
0
0
0
0
0
3.4854268271702415
0
0
0
0
0
0
0
1.7063172233414576
0
0.6958466068406136
0
0
0
0
0
0
0
0
0.441918545060054
0
0
0
0
0
0
0
2.106915203916512
0
0
0
0
0
0
0
0
0
0
0
0
0
0
0
0
0
1.6374299206152918
0
2.106915203916512
0
0
0
0
0
0
0
0
0
0
0
0
0
5.807354922057604
0
0
0
0
4.807354922057604
0
0
8.444784842672895
0
0
0
0
0
0
0
0
0
0
0
0
0
0
0
0
0
0
0
0
0
3.807354922057604
0
0
0
0
0
0
0
0
0
0.6780719051126377
0
0
3.0
0
0
0
5.807354922057604
3.222392421336448
0
0
4.807354922057604
0
0
0
0
0
0
0
0
0
0
1.4854268271702418
0
0
0
0
0
0
0
0
0
0
0
0
0
0
0
0.5397183203444346
0
0
0
4.222392421336448
0
0
0
0
0
0
0.7582982111399
0
0
0
0
0
0
0
0
0
0
2.5675859320011827
0
2.6958466068406137
0
0
0
0
0
0
0
0
0
0
3.4854268271702415
0
0
0
0
1.6374299206152918
0
0
0
0
0
0
0
0
0
0
0
0
0
0
0
0
0
0
0
0
0
0
2.222392421336448
0
0
0.8073549220576041
0
5.807354922057604
11.614709844115207
0
13.3032502851436
0
0
0
0
5.135171864002365
0
0
0
0
0
0
0
0
0
0
0
0
0
0
0
0
0
0
0
0
0
0
3.4854268271702415
0
0
0
0
0
0
0
0
0
0
0
0
8.0
1.1634987322828796
0
0
0
0
0
0
0
0
0
0
5.807354922057604
0
0
0
0
4.807354922057604
0
0
1.222392421336448
0
0
11.614709844115207
0
0
0
0
0
0
0
0
0
0
0
0
0
0
0
0
0
0
0
0
0
0
0
0
0
0
0
4.807354922057604
0
0
0
0
3.0
0
0
0
3.4854268271702415
0
0
0
0
0
0
0
2.9708536543404835
0
0
0
0
0
0
0
4.807354922057604
0
0
4.222392421336448
0
0
0
0
0
0
0
0
0
0
0
0
9.941707308680966
0
0
0
0
0
0
0
0
4.807354922057604
1.7063172233414576
1.6374299206152918
0
0
2.222392421336448
0
0
0
0
0
0
0
0
0
0
0
0
0
4.222392421336448
0
0
0
0
11.422064766172813
0
0
0
0
0
0
0
0
0
0
0
0
0
0
4.807354922057604
0
2.989507782143272
1.1634987322828796
0
0
0
5.807354922057604
0
0
0
0
0
0
0
0
4.970853654340483
0
0
0
0
0
0
0
0
0
0
0
0
4.807354922057604
0
0
0
0
0
0
0
0
0
0
0
0
0
0
0
0
0
0
0
0
0
0
0
0
0
0
0
0
0
0
0
0
0
0
0
0
0
0
0
0
0
0
0
0
0
0
0
3.6671772640093443
0
0
2.0875398205218407
0
0
0
4.807354922057604
0
0
0
0
0
0
0
0
0
0
0.9493739269300321
0
0
0
0.4498029174395205
0
0
0
0
0
0
0
0
0
0
0
0
0
0
0
0.6671772640093441
0
0
3.222392421336448
0
0
0
0
0
0
0
0
4.222392421336448
0
0
0
0
0
0
0
0
0
0
0
0
0
0
0
0
0
0
0
3.222392421336448
0
0
0
0
0
0
0
1.4854268271702418
0
2.0
0
0
0
0
0
0
0
1.3479233034203069
0
0
0
0
0
0
0
0
0
0
4.807354922057604
6.0
0
0
0
0
0
0
1.9417073086809666
3.807354922057604
0
0
0
3.1574022596824065
0
0
9.614709844115207
0
0
0
0
0
0
0
4.444784842672896
0
0
4.970853654340483
0
0
0
0
0
0
0
0
0
0
0
0
0
0
0
1.6374299206152918
0
0
0
0
0
0
0
0
0
0
0
0
0
0
0
0
0
0
0
0
1.2837929660005913
5.807354922057604
0
0
0
0
0
0
0
0
5.807354922057604
0
4.807354922057604
0
0
0
0
0
1.4854268271702418
0
0
0
0
0
0
0
0
0
0
0
0
0
0
3.807354922057604
0
0
0
0
0
0
0
0
0
0
0
0.44478484267289603
0
3.807354922057604
3.4854268271702415
0
0
0
0
0
0
5.807354922057604
0
8.556746949355137
0
0
4.213830407833024
0
0
0
4.807354922057604
0
0
0
0
0
0
0
0
0
0
0
0
0
0
0
4.222392421336448
0
0
0
0
1.4150374992788437
0
0
3.222392421336448
0
0
0
0
0
0
0
0
0
0
0
0
0
0
0
0
0
0
0
0
0
0
0
0
7.456280481510724
0
0
0
0
0
0
0
0
0
0
0
0
0
0
0
5.807354922057604
0
0
0
2.807354922057604
0
0
0
0
0
0
0
0
2.807354922057604
0
0
0
0
0
2.5541366940053223
0
0
2.347923303420307
0
0
1.2638303518998333
0
0
0
0.05199041706588871
0
0
0
1.0524674198941355
0
0
0
0
0
0
0
0
0
0
2.807354922057604
0
0
1.5594274086140185
0
0
0
0
4.222392421336448
0
0
0
0
0
0
0
0
0
0
3.222392421336448
0
0
0
0
0
0
0
0
0
0
0
0
0
0
0
3.222392421336448
0
4.807354922057604
0
0
0
0
1.9004643264490857
0
3.807354922057604
2.347923303420307
0
0
3.0
0
0
4.222392421336448
0
0
0
0
0
5.807354922057604
0
0
0
0
0
0
0
0
0
0
0
0
0
0
0
0
0
0
0
0
0
0
0
0
0
0
0
0
0
0
0
0
0
4.807354922057604
0
3.4854268271702415
0
0
0
0
0
0
0
1.7063172233414576
0
0
0
0
0
0
1.9417073086809666
0
0
0
3.6147098441152083
0
0
0
0
0
0
3.0
0
0
2.807354922057604
0
0
0
0
0
5.807354922057604
0
0
1.1069152039165118
0
0
0
0
0
0
0
0
0
0
0
0
0
0
0
0
0
0
0
0
0
0
0
0
0
0
0
0
0
5.274859841230583
0
0
0
0
0
0
0
0
0
0
1.5594274086140185
0
0
0
0
0
0
0
0
0
0
0
0
0
1.456280481510725
0
0
0
0
0
0
0
0
6.970853654340483
0
0
0
5.3916932136812274
0
5.941707308680967
0
4.456280481510725
0
0
3.4854268271702415
0
0
0
0
0
0
0
0
0
0
0.9622368352486069
0
0
0
0
0
0
0
0
0
1.6374299206152918
0
0
0
1.0524674198941355
0
1.5594274086140185
0
0
0
0
0
0
0
0
0
0
0
0
0
0
0
0
0
0
0
0
0
0
0
0
0
0
5.807354922057604
0
0
0
4.807354922057604
4.222392421336448
0
0
0
0
2.347923303420307
0
0
0
0
0
0
0
5.807354922057604
0
0
0
0
0
0
6.303250285143599
0
0
0
0
0
5.5598105334112
0
0
0
2.106915203916512
0
0
5.807354922057604
0
0
0
0
0
0
0
0
0
0
0
0
0
0
2.4854268271702415
0
0
4.222392421336448
0
0
0
0
2.444784842672896
0
0
0
0
0
0
0
6.970853654340483
0
0
0
0
0
0
0
0
0
0
0
0
0
1.4150374992788437
0
0
0
0
0
4.807354922057604
0
12.110323830864061
3.807354922057604
3.4854268271702415
0
0.0
0
0
0
0
0
0
0
0
0
0
0
0
0
0
0
0
4.807354922057604
0
0
0
0
0
2.347923303420307
0
0.4498029174395205
0
0
5.807354922057604
0
0
0
0
0
1.3479233034203069
0
0
3.0
0
1.0524674198941355
4.0
0
3.807354922057604
0
0
3.807354922057604
0
0
0
0
0
0
0.23830340248321474
1.7063172233414576
0
0
0
0
0
0
2.422064766172812
0
0
0
0
0
0
2.0
2.222392421336448
0
0
0
0
0
0
0
2.237709634456074
17.198920808072646
0
0
0.5560412724608343
0
0
0
0
0
0
1.6374299206152918
0
1.118854817228037
0
0
0
0
5.807354922057604
0
0
1.5259216053983014
0
0
0
0
0
0
0.05199041706588871
0
0
0
0
0
0
0
0
0
0
0
0
0
0
0
0
0
0
0
0
0
0
0
0
0
0
0
0
0
0
0
0
0.20986967957654193
0
1.9122897618458754
0
0
0
0
0
5.807354922057604
0
0
0
0
0
0
0
0
0
0
2.222392421336448
0
1.222392421336448
0
4.0
0
3.222392421336448
2.0
0
0
0
0
0
0
0
0
0
0
0
0
0
0
0
0
0
0
0
0
0
0
0
0
0
0
0
5.807354922057604
0
0
0
0
0
0
0
0
0
0
0
0
0
0
0
0
0
0
0
0
4.222392421336448
0
0
0
0
0
0
0
0
0
0
0
0
0
0
0
0
0.8073549220576041
0
5.701392979347257
0
0
0
0
0
0
0
0
0
5.807354922057604
4.222392421336448
0
0
0
0
0
0
0
0
0
0
0
0
0
5.807354922057604
0
0
0
0
0
0
0
0
0
0
0
0
0
0
0
6.8252688933658305
0
0
0
0
0
0
0
0
0
0
0
0
0
0
0
0
0
0
0
0
0
0
0
4.222392421336448
0
0
0
0
0
1.5658581095860673
6.320745611749536
0
0
5.807354922057604
0
0
0
0.10691520391651188
0
0
0
0
3.4854268271702415
0
0
0
0
0
0
5.807354922057604
0
0
0
0
0
0
0
0
1.9004643264490857
0
0
0
0
0
0
0
0
0
0
0
0
0.21383040783302376
0
2.0
0
0
0
0
0
0
0
0
0
0
0
2.549719682461167
2.6374299206152916
0
0
0
0
0
0
0.6780719051126377
0
3.4854268271702415
0
0
0
0
0
0
0
0
1.1634987322828796
0
5.807354922057604
0
0
0
0
0
0
0
0
0
0
0
3.222392421336448
0
0
0
0
0
0
0
0
3.222392421336448
0
0
0
0
0
0
0
0
0
2.4354631239421476
0
0
3.4854268271702415
0
0
0
2.807354922057604
0
2.6374299206152916
0
5.807354922057604
5.807354922057604
0
0
8.444784842672895
0
0
0
0
0
0
0
0
0
0
0
0
0
0.0
0
0
0
4.213830407833024
0
0
3.222392421336448
0
0
0
3.222392421336448
0.9622368352486069
0
0
4.807354922057604
0
0
0
0
0
0
0
0
0
0
0
0
0
0
0
0
0
0
0
0
0
0
0
0
0
0
1.2451124978365313
0
0
0
0
0
4.807354922057604
0
5.807354922057604
0
0
0
0
0
0
0
0.7198920808072646
0
0
4.222392421336448
0
0
0
3.0
0
0
0
0
0
4.807354922057604
0
0
0
0
0
0
0
0
0
0
0
0
4.222392421336448
0
0
0
0
0.7198920808072646
0.41503749927884376
0
1.1069152039165118
0
0
0
0
0
0
0
0
2.159676242421794
0
0
0
0
1.0524674198941355
0
4.222392421336448
2.807354922057604
0
0
0
0
0
0
5.807354922057604
0
0
0
0
0
0
0
0
0
0
0
0
0
0
0
0
0
0
0
4.807354922057604
0
0
0
0
0
0
0
0
5.807354922057604
0
0
0
0
0
0
0
0
0
0
1.9004643264490857
0
0
5.807354922057604
0
0
11.422064766172813
0
0
3.7974957077201283
4.222392421336448
0
4.970853654340483
0
0
0
0
0
0
0
0
0
0
0
3.222392421336448
0
0
4.807354922057604
0
5.807354922057604
0
0
3.1217226260065045
3.4854268271702415
0
0
0
0
0
0
2.0
0
0
0
0
0
11.422064766172813
0
0
0
0
0
0.9809923936972773
0
0
0
0
0
0
0
0
0
0
0
0
0
0
0
0
0
0
0
2.4854268271702415
0
5.807354922057604
2.807354922057604
0
0
0
0
0
0
0
0
0
0
8.556746949355137
0
0
4.427660815666047
0
0
0
0
0
0
0
5.402785958694514
15.82457952369175
0
2.549719682461167
0
0
0
0
0
0
15.0
0
0
0
0.0
0
0
0
0
2.347923303420307
0
0
0
0
0
0
0
0
0
0
0
0
0
0
5.807354922057604
0
0
0
0
0
0
0
0
0
0
0
0
0
0
0.9445070606027605
0
0
0
0
0
0
0
0
0
0
0
0
0
0
0
0
0
0
0
0
0
0
0
0
0
0
0
0
0
0
0
0
0
0
0
0
0
0
0
0
0
0.05199041706588871
0
0.48542682717024166
0
0
0
0
0
0
0
0
0
0
0
0
0.3155018257279294
0
0
0
0
5.807354922057604
0
0
0
0
0
0
0
0
0
3.118854817228037
0
0
0
0
0
0
0
0
0
0
0
0
0
0
2.698817504637123
0
0
0
5.135171864002365
0
3.6147098441152083
0
0
0
0
0
0
0
0
0
0
2.4854268271702415
5.807354922057604
0
4.807354922057604
0
0
0
0
0
5.807354922057604
0
0
0
0
0
0
0
0
0
0
0
5.807354922057604
0
0
3.222392421336448
0
0
0
0
0
0
0
0
0
0
0
0
0
0
0
0
0
0
0
0
0
0
0
0
0
0
0
0
2.5675859320011827
1.5594274086140185
2.8300749985576874
1.3479233034203069
0
0
0
0
0
0
0
0
0
0
3.2748598412305836
0
0
0
1.8073549220576042
0.5979015564286544
0
2.106915203916512
0
0
0
0
0
0
0
0
0
0
0
0
5.807354922057604
0
0
0.44478484267289603
0
0
3.0
0
0
8.444784842672895
0
0
0
0
0
0
0
0
0
0
0
5.135171864002365
5.807354922057604
0
0.7198920808072646
0
0.7705803117695833
0
0
0
0
0
0
0
0
0
0.15740225968240645
0
0
0
0
0
0
0
0
0
0
0
0
4.0
0
0
0
2.807354922057604
0
0
0
0
0
0
2.347923303420307
0.9004643264490856
0
0
0
0
0
0
0
0
0
0
0
0
0
0
0
4.807354922057604
0
3.4126344466829153
0
5.159676242421794
0
5.807354922057604
2.4854268271702415
2.5541366940053223
0
0
0
0
0
0
0
0
0
1.0
0
0
0
0
0
2.6374299206152916
2.807354922057604
1.0439054063907116
1.8073549220576042
0
0
0
0.8073549220576041
0
0
0
0
0
0
0
3.4854268271702415
0
0
0
0
0
0
0
0
3.807354922057604
0
0
0
0
0
0
0
0
0
0
0
0
0
0
0
0
0
1.0437699102609204
0
0
0
0
0
0
0
0
0
0
3.4854268271702415
0
0
0
0
1.5259216053983014
0
0
0.5246741989413548
0
1.7063172233414576
0
0
0
0
0
0
0
0
0
0
0
0
0
0
0
0
0
4.807354922057604
0
0
0
1.7063172233414576
0.6746479004305432
0
0
0
0
0
0
0
0
0
0
0
0
0
0
0
0
0
0
0
0
0
0
0
0
0
1.5658581095860673
0
0
0
0
0
0
0
0
0
0
0
0
0
2.0
0
0
0
0
0
0
0
0.2527660703799667
0
0
0
0
0
0
0
0
0
0
0
0
0
0
0
0
0
0
0
0
1.9004643264490857
0
0
0
1.0
0
0
0
0.5979015564286544
0
0
0
0
0
5.807354922057604
0
0
0
0
0
0
0
2.0
0
0
0
0
0
0
0
0
0
0
0
0
0
0
0
0
0
0
3.587409338571926
0
0
0
0
3.4854268271702415
0
5.807354922057604
4.222392421336448
0
0
0
5.8251219260429
0
0
0
0
0.4047887402583259
0
0
0
3.0
0
0
0
0
0
0
2.807354922057604
0
0
0
0
0
0
0
0
0
0
0
0
0
5.807354922057604
0
0
0
0
9.667177264009345
0
3.118854817228037
0
2.807354922057604
0
0
0
0
0
0
4.807354922057604
0
0
0
0
0
0
0
2.0
0
0
0.41503749927884376
0
0
0
0
0
0
0
0
0
0
3.0
0
0
0.36727193925894835
0
2.4854268271702415
0
0
0
0
1.577509128639647
0
0
0
0
0
0
0
4.222392421336448
0
0
0
0
0
0
0
0
2.807354922057604
0
0.5219527031953558
0
0
0
0
0
0
0
0
0
2.4854268271702415
0
0
0
0
6.0
12.144678770867053
0.18196645973061049
2.807354922057604
0
0
0
0.7198920808072646
0
1.8073549220576042
0
0
0
0
0
0
0
0.6414912234990713
1.5658581095860673
0
3.4854268271702415
5.807354922057604
0
0
9.0
0
0
0
0
3.222392421336448
0
5.807354922057604
0
0
0
0
0.7198920808072646
0
0
0
8.444784842672895
0
0
0
3.1217226260065045
0
0
0
0
0
0
0
3.807354922057604
0
0
3.4854268271702415
0
0
0
0
4.807354922057604
0
0
0
0
0
0
1.11196210668224
0
0
1.0691520391651188
0
0
0
0
0
0
0
0
0
2.326997464565759
0
0
0
1.9004643264490857
0
0
0
0
0
0
0
0
0
0
0
0
0
0
0
0
0
0
0
0
0
0
0
0
0
0
0
0
0
0
0
0
2.8300749985576874
0
0.0
0
0
0
0
0
0
0
0
0
0
0.6746479004305432
0
0
0
0
8.0
0
0
4.222392421336448
0
0
0
0
0
0
0
0
4.175621625562846
0
0
3.6147098441152083
3.8009286528981714
0
0
0
3.807354922057604
0
0
0
0
0
0
0
0
0
0
0
0
0
0
0
0
0
0
4.807354922057604
0
0
3.490496196848639
0
0
0
0
0
0
0
0
0
0
0
0
0
0
0
0
0
0
0
0
0
0
0
0
0
4.695846606840614
0
0
0
0
0
2.2138304078330235
4.807354922057604
4.222392421336448
0
0
5.807354922057604
0
0
0
0.0
0
0
0
0
0
0
0
0
0
0.5560412724608343
0
0
0
1.2748598412305836
0
0
0
0
0
0
0
0
0
0
2.104934839788271
0
0
0
0
3.0
0
0
0
0
0
0
0
0
0
0
0.4766068049664295
0
0
0
0
0
0.7629608026991507
0
0
0
0
0
5.807354922057604
0
0.8095774805166518
1.4854268271702418
0
0
0
0
0.0
3.807354922057604
0
0
4.807354922057604
0.2623370994706774
0
4.222392421336448
0
0
0
3.0
0
0
0
0
0
0
0
0
0
0
0
0
0
0
0
0
0
0
0.5779352338271875
0
0
0
0
0
0
0
5.807354922057604
0
0
0
0
0
0
5.807354922057604
0
0
0
0
0
0
0
0
0
0
0
0
0
0
0
0
0
4.03677461028802
0
0
0
0
0
0
0
0
0
0
0
0
0
0
0
0
0
0
0
0
0
0
0
0
0
0
0
0
0
0
0
0
0
0
0
0
0
0
0
0
0
0
0.38109016735550627
0
0
0
0
0
0
0
0
0
2.8300749985576874
0
0
0
0
0
0
0
0
0
0
4.0
0
0
0
0
0
0
0
0
0
0
0
4.222392421336448
0
0
0
0
2.326997464565759
0
0
1.4854268271702418
0
0
6.739616517101535
4.970853654340483
4.807354922057604
5.807354922057604
0
0
0
0
0
0
0
0
0
0
0
0
5.807354922057604
0.0
0
0
0
0
0
0
3.807354922057604
0
0
0
0
0
4.213830407833024
0
0
0
0
0
0
0
0
0
0
0
0
4.807354922057604
1.0524674198941355
0
0
0
0
0
5.807354922057604
0
0
0
0
0
0
0
0
0
0
0
0
5.807354922057604
0
0
0
0
0
0
0
0
4.807354922057604
0
0
0
0
0
0
4.222392421336448
0
0
0
0
0
0
0
2.701392979347257
0
0
0
0
0
0.6671772640093441
1.7198920808072646
0
0
0
0
0
0
0
0
0
9.667177264009345
0
0
0
0
0
0
0
0
0
0
0
0
0
0
0
0
0
0
0
0
0
0
0
0
0
4.807354922057604
0
0
0
9.046005888927978
0
0
0
0.48542682717024166
0
0
0
0.6374299206152918
2.0
0
0
0
0
0
0
0
0
0
0
0
0
0
0
2.222392421336448
4.807354922057604
0
0
1.9004643264490857
0
0
0
0
0
0
0
0
0
0
0
0
0
0
1.793704669285963
0
0
0
0
5.807354922057604
0
0
0
0
0
0
0
0
0
0
0
4.807354922057604
0
0
0
0
0
0
0
0
0
0
0
0
0
0
0
0
6.970853654340483
0
0
0
0
0
0
0
0
0
0
0
0
0
0
0
4.213830407833024
1.9244736704972139
0
0
0
0
3.222392421336448
0
0
0
0
5.807354922057604
0
0
0
0
3.0
0
0
0
0
0
0
0
0
0
0
0
0
0
0
0
0
2.347923303420307
0
0
3.807354922057604
0
3.2748598412305836
0
0
0
0
0
0
0
1.8987478538600642
0
0
0
0
0
0
0
0
0
0
0
0
0
0
0
0
0
0
0
0
0
0
0
0
0
0
0
0
0
0
1.3479233034203069
0
0
0
0
0
0
0
0
0
0
0
0
3.4854268271702415
0
0
0
3.807354922057604
0
0
0
0
0
2.807354922057604
0
0
0
0
0
2.807354922057604
0
0
0
0
0
0
0
5.807354922057604
5.807354922057604
1.3479233034203069
4.456280481510725
0
0
0
0
0
0
0
0
0
0
1.6374299206152918
0
3.807354922057604
0
0
0.8531586116707288
0
0
0
0
0
0
0
0.5594274086140185
0
0
0
0
0
0
0
0
0
0
0
0
0
0
0
0
0
0
0
5.807354922057604
0
0
5.274859841230583
0
0
2.0
0
0
0.3971723374720246
0
2.0
0
4.807354922057604
0
0
0
0
0
0
0
0
0
0
0
4.695846606840614
0
0
0
0
0
0
0
0
0
0
0
0
0
0
0
4.475419268912148
0
0
0
0
0
0
0
0
0
0
0
0
0
0
0
0
0
0
0
0
0
5.807354922057604
0
0
0
0
0
0
0
0
4.222392421336448
0
0
0
0
0
0
3.222392421336448
0
5.807354922057604
3.6147098441152083
0
0
0
0
0
0
1.4854268271702418
0.7629608026991507
0
0
0
0
0
0
0
0
0
0
0
5.807354922057604
5.807354922057604
5.807354922057604
0
1.3494087523185616
1.9004643264490857
0
0
0
0
0
0
0
1.6374299206152918
0
0
0
0
2.4854268271702415
0
0
0
0
0
0
0
0
0
0
0
0
0
0
0
0
0
0
0
0
0
0
0
0
0
0
0
0
4.807354922057604
0
0
0
0
0
0
0
0
0
0.7198920808072646
0
0
0
0.8531586116707288
0
0
0
2.222392421336448
0
4.222392421336448
4.807354922057604
3.807354922057604
0
0
1.7198920808072646
0
6.237709634456074
3.807354922057604
0
0
0
0
0
0
0
0
0
0
0
0
5.807354922057604
0
0
0
0
5.807354922057604
0
0
0
0
0
0
0
7.614709844115208
0
0
0
0
0
0
0
0
0
0
0
3.807354922057604
0
0
0
0
0
1.9004643264490857
0
0
0
0
0
0
0
0
3.807354922057604
0.05246741989413548
0
1.3561438102252754
0
0
0
0
0
0
0
0
0
0
0
0
0
0
0
0
0
4.222392421336448
0
0
0
0
0
0
0
0
0
0
0
0
0
0
0
0
0
0
0
0
2.222392421336448
0
5.807354922057604
0
0
0
0
0
0
0
0
0
0
0
0
0
0
0
3.0
1.4150374992788437
0
0
0
2.4854268271702415
3.807354922057604
0
0
0
0
0
0
3.4854268271702415
0
0
0
0
0
0
0
0
0
0
0
0
0
6.320745611749536
0
8.18714960307646
3.222392421336448
0
0
0
0
0
0
3.0
0
0
0
0
0
0
0
0
5.807354922057604
0
0
0
5.422064766172813
0
4.807354922057604
0
0
0
0
0
0
0
0
0
0
0
2.326997464565759
0
0
0
0
0
0
0
0
3.807354922057604
3.0
0
0
0
0
0
0
0
0
0
0
0
0
0
0
0
0
0
0
0.8531586116707288
0
0
0
0
0
1.9004643264490857
0
0
0
0
0
0
0
0.22239242133644802
0
0
0
0
0
0
0
0
0
0
0
0
0
0
1.3479233034203069
0
0
2.0
0
9.614709844115207
0
0
0
0
0
0
0
0
0
0
0
0
0
0
0
6.444784842672896
0
0
0
0
0
0
0
0
0
1.7198920808072646
0
0
0
0
0
0
0
5.807354922057604
0
0
0
2.2138304078330235
0
0
0
0
0.8531586116707288
0
0
3.807354922057604
0
0
4.456280481510725
5.614709844115208
0
5.807354922057604
0
3.1574022596824065
0
0
0
0
0
0
0
0
0
4.222392421336448
0
0
0
0
4.222392421336448
0
0
0.5979015564286544
0
0
0
0
7.614709844115208
0
0
0
0
0
0
1.9417073086809666
0
2.0
2.4854268271702415
0
11.614709844115207
0
0
0
0
0
0
0
0
0
2.347923303420307
0
0
0.5594274086140185
5.614709844115208
2.106915203916512
0
1.1351718640023654
0
1.2837929660005913
0
0
0
0
0
0
0
0
0
0
0
0
0
0
0
0
0
0
0
0
0
0
4.807354922057604
0
0
0
0
0
0
0
0
0
0
0
0
0
0
0
0
4.222392421336448
0
1.7198920808072646
0
0
0
9.614709844115207
1.0
0
1.2451124978365313
0
0
0
0
0
0
0
1.577509128639647
0
0
0
0
2.9708536543404835
0
3.0
4.807354922057604
0
0
0.5979015564286544
0
0
0
5.807354922057604
0
0
0
0
0
0
0
2.807354922057604
0
0
0
0.9004643264490856
0
0
0
3.2748598412305836
5.807354922057604
0
0
0
0
7.614709844115208
0
4.222392421336448
0
0
0
0
0
0
2.4854268271702415
3.4854268271702415
0
1.1069152039165118
0
0
1.6147098441152081
0
0
0
0
0
0
0
0
0
5.807354922057604
0
0
0
3.0
0
0
0
0
0
0
0
0
5.807354922057604
0
0
0
3.222392421336448
2.9708536543404835
9.0
0
0
0
0
0
0.10493483978827096
0
0
0
0
0
0
0
0
0
4.04376991026092
0
0
0
0
0
0
0
0
0
0
0
0
0
0
0
0
2.237709634456074
0
0
0
0
0
0
0
0
0
0
11.614709844115207
0
0
0
0
0
0
0
1.9004643264490857
0
0
0
0
4.222392421336448
2.807354922057604
0
0
0
0
0
0
0
0
0
0
0
1.1069152039165118
0
0
0
0
2.106915203916512
0
0
0.22239242133644802
0
0
0
0
0
0
0
0
0
0
0
0
0
0
0
0
0
0
5.807354922057604
0
0
0
0
0
0
0
0
0
0
0
0
0
0
0
3.807354922057604
0
0
0
0
0
0
0
0
0
0
0
0
0
0
0
4.807354922057604
0
2.106915203916512
4.807354922057604
0
0
0
0
0
0
0
0
0
0
5.807354922057604
0.07798562559883307
0
0
0
0
0
0
0
0
0
0
0
0
0
0
0
0
0
0
0
0
0
0
0.28379296600059134
0
0
0
0
0
1.5594274086140185
0
0
0
5.807354922057604
1.4854268271702418
0
0
0
0
0
0
0
0
0
0
0
0
0
0
5.807354922057604
3.4854268271702415
0
0
1.9004643264490857
0
0
0
0
0
0
0
0
0
0
4.0
7.601857305796343
0
1.1634987322828796
0
0
0
0
0
0
0
0
0
0
0
0
0
0
0
0
0
0
0
0
5.701392979347257
0
0
0
0
0
0
0
0
0
0
6.970853654340483
0
0
0
0
0
0
0
0
0
0
0
0
0
0
0
0
0
0
0
0
0
0
0
1.4854268271702418
0
0
0
0.23395687679649918
0
0
0
0
0
0
0
0
0
0
0
0
0
0
0
0
0
0
0
4.222392421336448
0
0
0
0
0
2.347923303420307
0
0
0
0
4.807354922057604
0
0
0
0
0
0
0
0
0.3155018257279294
0
3.807354922057604
0
0
0
0
0
0
0
0
4.807354922057604
8.422064766172813
0
0
0
0
0
0.7629608026991507
10.0
0
4.807354922057604
0
0
0
0
0
0
0
0
0
2.427134135851208
0
3.807354922057604
0
0
4.807354922057604
0
15.229419688230417
0
0
0
0
0
0
0
0
0
0
0
0
0
0
0
0
3.4854268271702415
0
0
0
0
0
0
0
0
0
0
0
0
0
0
3.222392421336448
0
0
0
3.0
1.222392421336448
0
0
0
2.4854268271702415
0
0
0
0
0
0
0
0
0
0
12.667177264009343
0
0
4.807354922057604
5.807354922057604
0
0
0
0
0
0
0
0.5779352338271875
2.5675859320011827
0
0
0
0
0
0
0
0
0
0
0
0
0
0
0
0
4.222392421336448
0
3.222392421336448
0
0
5.807354922057604
0
0
0
0
0
0
0
0
0
0
0
0
0
0
0
0
0
0
0
0
0
0
0
0
0
0
0
0
2.0
0
0
0
5.807354922057604
0
0
6.970853654340483
0
5.807354922057604
0
0
0.9445070606027605
0
0
2.444784842672896
0
0
3.4854268271702415
0
1.1069152039165118
0
0
0
0
0
5.807354922057604
0
0
0
0
0
0
0
0
0
0.3155018257279294
0
0
0
0
0
0
0
0
0
0
0
0
0
5.807354922057604
0
4.807354922057604
0
0
0
0
0
0
0
0
0
2.6958466068406137
0
0
0
0
0
1.4150374992788437
0
0
5.807354922057604
0
4.807354922057604
0
0
0
0
0
0
1.8073549220576042
0
0
0
0
0
0
0
0
0
1.456280481510725
0
0
1.6147098441152081
0
0
0
0
0
0
0
0
0
0
0
0.9622368352486069
0.6671772640093441
0
0
0
0.0
0
0
0
0
0
0
0
1.7198920808072646
0.3899281279941653
0
0
0.6296090387296258
4.222392421336448
0
1.7198920808072646
3.155018257279294
0
0.9632253897119791
0
0
0
0.9809923936972773
0
1.1760672430816306
0
0
2.5675859320011827
0
0
0.2527660703799667
0
0
3.0
0
0
5.807354922057604
0
0
0
0
0
0.0
0
0
0
0
0
0.23830340248321474
0
0
0
0
1.1958031128573088
0
0
0
3.807354922057604
0
0
0.7198920808072646
0
0
0
0
0
0
0
0
0.6671772640093441
0
4.222392421336448
0
0
0
0
0
2.807354922057604
0
0
0
0.23395687679649918
5.807354922057604
0
0
0
0
0
0
0
0
1.577509128639647
0.2698591601722173
0
0
0
0
0
0
0
0
0
0
0
0
0
0
0
0
0.7198920808072646
1.3479233034203069
0
1.4150374992788437
0
0
0
0
0
0
5.807354922057604
0
0
0
0
4.889569685345792
0
5.807354922057604
1.4854268271702418
0
0
0
0
0
0
0
0
2.6374299206152916
4.222392421336448
0
0
0
0
0
0
0
0
2.5541366940053223
0
0
0
0
0
0
0
0
0
0
0
0
0
0
0
0
0
0
0
0
0
0
0
0
0
0
0
0
0
0
0
0
0
0
0
0
0
0
2.106915203916512
0
2.807354922057604
4.222392421336448
1.4854268271702418
0
0
0
0
0
0
0
0
0
3.7974957077201283
0
0
3.807354922057604
0
0
0
0
0
0
0
0
0
2.6958466068406137
0
0
1.1351718640023654
0
0
0
0
1.0524674198941355
0
0
0
0
0
0
0
0
0
0
0
0
0
0
0
0
0
0
0
0
0
0
0
0
0
1.0524674198941355
0
0
4.807354922057604
0
0
0.46791375359299836
0
0
0
3.0
0
0
0
0
0
0
0
0
0
0
0
0
0
0
0
0
0
0.38529015588479165
0
0
0
0
0
0
0
1.5594274086140185
3.807354922057604
8.444784842672895
0
0
0
0
0
0
0
0
0
0
0
0
0
0
0
0
0
3.807354922057604
0
0
0
0
0
0
0
0
0
0
0
7.614709844115208
5.807354922057604
0
0
0.9445070606027605
0
5.807354922057604
0
0
0
5.807354922057604
0
0
1.5594274086140185
2.106915203916512
0
2.6374299206152916
3.4854268271702415
0
0
0
0
0
0
0
0
0
4.222392421336448
5.807354922057604
4.222392421336448
0
0
0
0
0
0
0
4.222392421336448
0
0
0
0
0
0
0
0
4.222392421336448
0
0
2.222392421336448
0
0
0
0
0
0
0
0
0
4.807354922057604
0
2.2138304078330235
0.8531586116707288
0
0
0
0
0
0
0
0
0
0
0
0
0
0
3.4854268271702415
0
0
0
0
0
2.8300749985576874
0
0
0
0
0
0
0
0
5.807354922057604
0
0
0
0
0
0
0
0
0
1.2451124978365313
0
0
1.3479233034203069
0
0
0
0
0
0
0
3.0
0
0
0
0
0
0
1.2837929660005913
3.4854268271702415
0
2.347923303420307
0
0
0
0
0
0
0
0
0
0.8531586116707288
0
0
0
0
0
0
0
0
0
13.941707308680966
0
0
0
0
0
0
0
0
1.6374299206152918
0
0
4.807354922057604
0
0
0
0
0
0
0
0
0
0
0
1.1760672430816306
0
0
0
0
0
0
0
0
0
4.807354922057604
0
0
4.456280481510725
0
0
0
0.48542682717024166
0
0.05246741989413548
2.222392421336448
0
12.0
0
0
0
0
4.807354922057604
0
0
0
0
0
0
0
5.807354922057604
0
0
0.48542682717024166
0
0
0
4.807354922057604
3.222392421336448
0
0
2.106915203916512
3.4854268271702415
3.0
2.222392421336448
0
0
0
0
0
0
1.1351718640023654
0
0
3.222392421336448
5.807354922057604
5.807354922057604
11.614709844115207
0
0
6.0
1.1634987322828796
0
5.159676242421794
0
0
0
0
0
0
1.0524674198941355
0
0
0
0
0
4.222392421336448
0
0
0.8531586116707288
0
0
0
0
0
3.118854817228037
1.6191549610333036
0
16.88956968534579
0
0
4.502321632245428
0
0.6354757399552393
2.6374299206152916
0
2.106915203916512
0
2.1254835196774344
0
0.9708536543404833
0
0
0
0
1.799211669758082
2.159676242421794
0
0
0
0.0
0
0
0.9004643264490856
0
0
0
0
0
0
1.0439054063907116
0
0
0
0
0
0
0
0
0
0
0
0.0
0
0
0
0
5.614709844115208
0
1.5658581095860673
0
0
0
0
0
0
0
0
0
0
5.807354922057604
0
0.0
0
0
0
0
4.456280481510725
0
0
0
0
0
0.4498029174395205
5.274859841230583
3.807354922057604
0
0
0
4.653994929131518
0
0.6958466068406136
0.5675859320011827
0
0.899605834879041
0
0
0.8300749985576875
0
2.293802861463847
0
0
0
0
3.807354922057604
2.326997464565759
0
2.444784842672896
0
0
1.660149997115375
0
0
0
0
0
0
0
0
0
0
0
0
0
0
0
0
0
0
0
0
0
0.2698591601722173
0
0
0
0
0
0
0
0
0
0
0
0
0
0
0
0
0.2599520853294435
0
0
0
0
0
0
0
0
0.16349873228287956
1.7198920808072646
0
0
0
0
0
0
0
0
0
0
0
