0
0
0
0
0
0
0
0
0
0
0
0
0
0
0
0
0
0
0
0
0
0
0
0
0
0
0
0
0.6690067809585756
0
0
0
0
0
0
0
0
0
0
0
0
0
0
0
0
0
0
0
0
0
0
0
0
0
0
0
0
0
0
0
0.6342446746993636
0
0
0
0
0
0
0
0
0
0
0
0
0
0.5177391056279265
0
0
0
0
0
0
0
0
0
0
0
0
0
0.6690067809585756
0
0
0
0.7481880270062005
0
0
0
0
0
0
0
0
0
0
0
0
0
0
0
0
0
0
0
0
0
0
0
0
0
0
0
0
0
0
0.5177391056279265
0.9030899869919435
0
0
0
0
0
0
0
0
0
0
0
0
0
0
0
0
0
0
1.4471580313422192
0
0
0
0
0
0
0
0
0
0
0
0
0
0
0
0
0
0
0.35024801833416286
0
0
0
0
0
0
0
0
0
0
0
0
0
0
0
0
0
0
0
0
0
0
0
0.7939455175668755
0
0
0
0
0
0
0.7939455175668755
1.4471580313422192
0
0
0
0
0
0
0
0
0
0
0
0
0
0
0
0
0
0
0
0
0
0
0
0
0
0
0
0
0
5.244564081018601
0
0.7729203819772151
0
0
0.7067953418479753
0
0
0
0
0
0
0
0
0.2857900291072444
0
1.271066772286538
0
0
0
0.8450980400142568
0
0
0
0
0
0
0
0
0
0
0
0
0
0
0
0
0
0
0
0
0
0
0
0
0.5440680443502757
0
0
0
0
0
0
0
0
0
0
0
0
0
0
0.6690067809585756
0
0
0
0
0
0
0
0
0
0
0
0
1.0881360887005513
0
0
0
0.7067953418479753
0
0
0
0
0.6342446746993636
0.7067953418479753
0
0
0
0
0
0
0
0
0
0
0
0
0
0
0
0
0
0
0
0
0
0.7481880270062005
0
0
0
0
0
0
0
0
0
0
0
0
0
0
0
0
0
0
0.7291141460588833
0
0.8450980400142568
0
0
0
0
0
0
0
0
0
0
0
0
0
0
0
0
0
0
0
0
1.146128035678238
0
0
0.023912157405411364
0
0
0
0
0
0
0
0
0
0
0
0
0
0
0
0
0
0
0
0
0.21670910996394527
0
0
0.8450980400142568
0
0
0
0
0
0
0
0
0
0
0
0
0
0
0
0
0
0
0
0
0
0
0
0.3837710524778263
0
0
0.35024801833416286
0
0
0
0
0
0
0
0
0
0
0
0.9030899869919435
0
0
0
0
0
0
0
0
0
0
0
0
0
0
0
0
0
0
0
1.0492180226701815
0
0
1.6901960800285136
0
0
0
0
0
0
0
0
0
0
0
0
0
0
0
0
0
0
0
0
0
0
0
0
0
0
0
0
0
0
0.6690067809585756
0
0
0.7291141460588833
0.46943442605337143
0.04921802267018165
0
0
0
0.16738510183787955
0
0
0.49291552190289434
0
0
0.2568263331719277
0
0
0
0
0
0.36797678529459443
0
0
0
0
0
0
0
0
0.9700367766225568
1.0492180226701815
0
0
0
0
0
0
0
0
0
0
0
0
0
0
1.3380135619171512
0
0
0
0
0
0
0
0
0
0.4259687322722811
0
0
0
0
0
0
0
0
0
0.07042803760760873
0
0
0
0
0
0
0.2568263331719277
0
0
0
0
0.27106677228653797
0.0
0
0.05477736258369568
0
1.4471580313422192
0
0
3.8801471064902273
0
0
0
0
0.01565067502391305
0
0
0
0
1.7481880270062005
0
0
0
0
1.7481880270062005
0
0
0
0
0
0
0.5440680443502757
0
0
0
0.6020599913279624
0
0
0
0.1899510264617135
0
0
0
0
0
0
0
0
0
0
0
0
0
0
0
0
0
0
0
0
0.40621251085939486
0
0
0
0.6020599913279624
0.45934817425662583
0
0.35024801833416286
0
0
0
0
0
0
0
0
0
0
0
0
0
0
0
0
0
0
0
0
0
0
0
0
0
0
0.20411998265592482
0
0
0
0
0
0
0
0
0
0
0
0
0
0
0.7067953418479753
0
0
0
0
0
0
0
0
0
0
0
0
0
0.21670910996394527
0
0
0
0
0
0
0
0.49291552190289434
0
0
0
0
0
0
0
0
0
0
0
0
0
0
0
0
0
0
0
0
0
0
0
0
0
0
0
0
0
0
0
0
0
0
0
0
0
0
0
0
0.9700367766225568
0
0
0
0
0
0
0
0
0
0
0
0
0
0
0
1.7481880270062005
0
0
0
0
0
0
0
0
0
0
0
0
0
0
0
0
0
0
0
0
0
0
0
0
0.6020599913279624
0
0
0
0
0
0
0
0
0
0
0
0
0
0.3655606581743768
0
0
0
0
0.4057653461839942
0
0
0
0
0
0
0
0
0
0
0
0
0
0
0
0
0
0
0
0
0
0
0
0
0
0
0
0
0
0
0
0
0
0
0
0
0
0
1.0492180226701815
0
0
0
0
0
0
0
0
0
0
0
0
0
0
0
0
0
0
0
0.292256071356476
0
0
0
0
0
0
0
0.06317706873292753
0.0984360453403633
0
0
0.48607609737258883
0.36797678529459443
0
0
0
0
0
0
0
0
1.146128035678238
0.6284936799188048
0
0
0
0.9996440371061472
0
0
0
0
0
0
0
0
0
0
0
0
0
0
0
0
0
0
0
0
0
0
0
0.6342446746993636
0
0
0
0
0
0
0
0
0
0
0.24987747321659984
0
0
0
0
0
0
0
0
0
0
0.4259687322722811
0.5136526663438554
0
0
1.1788310127257318
0.40823996531184964
0
0
0
0
0
0
0
0.9030899869919435
0
0
0
0
0
0
0
0
0
0
0
0
0
0
0.49291552190289434
0
0
0
0
0
0
0
0
0
0
0
0
0
0
0
0
0
0
0
0
0
0
0
0
0
0
0
0
0
0
0
0
0
0
0.6020599913279624
0.9030899869919435
0.9030899869919435
0
0
0
0
0
0
0
0
0
0
0
0
0
0
0.6246936830414996
0
0
0
0
0
0
0
0
0
0
0.7481880270062005
0
0
0
0
0
0
0
0
0
0
0
0
0
0
0
0
0
0
0
0
0
0
0
0
0
0
0
0
0
0
0
0
0
0
0
0
0
0
0
0
0
0
0
0
0
0
0.30436067628193175
0
0
0
0
0
0
0
0
0
0
0
0
0
0
0
0
0
0
0
0
0
0
0
0
0.49291552190289434
0
0
0
0
0
0.21670910996394527
0
0
0
0
0
0
0
0
0
0
0
0
0
0
0
0
0
0
0.34172078129850547
0
0
0
1.271066772286538
0
0.0
0
0
0
0.0
0
0.43341821992789054
0
0
0
0
0
0.3168242628472131
0
0
0
0
0
0
0
0
0
0
1.271066772286538
0
0
0
0.6020599913279624
0
0
0.21670910996394527
0
0
0
0
0
0
0
0
0
0
0
0
0
0.49291552190289434
0
0
0.43341821992789054
0
0
0
0
0
0
0
0
0
0.6342446746993636
0
0
0.9700367766225568
0.8450980400142568
0
0
0
0
0
0
0
0
0
0
0
0
0
0.6342446746993636
0
0
0
1.7481880270062005
0
0
0
0
0
0
0
0
0
0
0
0
0
0
0
0
0
0
0
0
0
0
0.12493873660829992
0
0
0
0
0
0
0
0
0
0
0
0
0
0
0
0.6020599913279624
0
0.6020599913279624
0.2677871585224529
0
0
0
0
0
0
0
0
0
0
0
0
0
0
0
0
0
0
0
0
0
0
0
0.8450980400142568
0
0
0
0
0
0
0
0
0
0
0
0
0
0
0
0.4057653461839942
0
0
0.28492653969257026
0
0.3368088607787805
0
0
0
0.09497551323085675
0
0
0
0
0
0
0
0
0
0
0
0
0
1.271066772286538
0
0
0
0
0
0
0
0
0
0
0.379902052923427
0
0
0
0.30436067628193175
0
0
0
0
0
0
0
0
0
0
0
0
0
0
0
0
0
0
0
0
0
0
0
0
0
0
0
0
0
0
0
0.4065066758919932
0
0
0
0
0
0
0
0
0
0
0.8450980400142568
0
0
0
0
0
0
0
0
0
0
0
0
0
0
0
0
0
0
0
0
0
0
0
0
0
0
0
0
0
0
0
0
0
0
0
0
0
0
0
0
0
0
0
0
0
0
0
0
0
0.14765406801054495
1.0492180226701815
0
0
0
0.38646019098860757
0
0
0
0
0
0
0
0
0
0.9700367766225568
0
0
0
0.20411998265592482
0
0
0
0
0
0
0.06694678963061322
0
0
0.3837710524778263
0
0
0
0
0
0
0
0
0
0
0
0
0
0
0
0
0
0
0
0
0
0
0
0
0
0
0
0
0
0
0
0
0
0
0
0
0
0
0
0
0
0
1.146128035678238
0
0
0
0
0
0
0
0
0
0
0
0
0
0
0
0
0
0
0
0
0
0
0
0
0
0
0
0
0
0.16840443038939024
0.33321467903538243
0
0
0
0
0
0
0
0
1.4471580313422192
0
0
0
0
0
0
0
0
0
0
0
0
0
0
0
0
0
0
0.24303804868629442
0
0
0
0
0
0
0
0
0
0
0
0
0
0
0
0
0
0
0
1.146128035678238
0
0
0
0
0
0
0
0
0
0
0
0
0
0
0
0.6690067809585756
0
0
0
0
1.146128035678238
0
0
0
0
0
0
0
0
0
0.3168242628472131
0
0
0
0
0
0
0
0
0
0.2568263331719277
0
0
1.271066772286538
0.2568263331719277
0
0.10473535052001297
0
0
0
0
0
0
0
0
0.1878081002869566
0
0
0
0
0
0
0
0
0.3010299956639812
0
0
0.9030899869919435
0
0
0
0
0
0
0
0
0
0
1.0492180226701815
1.271066772286538
0
0
0
0
0
0
0
0
0
0
0
0
0.12493873660829992
0
0
1.2841316658596384
0
0
0
0
0
0
0
0
0
0
0
0
0
0
0
0
0
0
0
0
0
0
0
1.271066772286538
0
0
0
0
0
0
0
0
0
0
0
0.6690067809585756
0
0
0
0
1.7481880270062005
0.40823996531184964
0
0
0
0
0
0
0
0
0
0
0
0.48607609737258883
0
0
0
0
0
0
0
0
0
0
0
0
0
0
0
0
0
0
0
0
0
0
0
0
0
0.2843249563578486
0
0
0
0
0
0
0
0
2.8943160626844384
0
0.8369918597753123
0
0
0
0
0
0.4057653461839942
0
0
0
0
0.38646019098860757
0
0
0
0
0
0
0
0
0
0
0
0
0
0
0
0
0
0
0
0
0
0
0
1.7481880270062005
0
0
0
0
0
0
0
0
0
0
0
0
0
0
0
0
0
0
0
0.24303804868629442
0
0
0
0
0
0
0
0
0
0.38646019098860757
0
0
0
0
0
0
0
0
0
0
0
0
0
0
0
0
0
0
0
0
0
0
0
0
0
0
0.9030899869919435
0
0
0
0
0
0
0
0
0
0.35024801833416286
0.46943442605337143
0
0
0
0
0
0
0
0
0
0
0
0
0.19188552623891314
0
0
0
0
0.36797678529459443
0
0
0
0
0
0
0
0
0
0
0
0.7067953418479753
0
0
0
0
0
0
0
0
0
0
0
0
0
0
0
0
0
0
0
0
0
0
0
0
0
0
0
0
0
0
0.38646019098860757
0.3168242628472131
0
0
0
0
0
0
0
0
0
0
0
0
0
0
0
0
0
0
0
1.146128035678238
0
0
0
0
0
0
0
0
0
0
0
0
0
0
0
0
0
0
0.49291552190289434
0.7939455175668755
0
0
0.38646019098860757
0
0
0
0
0
0
0
0
0
0
0
0
0
0
0
0
0
0
0
0
0
0
0
0
0
0
0
0
0
0
0
0
0
0
0.17998630293920545
0.35024801833416286
0
0
0
0
0
0
0
0
0
0
0
0
0
0
0
0
0
0
0
0
0
0
0
0
0
0
0
0
0
0
0
0
0
0
0
0
0
0
0
0
0
0
0.9700367766225568
0
0
0
0
0
0
0
0
0
0
0
0
0
0
0
0
0
0
0
0
0
0
0
0
0
0
0
0
0.7359535705891889
0
0
0
0
0.10473535052001297
0
0
0
0
0
0
0
0
0
0.33321467903538243
0
0
0
0
0
0
0
0
0.40621251085939486
0
0
0
0
1.2684893493987273
0
0
0
0
0
0
0
0
0
0
0.06694678963061322
0
0
0
0
0
0
0
0
0
0
0
0
0
0
0
0
0
0
0
0
0
0
0
0
0
0
0
0
0
0
0
0
0
0
0
0
0
0
0
0
0
0.6020599913279624
0
0
0
0
0
0
0
0
0
0
0
0.5440680443502757
0
0
0
0
0
0
0
0
0
0
0
0
0
0
0.292256071356476
0
0
0
0
0
0
0
0
0
0
0
0
0
1.146128035678238
0
0
0
0
0
0
0
0
0
0
0
0
0
0
0
0
0
0
0
0
0
0
0
0.6336485256944262
0
0
1.0492180226701815
0
0
0
0
1.271066772286538
0.33321467903538243
0
0
0
0
0
0
0
0
0
0
0
0
0.24987747321659984
0
0
0
0
0
0
0
0
0
0
0
0
0
0
0
0
0
0
0
0
0
0
0
0
0
0
0
0
0
0
0
0
0
0
0
0
0
0
0
0
0.20084036889183965
0
0
0
0
0
0.9700367766225568
0.49291552190289434
0
0
0
0
0
0.13540417028646495
0
0.6342446746993636
0
0.9186963485132517
0
0
0
0
0
0
0
0
0
0
1.4471580313422192
0
0
0
0
0
0
0
0
0
0
0
0
0
0
0
0.7481880270062005
0
0.8450980400142568
0
0
0.8450980400142568
0
0
0
0
0
0
0
0
0
0
0
0
0
0
0
0
0
0
0
0
0
0
0
0
0
0
0
0
0
0
0
1.0492180226701815
0
0
0
0
0
0
0
0.3168242628472131
0
0
0
0
0
0
0
0.8450980400142568
0
0
0
0
0
0.17086039064925274
0
0
0
0
0
0.30436067628193175
0
0
0
0.05477736258369568
0
0
0
0
0
0
0
0
0
0
0
0
0
0
0
0
0
0
0
0
0
0
0
0
0
0
0
0
0
0
0
0
0
0
0
0
0
0
0.38646019098860757
0
0
0
0
0
0
0
0
0
2.120386025543926
0
0
0
0
0
0
0
0.5720967679505191
0
0
0
1.271066772286538
0
0
0
0
0
0
0
0
0
0
0
0
0
0
0
0
0
0
0
0
0
0
0
0
0
0
0
0
1.6901960800285136
0
0
0
0
0
0
0
0
0
0
0
0
0
0
0
0
0
0
0
0
1.2172960385519827
0
0
0
0
0.5136526663438554
0
0.8573700873217331
0
0
0
0
0.146128035678238
0.3168242628472131
0.9030899869919435
0.3010299956639812
0
0
0
0
0
0
0
0
0
0
0
0
0
0
0
0
0
0
0
0.33321467903538243
0
0
0
0
0
0
0
0
0
0
0
0
0
0
0
0
0
0.24303804868629442
0
0
0
0
0
0
0.13540417028646495
0
0
0
0
0
0
0
0
0
0
0
0
0
0
0
0
0
1.146128035678238
0
1.271066772286538
0
0
0
1.0492180226701815
0
0.6690067809585756
0
0
0
0.584512142712952
0
0
0
0
0
0
0
0
0
0
0
0
0
0
0
0
0
0
0
0
0
0
0
0
0
0
0
0
0
0
0.12873873348560494
0
0
0
0
0
0
0
0
0
0
0
0
0
0.9504727885416393
0.6690067809585756
0.46943442605337143
0.2568263331719277
0
0
0
0
0
0
0
0
0
0
1.146128035678238
0
0
0
0
0
0
0
0
0
0
0
0
0
0
0
0
0
0
0
0
0
0
0
0
0
0
0
0
0
0
0
0
0
0
0
0
0
0
0
0
0
0
0
0
0.7067953418479753
0.20084036889183965
0
0
0
0
0
0
0
0.49291552190289434
0
0
0
0
0
0
0
0
0
0
0
0
0
0
0
0
0
0
0
0
0
0.36797678529459443
0
0
0
0
0
0
0
0
0
0
0
0
0
0
0
0
0
0
0
0
0
0.4259687322722811
1.4471580313422192
0
0
0
0
0
0
0
0
0
0
0.0
0
0
0
0
0
0
0
0
0
0
0
0
0.36797678529459443
0
0
0
0
0
0
0
0
0
0
0
0.13540417028646495
0
0
0
0
0
0
0
0
0
0
0
0
0
0.3168242628472131
0
0
0
0
0
0
0
0
0
0
0
0
0.0717364722162341
0.7704789995157831
0
0
0
0
0
0
0
0
0
0
0
0
0
0
0
0
0
0
0
0
0
0
0.16840443038939024
0
0
0.16840443038939024
0.7173647221623409
0
0
0
0
0
0
0
0
0
0
0
0
0
0
0
0
0.45934817425662583
0
0
0
0
0
0
0.01565067502391305
0
0
0
0
0
0
0
0
0
0
0
0
0
0
0
0
0
0
0
0
0.8450980400142568
0
0
0
0
0
0
0
0
0
0
0
0.031588534366463764
0
0.3837710524778263
0
0
0
0
0
0
0
0
0
0
0
0
0
0
0
0
0
0
0
0
0
0
0
0
0
0
0
0
0
0
0
0
0
0
0
0
0
0
0
0
0
0
0
0
0
0.9700367766225568
0
1.7481880270062005
0
0
0
0
0
1.7481880270062005
0
0
0
0
0
0
0
0
0.9700367766225568
0
0
0
0
0
0
0
1.271066772286538
0
0
0
0
0
0.8450980400142568
0
0
0
1.7481880270062005
0
0
0
0
0
0
0
0
0
0
0
0
0
0
0
0
0
0
0
0
0
0
0
0
0
0
0
0
0
0
0
0
0
0
0
0
0
0
0
0
0
0.7939455175668755
0
0
0
0
0
0
0
0
0
0
0
0
0
0
0
0
0.5177391056279265
0
0
0
0
0
0
0
0
0
0
0
0
0
0
0
0
0
0
0
0
0
1.7481880270062005
0.4713702599391036
0
0
0
0
0
0
0
0.16092341685700617
0
0
0
0
0
0
0
1.0492180226701815
0
0
0
0
0
0
0
0
0
0
0
0
0
0
0
0
0
0
0
1.146128035678238
0
0
0
0
0
0.4505855671996173
0.7067953418479753
0
0
0
0
0
0
0
0
0
0
0
0
0.5756565787167394
0
0
0
0
0
0
0
0
0
0
0
0
0
0
0.5440680443502757
0
0
0
0
0
0
0
0
0
0
0
0
0
0
0
0
0
0
0
0
0
0
0
0
0
0
0
0
0
0
0
0.5440680443502757
0.20411998265592482
0
0
0
0
0
0
0
0
0
0
0.8450980400142568
0
0
0
0
0
0
0
0
0
0.38646019098860757
0
0
1.7481880270062005
0
0
0
0
0
0
0
0
0.0
2.5369786987974545
0
0
0
0
0
0
0
0
0
0
0.0965540501142037
0
0
0
0
0
0
0
0
1.1513131574334787
0
1.7481880270062005
0
0
0.3599726058784109
0
0
0.20411998265592482
0
0
0
0
0
1.0492180226701815
1.7512400916708142
0
0
0
1.7481880270062005
0
0.7496324196497995
0
0.7939455175668755
0
0
0
0
0
0
0
0
0.9700367766225568
0
0
0
0
0.21670910996394527
0
0
0
0
0
0
0
0
0
0
0
0
0
0
0
0
0
0
0
0
0
0
0
0
0
0
0
0
0
0
0
0
0
0
0
0
0
0
0
0
0
0
0.6501273298918357
0
0
0
0
0
0
0
0
0
0
0
0
0
0.5720967679505191
0
0
0
0
0
0
0
0
0
1.146128035678238
0
0
0
0
0
0.6690067809585756
0
0
0
0
0
0.4057653461839942
0
0
0
0
0
0
0
0
0.40823996531184964
0
0.6690067809585756
0
0
0
0
1.271066772286538
0
0
0.5720967679505191
0
0
0
0
0
0
0
0.8450980400142568
0
0
0
0
0
0
0
0
0
0
0.7939455175668755
0
0
0
0
0
0
0
0
0
0
0
0
0
0
0
0
0
0
1.4471580313422192
0
0
0
0
0
0
0
0
0
0
0
0
0
0.1968720906807266
0
0
0
0
0
0
0
0
0
0
0
0
0
0
0
0
0
0
0
0
0
0
0
0
0
0
0
0
0
0
0
0
0
0
0
0
0
0
0
0
0
0
0
0
0
0
0
0.19188552623891314
0
0
0
0
0
0
0
0
0
0.7067953418479753
0.0
0
0
0
0
0
0
0
0
0
0.19188552623891314
0
0
0
0
0
0
0
0
0.9700367766225568
0
0
0
0
0
0
0
0.9030899869919435
0
0
0
0
0
0
0
0.6498856145322254
0
0
0
0.4057653461839942
0
0.7481880270062005
0
0
0
0
0
0
0
0
0
0
0
0
0
0
0
0
0
0
0
0
0
0
0
0
0
0
0
0
0
0
0
0
0
0
0
0.023476012535869575
0
0.584512142712952
0
0
0
0
0
0
0
0
0
0
0
0
0.28492653969257026
0
0
0
0
0
0
0
0
0
0
0
0
0
0
0.46943442605337143
0
0
0
0
0
0
0
0
0
0
0
0
0
0
0
0
0
0
0
0
0.5440680443502757
0
0
0
0
0
0
0
0
0
0
0
0
0
0
0
0
0
0
0.6020599913279624
0
0
0
0
0
0
0.9700367766225568
0
0
0
0.4259687322722811
0.05799194697768673
0
0
0
0
0
0
2.120386025543926
0
0
0
0
0
0
0
0
0
0
0
0
0.22827050721144881
1.0492180226701815
0
0
0
0
0
0
0
0
0
0
0
0
0.46943442605337143
0
0
0
0
0
0
0
0
0.49291552190289434
0
0
0
0
0.9388688521067429
0
0
0
0.17998630293920545
0
0
0
0
0
0
0.9700367766225568
0
0
0
0
0
0
1.271066772286538
0
0
0
0.06694678963061322
0
0
0
0.38646019098860757
0
0
0
0
0
0
0
0
0
0
0
0
0
0
0
0
0
0.4471580313422192
0.11598389395537347
0
0
0
0
0
0.33321467903538243
0
0
0
0.06317706873292753
0
0
0
0
0
0
0
0
0
0
0
0
0
0
0
0
0
0
0
0
0
0
0
0
0.27106677228653797
0
0
0
0
0
0
0
0
0
0
0
0
0
0
0
0
0
0.2568263331719277
0
0
0
0
0
0.17086039064925274
0
0
0
0
0
0
0
0
0
0.3010299956639812
0
0
0
0
0
0
0.8450980400142568
0.4713702599391036
0
0
0
0
0
0
0
0
0
0
0
0
0
0
0.2857900291072444
0
0
0
0.6020599913279624
0
0
0
0
0
0
0
0
0
0
0
0
0
0
0
0
0
0
0
0
0.4189414020800519
0
0
0
0
0
0.7067953418479753
0
0.9030899869919435
0
0
0
0
0
0
0
0
0
0
0.11055987028262318
0
0.5136526663438554
0
0
2.292256071356476
0.38646019098860757
0
0
0
0
0
0
0
0
0
0
0
0
0
0
0
0
0
0.2568263331719277
0.12185355272479226
0
0
0
0
0
0
0
0
0
0
0
0
0
0
0
0
0
0
0
0
0
0
0
0
0.9700367766225568
0.3142468399594024
0.7067953418479753
0
0
0
0
0
0
0
0
0
1.146128035678238
0
0
0
0
0
0
0
0
0
0
0.30436067628193175
0
0
0
0
0
0
0
0
0
0
0
0
0
0
0
0.7067953418479753
0
0.9700367766225568
0
0
0
0
0
0
0
0
0
0
0.17998630293920545
0
0
0
0
0
0
0
0
0
0
0
0
0
0
0
0
0
0
1.7481880270062005
0
0
0
0
0
0.7359535705891889
0
0
0
0.6342446746993636
0
0
0
0
0
0
0
0
0
0
0
0
0
0
0
0.146128035678238
0
0
0
0
0.16247140363305634
0
0
0
0
0
0
0
0.7481880270062005
0
0
0
0
0
0
0
0.7067953418479753
0
0
0
0
0
0
0
0
0
0
1.271066772286538
0
0
0
0
0
0
0
0
0
1.146128035678238
0
0
0
0
0
0
0
0
0
0
0
0
0
0
0.24987747321659984
0
0
0
0
0
0
0
0
0
0
0
0
0
0.09476560309939129
0
0
0
0
0
0
0.28492653969257026
0
1.271066772286538
0
0
0
0
1.146128035678238
0
0
0
0
0
0.4259687322722811
0
1.0881360887005513
0
0
0
0.4713702599391036
0
0
0
0
0
0
0
0
0
0
0
0
0
0
0
0.2708083405729299
0
0
0
0
0
0.6501273298918357
0
0
0
0
0
0
0
0
0
0.22529278359980864
0.1571234199797012
0
0
0
0
0
0
0.7939455175668755
0
0
0
0
0
0
0
0
0
0
0.21670910996394527
0
0
0
0
0
0
0
0.34172078129850547
0
0
0
0
0
0
0
0
0
0
0
0
0
0
0
0
0
0
0
0
0
5.788632125368877
0.06694678963061322
0
0
0.2896621503426111
0
0
0
0
0
0
0
0
0
0
0
0
0
0
0
0
0
0
0
0
0
0
0
0
0
0
0
0
0
0
0
0
0
0
0
1.4471580313422192
0
0
0
0
0
0
0
0
0
0
0.4259687322722811
0
0.0
0
0
0
0
0
0
0
0
0.2708083405729299
0
0.16247140363305634
0
0
0
0
0
0
0.33321467903538243
0
0
0
0
0
0
0
0
0.4471580313422192
0.3142468399594024
0
1.0799178176352326
0
1.1441935359010382
0
0
0
0
0
0
0
0
0
0
0
0
0
0
0
0
0
0
0
0
0
0
0
2.542133544573076
0
0
0
0
1.0492180226701815
0
0
0
0
0
0.3368088607787805
1.5841213142360655
0
0
0
0
0
0
0
0
0
0
0
0
0
0
0.6342446746993636
0
0
0
0
0
0
0
0
0
0
0
0
0
0
0
0.0
0
0
0
0
0.7481880270062005
0
0
0
1.146128035678238
0.0717364722162341
0
0
0
0.5756565787167394
0
0
0
0
0
0
0
0
0
0
0
0
0
0
0
0
0
0
0
0
0
0
0
0
0
0
0.11956078702705682
0
0
0
0
0
0.22967408712831291
0
0
0
0
0.6690067809585756
0
0
0.12185355272479226
0.4471580313422192
0
0
0
0
0.0
0
0
0
0
0.11055987028262318
0
0
1.7481880270062005
0
0
0
0
0
0
0
0
0
0
0
0
0
0
0
0
0
0
0
0
0.7067953418479753
0.11598389395537347
0
0
0
0
0
2.292256071356476
0
0
0
0
0
0
0
0
0
0
0
0
0
0
0
0
1.4471580313422192
0
0
0
0
1.7481880270062005
0
0
0.7481880270062005
0
0.9721521947451777
0
0
0
0
0
0
0
0
0
0
0
0
0
0
0
0
0
0
0
0
0
0
0
0
0
0
0
0
0
0
0
0
0
0
0
0
0
0
0
0
0
0
0
0
0
0
0
0
0
0
0
0
0.4259687322722811
0
0
0
0
0
0
0
0
0
0
0
0
0
0
0
0
0
0
0
0
0
0
0
0
0
0
0
0
0
0
0
0
0
0
0
0
0
0
0
0
0
0
0
0
0
0
0.5440680443502757
0
0
0
0.0
0
0
0
0.21670910996394527
0
0
0
0
0
0
0
0
0
0
0
0
0
0
0
0
0
0
0
0
0
0
0
0
0
0
0
0
0
0
0
0
0
0
0
0
0
0
0
0
0
0
0
0
0
0
0
0
0
0
0
0
0
0
0
0
0
0
0
0
0
0
0
0
0
0
0
0
0
0
0
0.20084036889183965
0
0
0
0
0
0.7067953418479753
1.146128035678238
0
0
0
0
0
0
0.9030899869919435
0
0
0
0
0
0
0
0
0
0
0
0
0
0
1.9400735532451137
0
0
0.4259687322722811
0
0
0
0
0
0
0
1.146128035678238
0
0
0
0
0.146128035678238
0
0
0
0.19188552623891314
0
0
0
0
0
0
0
0
0
0
0
0
0
0
0
0
0
0
0
0
0
0
0
0
0
0
0
0
0
0
0
0
1.2041199826559248
0.3837710524778263
0
0
0
0
0
0
0
0
0
0
0
0
0
0
0
0
0
0
0
0
0
0
0
0
0
0
0
0
0
0
0
0
0.7067953418479753
0
0
0
0
0
0
0
0
0
0
0
0
0
0
0
0
0
0
0.3540315170854136
0
0
0
0
0
0
0
0
0
0
0
0
0
0
0
0
0
0
0
0
0
0
0
0
0
0
0
0
0
0
0
0
0
0
1.146128035678238
0
0.49291552190289434
0
0
0.2857900291072444
0
0
0
0
0.2857900291072444
0
0
0
0
0
0
0
0
0
0
0.49291552190289434
0
0
0
0
0.6690067809585756
0
0
0
0
0
0
0
0
0
0
0
0
0
0
0
0
0
0
0
0
0
0
0
0
0.7939455175668755
0
0
0
0
0
0
0
0
0
0
0
0
0
0
0
0
0.7939455175668755
0
0
1.4471580313422192
0
0
0
0
0
0
0
0
0
0
0.3142468399594024
0
0
0
0
0
0
0
0
0
0
0
0
0
0
0.5136526663438554
0
0
0
0
0
0
0
0.16840443038939024
0
0
0
0
0
0
0
0
0
0
0
0
0
0
0
0
0
0
0
0
0
0
0
0
0
0
0
0
0.09564862962164546
0
0
0
0
0
0
0
0
0
0
0
0
0
0
0
0.7067953418479753
0
0
0
0
0
0
2.244564081018601
0
0
0
0
0
0
0
0
0.5052132911681707
0
0
0
0
0
0
0
0
0
0
0
0
0
0
0.4471580313422192
0
0
0
0
0
0
0
0
0
0
0
0
0
0
0
0
0
0
0
0
0.5177391056279265
0
0
0
0
0
0
0
0
0.5177391056279265
0
0
0.4471580313422192
0.45934817425662583
0
0
0
0
0
0
0.46943442605337143
0
0
0
0
0
0
0
0
0.13540417028646495
0
1.0492180226701815
0
0
0
0
0
0
0
0
0
0
0
0
0
0
0
0
0
0
0
0
0
0
0
0
0
0
0
0
0.6342446746993636
0
0
0
0
0
0
0
0
0
0.4471580313422192
0
0
0
0
0
0
0
0
0
0
0
0.21670910996394527
0
0
0
1.0273053326877108
0
0
0
0
0.6690067809585756
0
0
0
0
0
0
0
0.46943442605337143
0
0
2.8943160626844384
0
0
0
0
0
0
0.3142468399594024
0
0.7481880270062005
0
0
0
0
0
0
0
0
0
0
0
0
0
0
0
0
0
0
0
0
0
0
0
0
0
0
0
0
0
0
0
0
0
0
0
0
0
0
0
0
0
0
0.015794267183231882
0
0.40823996531184964
0
0
0
0
0
0
0
0
0
0
0.8519374645445622
0
0
0
0
0
0
0
0
0
1.7481880270062005
1.7481880270062005
1.7481880270062005
0
0
0
0
0
0
0
0
0.45934817425662583
0
0
0
0
0
0.40823996531184964
0.6690067809585756
0
0
0
0
0
0
0
0
0
0
0
0
0
0
0.7939455175668755
0
0
0
0
0
0
0
0
0
0
0
0
0
0
0
0
0
0
0
0
0
0
0
0
0
0
0
0
0
0.6342446746993636
0
0
0
0
0
0
0
0
0
0
0
0
0.5440680443502757
0
0
0
0
0
0
0
0.4471580313422192
0
0.5440680443502757
0
0
0
0
0
0
0
0
0
0
0
0
0
0
0
0
0
0
0
0
0
0
0
0
0
0
0
0
0
0
0
0
0
0
1.7481880270062005
0
0
0
0
0
0
0
0.5136526663438554
0
0
0
0
0
0
0
0
0
0
0
0
0
0.2677871585224529
0.6690067809585756
0
0
0
0
0
0
0.8450980400142568
0
0
0
0
0
0
0
0
0.6342446746993636
0
0
0
0
0
0
0
0
0
0
0
0
0
0
0
0
0
0
0
0
0
0
0
0
0
0.49291552190289434
0
0
0
0
0
0
0
0
0
0
0
0
0
0
0
0
0
0.35024801833416286
0
0.5136526663438554
0
0
0
0
0
0
0
0
0
0
0.6336485256944262
0
0
0
0
0
0
0
0
0
0
0
0.06694678963061322
0
0
0
0
0
0.17998630293920545
0
1.271066772286538
1.271066772286538
0
0
0
0
0
0.9388688521067429
0
0.2857900291072444
0.146128035678238
0
0.6020599913279624
0
0.6020599913279624
0
0
0
0
0
0
0
0
0
0
0.7067953418479753
0
0
0.16840443038939024
0
0
0
0.17086039064925274
0
0.38646019098860757
0
0
0
0
0
0
0
0
0
0
0
0
0
0
0
0
0.15218033814096588
0
0
0
0
0
0
0
0
0
0
0
0
0
0
0
0
0
0.7067953418479753
0
0
0
0
0
0
0
0
0
0
0
0.3010299956639812
0
0.12493873660829992
0
0
0
0.3168242628472131
0
0
0
0.1899510264617135
0
0
0
0
0
0
0
0
0
0
0.17998630293920545
0
0
0
0
0
0
0
0
0
0
0
0
0
0
0
0.27106677228653797
0
0
0
0.49291552190289434
0
0
0
0
0
0
0
0
0
0
0
0
0
0
0
0
0
0
0
0.4259687322722811
0.24303804868629442
0
0
0
0
0
0
0
0
0
0
0.8450980400142568
0
0
0
1.7481880270062005
0
0
0
0
0
0
0
0
0
0
0
0
0
0
0
0
0
0
0
0.11055987028262318
0.9030899869919435
0
0
0
0.33321467903538243
0
0
0
0
0
0
0
0
0
0
0
0
2.5352941200427703
0
0
0
0
0.9700367766225568
0
0
0.36797678529459443
0
0
0
0
0.5715800582144888
0
0
0
0
0
0
0
0
0.5440680443502757
0
0
0
0
0
0.5720967679505191
0
0
0
0
0
0
0
0
1.146128035678238
0
0
0
0
0
0
0
0
0.33321467903538243
0
0
0
0
0
0
0
0.4016807377836793
0
0
0
0.9700367766225568
0
0
0
0
0
0
0
0
0
0
0
0.9700367766225568
0
0
0
0
0
0
0
0
0.6020599913279624
0
0
0
0
0
0
0
0
0
0
0
0
0
0
0
0
0
0
0
0
0
0
0
0.7291141460588833
0
0
0
0
0
0
0
0
0
0
0
0
0
0
0
0
0.01565067502391305
0
0
0
0.7481880270062005
0.7939455175668755
0
0
0
0
0
0
0
0
0
0
0
0
0
0
0
0
0
0.08543019532462637
0
0
0
0
0
0
0.8450980400142568
0
0.7939455175668755
0
0
0
0
0
0
0
0
0
0
0
0.5440680443502757
0
0
0
0
0
0
0
0
0
0
0
0
0
0
0
0
0
0
0
0
0
0
0
0
0
0
0
0
0
0
0
0
0
0
0
0
0
0
0
0
0
0
0
0
0
0
0
0
0
0
0
0
0
1.0492180226701815
0
0
0
0
0.9030899869919435
0
1.271066772286538
0
0
0
0
0
0
0
0
1.7481880270062005
0.38646019098860757
0
0
0
0
0
0.48607609737258883
0.24303804868629442
0.4471580313422192
0
0
0
0.10172938765543484
0
0.7939455175668755
0
0
0
0
0
0
0
0
0
0
0
0
0
0
0
0
0
0
0
0
1.0492180226701815
0
0
0
0
0
0
0
0
0
0
0
0
0
0
0
0
0.28492653969257026
0
0
0
0
0
0
0
0
0
0
0
0
0
0
0
0
0
0
0
0
0
0
0.6020599913279624
0
0
0
0
0
0
0
0.146128035678238
0.6020599913279624
0
0
0
0
0
0
0
0
0
0
0
0
0
0
0
0
0
0
0
0
0
0
0
0
0
0.36797678529459443
0
0
0
0
0
1.0492180226701815
0
0
0
0
0
0
0
0
0
0
0
0
0
0
0
0
0.36797678529459443
0
0
0
0
0.9700367766225568
0
0.5720967679505191
0
0
0
0
0
0
0
0
0
0
0
0
0
0.1739758409330602
0.38646019098860757
0.6690067809585756
0
0
0
0
0
0
0.3168242628472131
0
0
0
0
0
0.7939455175668755
0
0
0
0
0
0
0
0
0
0
0
0
0
0
0
0
0
0
0
0
0
0
0
0
0
0
0
0
0
0
0
0
0
0
0
0
0
0.9388688521067429
0.09497551323085675
0
0
0
0
0
0
0
0
0
0.16247140363305634
0
0
0
0
0
0
0.9030899869919435
0
0
0
0
0
0
0
0
0
0
0
0
0
0
0
0
0.28492653969257026
0
0
0
0
0
0.7481880270062005
1.271066772286538
0
0
0
0
0
0
0
0
0
0
0
0
0
0
0
0
0
0
0
0
0
0
0
0
0
0
0
0
0
0
0
0
0
0
0
0
0
0
0
0
0
0
0
0
0
0
0.146128035678238
0
0
0.7291141460588833
0
0
0
0
0
0
0
0
0
0
0
0.12873873348560494
0.06694678963061322
0
0
0
0.0
0
0
0
0
0.146128035678238
0
0
0
0.07042803760760873
0
0
0.06317706873292753
0
0
0
0.09497551323085675
0
0.2899597348884337
0
0
0
0.04921802267018165
0
0.032184683371401235
0
0
0
0.49291552190289434
0
0.45654101442289763
0
0
0
0
0
0
1.146128035678238
0
0
0
0
0.0
0
0
0
0
0
0.023912157405411364
0
0
0
0
0.7199452117568218
0
0
0
0
0
0
0.21670910996394527
0
0
0
0
1.146128035678238
0
0
0
0.06694678963061322
0
0
0
0
0
0
0
0
0
0
0
0.01565067502391305
0
0
0
0
0
0
0
0
0
0
0.16247140363305634
0
0
0
0.6342446746993636
0
0
0
0
0
0
0
0
0
0
0
0
0.8668364398557811
0.4057653461839942
0
0.8519374645445622
0
0
0
0
0
1.4471580313422192
0
0
0
0
0
0.7359535705891889
0
0
0
0
0
0
0
0
0
0
0
0
0
0
0
0
0
0
0
0
0
0.42715097662313184
0
0
0
0
0
0
0
0
0
0
0
0
0
0
0
0
0
0
0
0
0
0
0
0
0
0
0.6342446746993636
0
0
0
0
0
0
0
0
0
0
0
0
0
0
0
0
0
0
0
0
0
0
0
0
0
0.5715800582144888
0
0
0
0
0
0
0
0.8450980400142568
0
0
0
0
0
0
0
0.17086039064925274
0
0
0.7067953418479753
0
0
0
0
0
0
0
0
0
0
0
0
0
0.27106677228653797
1.146128035678238
0
0
0
0
0
0
0
0
0
0
0
0
0.3168242628472131
0
0
0
0
0
0.0313013500478261
0
0
0
0
0
0
0
0
0
0
0
0
0
0
0
0
0
0
0
1.7481880270062005
0
0.2899597348884337
0
0
0
0
0
0
0
0.9388688521067429
0
0
0
0
0
0
0
0
0
0
0
0
0
0
0
0
0
0.6690067809585756
0
0
0
0
0
0
0
0
0
0
0
0
0
0
0
0
0
0.3655606581743768
0
0
0
0
0
0
0
0
0
0
0
0
0
0
0
0
0
0
0
0.35024801833416286
0
0
0
0
0
0
0
0
0
0
0
0
0
0
0
0
0
0
1.146128035678238
0
0
0
0.33321467903538243
0
0
0
0
0
0
0
0
0
0
0
0
0
0
0
0
0
0
0
0
0
0
0
0
0
0
0
1.271066772286538
0
0
0
0
0
0
0
0
0
0
0
0
0
0
0
0
0
0
0
0
0
0
0.6020599913279624
0
0
0
0.12493873660829992
0
0.5177391056279265
0.4057653461839942
0
0
0
0
0
0
0
0
0
0
0
1.7481880270062005
0
0
0
0
0
0.7067953418479753
0
0
0
0
0
0
0
0
0
0
0
0
0
0.9700367766225568
0
0.8450980400142568
0
1.5532173168837793
0
0
0
0
0
0
0
0
0
0
0
0
0
0
0
0
0
1.3743261026912992
0
0.27106677228653797
0
2.1298436613614053
0
0
0
0.12873873348560494
0
0
0
0
0
0
0
0.5440680443502757
0
0
0
0
0
0
0
0
0.146128035678238
0
0.047382801549695645
0
0
0
0
0
0
0
0
0
0
0
0
0
0
0
0
0
0
0.292256071356476
0
0
0
0
0
0
0
0.6342446746993636
0
0
0
0.8450980400142568
0
0
0
0
0
0.2562905859738791
0
0
0
0
0
0
0
0
0
0.35024801833416286
0.36797678529459443
0
0
0
0
0
0
0
0.3168242628472131
0
0
0
0
0
0
0
0.7481880270062005
0
0
0
0
0
0
0
0.16247140363305634
0
0
0
0
0.27106677228653797
0
0.11956078702705682
0
0
0
0
0.0984360453403633
0
0.146128035678238
0
0
0
0
0
0.21670910996394527
0
0.19188552623891314
0
0.0
0
0
0.5421335445730759
0
0
0
0
0
0
0
0
0
0
0
0
0
0
0
0
0
0
0.0
0
0
0
0
0
0
0.3142468399594024
0
0.9700367766225568
0
0
0
0
0
0
0
0
0
0
0.0
0.9700367766225568
0
0
0.49291552190289434
0
0
0
0
0
0
0.2708083405729299
0
0
0
0
0
0
0
0.10473535052001297
0.17086039064925274
0
0.2708083405729299
0
0
0.12493873660829992
0
0.24370710544958452
0
0
0
0
0
0.7004960366683257
0
0.36797678529459443
0
0
0.12493873660829992
0
0.6342446746993636
0
0
0
0
0
0
0
0
0
0
0
0
0
0
0
0
0
0
0
0.3655606581743768
0
0
0
0
0
0
0
0
0
0
0
0
0
0
0.3010299956639812
0.3010299956639812
0.0626027000956522
0
0
0
0
0
0
0
0
0.3249428072661127
1.5532173168837793
0
0
1.146128035678238
0.5720967679505191
0
0.38646019098860757
0
0
0
0.7874883627229065
0
0
0
1.271066772286538
0
0
0
0
0
