0
0
0
4.807354922057604
0
0
0
0
0
0
5.807354922057604
0
0
0
0
0
0
0
0
0
0
0
0
0
0
0
0
0
0
0
11.614709844115207
0
0
0
0
0
0
0
0
0
0
0
0
0
0
0
0
0
0
0
0
3.807354922057604
0
0
0
5.807354922057604
0
0
0
0
0
0
0
0
0
0
0
0
0
0
0
0
0
0
0
0
0
0
0
0
0
0
0
0
0
0
0
0
0
0
0
0
0
0
0
0
0
0
0
0
0
0
0
0
0
0
0
0
0
0
0
0
0
1.5594274086140185
0
0
0
0
0
0
0
0
0
0
0
0
0
0
0
0
0
0
0
0
0
0
2.6374299206152916
0
0
0
0
0
0
0
0
0
0
0
0
0
0
0
0
0
0
0
0
0
0
0
0
0
1.1634987322828796
0
0
0
0
0
0
0
0
0
0
0
0
0
0
0
0
0
0
0
0
0
0
0
0
0
0
0
0
0
0
0
0
0
0
0
0
0
0
0
0
0
0
0
0
0
0
0
0
0
0
0
0
0
0
0
0
0
0
0
0
0
0
1.6374299206152918
1.2837929660005913
0
0
0
0
0
0
0
0
0
0
0
0
0
0
0
0
0
0
0
0
0
0
0
0
0
0
0
0
0
0
0
0
0
0
0
0
0
0
0
0
0
0
0
0
0
0
0
0
0
0
0
0
0
0
0
0
0
0
0
0
0
0
0
0
0
0
0
0
0
0
0
0
0
0
0
0
0
0
0
2.106915203916512
0
0
0
0
0
0
0
0
0
0
0
0
0
0
0
0
0
0
5.807354922057604
0
0
0
0
0
0
0
0
0
0
0
0
0
0
0
0
0
0
0
0
0
0
0
0
0
0
0
0
0
0
0
0
0
0
0
0
0
0
0
0
0
0
0
0
4.04376991026092
0
0
0
0.3971723374720246
0
0
0
0
0
0
0
0
0
0
0
0
0
0
0
0
0
0
2.0
0
0.7198920808072646
0
0
0
0
19.004643264490856
0
0
0
0
0
0
0
4.807354922057604
0
0
0
0
0
2.0
0
0
0
0
0
0
0
0
0
0
0
0
0
0
2.106915203916512
0
0
0
0
0
0
2.347923303420307
0
0
0
0
0
0
0
3.807354922057604
0
0
0
0
0
0
0
0
0
0
0
0
0
0
0
0
0
0
0
5.807354922057604
0
0
0
0
0
4.222392421336448
0
0
0
0
0
0
0
0
0
0
0
0
0
0
0
0
0
3.0
1.7198920808072646
0
0
0
0
0
0
0
0
0
0
0.31773786997761966
0
0
3.2748598412305836
0
0
0
0
0
0
0
0
1.222392421336448
0
0
0
0
0
0
2.807354922057604
0
0
0
0
0
0
0
0
0
0
0
0
0
0
0
0
0
0
0
0
0
0
0
0
0
0
3.118854817228037
0
2.6374299206152916
7.614709844115208
0
0
0
0
0
0
0
0.2599520853294435
0
0
0
0
0
0
0.8531586116707288
0
0
0
0
0
0.0
0
0.23395687679649918
0
0
0
0
0
0
0
0
0
0.10398083413177742
0
0
0
0
0
0
0
0
0
0
0
0
0
0
0
0
0
0
0
0
0
0
0
0
0
0
0
0
0
0
0
0
0
0
0
0
0
0
0
0
0
0
0
0
0
0.899605834879041
0
0
0
0
0
0
0
0
0
0
0
0
0
0
0
0
0
0
0
0
0
0
0
0
5.807354922057604
0
0
0
0
0
4.222392421336448
0
0
0
0
0
0
0
0
0
0
0
0
0
0
0
0
0
0
0
0
0
1.8073549220576042
0
0
0
0
0
0
0
0
0
0
0
0
0
0
0
0
0
1.6374299206152918
0
0
0
0
0
0
0
0
0
0
0
0
0
0
0
0
2.222392421336448
0
0
0
0
0
0
0
0
0
0
0
0
0
0
0
0
0
0
0
0
11.614709844115207
0
0
0
0
0
0
0
0
0
0
0
0
0
0
0
0
0
0
0
0
0
0
3.4854268271702415
0
0
3.222392421336448
0
0
0
0
0
0
0
0
0
0
0
0
0
0
0
5.614709844115208
0
4.0
0
0
0
0
0
0
0.9004643264490856
0
0
0
0
0
0
0
0
0
0
0
0
0
0
0
0
0
0
0
0
0
0
0
0
0
0
0
0
0
0
0
0
0
0
0
0
0
0
0
0
0
0
0
0
0
0
0
0
0
0
0
0
0
0
4.222392421336448
0
0
0
0
0
0
0
0
0
0
0
0
0
0
0
0.48542682717024166
0
0
0
0
0
0
0
0.15740225968240645
0.3269974645657591
0
3.4854268271702415
0.8073549220576041
0
0
0
0
0
0
0
0
0
0
0
0
1.2837929660005913
0
1.1069152039165118
0
0
0
0
0
0
0
0
0
0
0
0
0
0
0
0
4.889569685345792
0
0
0
0
0
0
0
0
0
0
0
0
0
0
0
0
0
1.2451124978365313
0
0
0
0
0
0
0
0
0
0
0
0
0
0
0
0
0
0
0
3.807354922057604
5.807354922057604
0
0
0
1.6374299206152918
3.0
5.807354922057604
0
0
0
0
0
0
0
0
0
0
0
0
0
0
0
0
0
0
0
0
0
0
0
0
0
0
0
0
0
0
0
0
0
0
0
0
0
0
0
0
0
0
0
0
0
0
0
0
0
0
0
0
0
0
0
0
0
0
0
0
0
0
0
0
0
0
0
0
0
0
0
0
0
0
0
0
0
0
0
0
0
0
0
2.222392421336448
0
0
0
0
0
0
0
0
0
0
0
0
0
1.2837929660005913
0
0
0
0
0
0
0
0
0
0
0
0
0
0
0
0
0
0
0
0
0
0
0
0.5055321407599334
0
0
0
0
0
0
0
0
0
0
0
0
0
0
0
0
0
0
0
0
0
0
0
0
1.6374299206152918
0
0
0
0
0
0
0
0
0
0
0
0
0
0
0
0
0
0
0
0
0
0
0
0
0
0
0
0
0
0
0.0
0
5.807354922057604
0
0.0
0
0.7198920808072646
0
0
0
0
0.9493739269300321
0
0
0
0
0
0.7621803347110125
0
0
0
0
0
0
0
0
0
0
0
0
0
0
0
0
0
0
0
9.614709844115207
0
0
0
0
0
0
0
0
0
7.918812888879911
0
0
0
0
0
0
0
0
0
0
0
0
0
0
0
0
0
0
0
0
0
0
0
0
0
0
0
0
0
0
0
0
0
0
0
5.807354922057604
0
0
0
0
0
0
0
0
0
0
0
0
0
0
0
0
0
0
0.41503749927884376
0
0
2.106915203916512
0
0
0
0
0
0
0
0
5.807354922057604
0
0
0
0
0
0
0.22239242133644802
0
0
0
3.807354922057604
0
0
0
0
0
0
0
0
0
0
0
0
0
0
0
0
0
0
0
0
0
0
0
0
0
0
0
0
0
0
0
0
0
0
0
0
0
0
3.155018257279294
16.37429920615292
0
0
0
0
0.9465054771837882
0
0
2.222392421336448
0
0
0
0
0
0
0
0
0
0
0
0
0
0
0
0
0
0
0
0
0
0.3155018257279294
0
0
0
0
0
0
0
0
0
0
0
0
0
0
0
0
0
1.0524674198941355
0
0
0
0
0
0
0
0
0
0
0
0
5.807354922057604
0
0
0
0
0
0
0
0
0
0
0
0
0
0
0
0
0
0
0
0
0
0
0
0
0
0
0
0
3.0
0
0
0
0
0
0
0
0
0
0
0
0
0
0
0
0
0
0
0
0
0
0
0
0
0
0
0
0
0
0
3.807354922057604
0
0
0
0
0
0
0
0
0
0
0
0
0
0
0
0
0
0
0
0
0
0
0
0
0
0
0
0
0
0
0
0.44478484267289603
5.807354922057604
0
0.6374299206152918
0
0
0
0
0
5.807354922057604
0
0
0
0
0
3.4854268271702415
0
0
0
0
0
0
0
9.941707308680966
0
0
0
0
0
0
0
0
0
0
0
0
0
0
0
0
0
0
0
0
0
0
0
0
0
0
0
0
0
0
2.106915203916512
0
0
0
0
0
0
0
0
0
0
0
0
0
0
0
0
0
0
0
0
0
0.5594274086140185
0
11.614709844115207
0
0
0
0
0
0
0
0
0
0
0
0
0
0
0
0
0
0
0
0
0
0
0
0
0
0
0
0
0
0
0
0
0
0
0
0
0
0
0
0
0
0
0
0
0
0
0
0
0
0
0
0
13.941707308680966
3.807354922057604
0
5.807354922057604
0
0
0
0
0
0
0
0
0
0
0
0
0
0
0
0
0
0
0
0
0
0
0
0
0
0
0
0
0
0
0
0
0
0
0
2.5594758350121865
0
0
0
0
0
0
0
0
0
0
0.23395687679649918
0
0
0
0
0
0
0
0
0
0
2.222392421336448
0
0
0
0
0
0
0
0
0
0
0
0
0
1.7063172233414576
0
0
0
0
0
0
0
0
0
6.320745611749536
0
0
0
0
0
0
0
0
1.4150374992788437
0
0
0
0
0
0
0
0
0
0
0
0
0
0
0
4.222392421336448
3.4854268271702415
0
0
0
0
0
0
0
0
0
0
0
0
0
0
0
0
2.807354922057604
0
0
0
0
0
0
0
0
0
0
0
0
0
0
0
0.8073549220576041
0
0
0
0
0
0
0
4.807354922057604
0
0
0
0
0
0
0
0
0
0
0
0
2.807354922057604
0
0
0
0
0
0
0
0
0
0
0
0
0
0
0
0
0
0
0
0
0
0
0
0
0
0
0
0
0
0
0
0
0
0
0
0
0
0
0
0
0
0
0
0
1.6374299206152918
0
0
0
0
0
0
0
0
0
0
0
0
0
11.422064766172813
0
11.422064766172813
0
0
0
0
0
3.0
0
0
0
0
0
0
0
0
0
0
0
0
0
0
5.807354922057604
0
0
0
0
0
0
0
0
0
0
0
0
0
0
0
0
0
0
0
0
0
0
0
0
0
0
0
0
0
0
0
0
0
0
0
1.1634987322828796
0
0
0
0
0
0
0
0
0
0
0
0
0
0
0
4.807354922057604
24.03677461028802
0
0
1.8073549220576042
0
0
0
0
0
0
0
0
5.807354922057604
0
0
0
0
0
0
0
0
0
0
0
0
0
0
0
0
0
5.807354922057604
0
0
0
0
0
0
0
0
0
0
0
0
0
0
0
0
0
0
0
0
0
0
0
5.614709844115208
0
0
0
0
0
0
0
0
0
0
0
0
0
0
0
0
0
0
0
0
0
0
0
0
0
0
0
0
0
0
0
0
0
0
0
0
0
0
0
0
0
0
0
0
0
0
0
0
0
0
0
0
0
0
0
2.106915203916512
0
0
0
0
0
0
0
0
0
0
0
0
0
0.5979015564286544
0
0
0
0
0
0
0
0
0
0
0
0
0
0
0
0
0
3.807354922057604
0
0
0
0
0
0
0
0
0
0
0
0
0
0
0
0
0
0
0
0
0
0
0
0
0
0
0
0
0
0
0
0
0
0
0
0
0
0
0
0
0
0
0
0
0
0
0
0
0
0
0
0
0
1.2837929660005913
0
0
0
0
0
1.739616517101534
0
0
0
0
0
0
0
0
0
0
3.807354922057604
0
0
0
0.9493739269300321
0
0
0
0.899605834879041
0
0
0
0
0
0
0
0
0
0
0
0
0
0
0
0.22239242133644802
0
0
0
0
0
0
0
0
0
0
0
0
0
0
0
0
3.222392421336448
0
0
0
0
0
0
0
0
0
0
0
0
0
0
0
0
0
0
0
0
0
0
0
0
0
0
0
0
0
0
0
0
4.04376991026092
0
0
0
0
9.614709844115207
0
0
0
0
0
0
0
0
0
0
0
0
0
0.9708536543404833
0
0
0
0
2.104934839788271
0
0
0
0
0.8073549220576041
0
0
0
0
0
2.222392421336448
0
0
0
0
0
0
0
0
0
0
0
17.42206476617281
0
0
5.807354922057604
0
4.807354922057604
0
0
0
0
0
0
0
0
0
0
0
0
0
0
0
0
0
0
0
0
0
5.807354922057604
0
0
0
0
0
0
0
0
0
0
0
0
0
0
0
0
0
0
0
0
0
0
0
0
0
0
0
0
52.266194298518435
0
0
0
0
0
0
0
0
0
0
0
0
0
0
0
0
0.44478484267289603
0
0
0
3.0
0
0
0
0
0
0
0
0
0.899605834879041
0
0
0
0
0
0
0
0
0
0
0
0
0
0
0
0
0
0
0
0
0
4.222392421336448
0
0
0
0
0
0
0
0
0
0
0
0
0
0
0
0
0
0
0
0
0
0
0
0
0
0
0
0
2.807354922057604
0
0
0
0
0
0
2.6374299206152916
0
0
0
0
0
0
0
0
0
0
0
1.0524674198941355
0
0
0
0
0
0
0
0
0
0
0
0
0
0
0
0
0
0
0
0.28379296600059134
0
0
0
0
0
0
0
0
0
0.07798562559883307
0
0
2.222392421336448
3.1574022596824065
0
0
0
0
0
0
0
0
0
0
0
0
0
0
0
0
0
0
0
0
0
0
0
0
0
0
0
0
0
0
0
0
0
0
0
0
0
0
4.222392421336448
0
0
0
0
0
2.347923303420307
6.444784842672896
0
0
0
0
0
0
3.8009286528981714
0
0
0
0
0
0
4.807354922057604
0
0
0
0
0
0
0
0
0
0
0
0
0
0
0
0
0
0
0
0
0
0
0
0
0
0
0
0
0
0
0
0
0
0
0
5.807354922057604
0
0
0
0
0
0
0
0
0
0
0
0
0
2.807354922057604
2.6374299206152916
0
0
0.9493739269300321
0
0
0
0
0.48542682717024166
0
0
0
0
0
4.222392421336448
0
0
0
0
0
0
0
0
0
0
0
4.573082008266075
0
0
0
0
0
0
0
0
0
0
0
0
0
0
0
0
0
0
0
1.222392421336448
0
0
0
0
0
0
0
0
0
1.799211669758082
0
0
0
0
0
0
0
0
0
0
0
0
0
0
0
0
0
0
0
0
0
0
0
0
0
0
0
0
0
0.48542682717024166
0
1.5594274086140185
0
0
0
0
0
0
0
0
0
0
1.3479233034203069
0
1.4854268271702418
0
0
0
0
0
0
0
0
0
0
0
0
0
0
0
0.21383040783302376
0
0
0
0
0
0
0
0
0
0
0
0
0
0
0
1.5594274086140185
0
0
0
0
0
0
0
0
5.807354922057604
0
0
0
0
0
0
0
0
0
0
0
0
0
0
0
0
0
0
0
0
0
0
0
0
0
0
0
0
0
0
0
0
0
0
0
0
0
0
0
0
0
0
0.9004643264490856
0
0
0
0
0
0.22239242133644802
0
0
0
0
0
0
0
0
0
4.213830407833024
0
0
0
0
0
0
0
0
0
0
0
0
0
0
4.222392421336448
0
0
0
0
0
0
0
0
0
0
0
0
0
0
0
0
0
0
0
0
0
0
0
2.6374299206152916
0
0
1.4150374992788437
0
0
0
0
0
0
0
0
0
0
0
0.0
0
0
0
0
0
0
4.444784842672896
0
0
0
4.695846606840614
0
8.556746949355137
0
0
0
0
0
0
0
0
0
2.347923303420307
0
0.899605834879041
0
0
0
0
0
0
0
0
0
0
0
0
0
0
0
0
0
0
0
0
0
0
0
0
0
0
0.07943446749440491
0
0
0
0
0
0
0
0.8073549220576041
0
0
0
0
0
0
0
0
0
0
0
0
0
0
0
0.5594274086140185
0
0
0
0.07943446749440491
0
0
0
0
0
0
0
0
0.5594274086140185
0
0
0
0
0
0
0
0
0
0
0
0
0
0
0.05199041706588871
0
0
0
0
0
0
0
0
0
0
0
0
0
0
0
0
0
0
0
4.807354922057604
0
0
0
0
4.222392421336448
0
0
0
0
0
0
0
0.10493483978827096
0
0
0
0
0
0
0
0
0
0
0
0
0
0
0
0
0
0
0
0
0
0
0
2.347923303420307
0
4.0
0
0
0
0
0
0
0
0
0
0
5.807354922057604
0
0
0
0
0
0
0
0
0
0
0
0
0
0
0
0
0
0
0
0
0
0
0
0
0
0
0
0
0
0
0
0
0
0
2.9708536543404835
0
0
0
0
0
0
0
0
0
0
0
0
0
0
0
0
0
0
0
0
0
0
0
0
0
0
0
0
0
0
0
0
0
0
0
0
0
0
0
0
0
0
3.6147098441152083
0
0
0
0
0
0
0
0
0
0
0
0
0
0
0
0
0
0
0
0
0
0
0
0
0
0
0
0
0
0
0
0
0
0
0
0
0
0
0
0
0
0
0
0
0
0
0
0
0
1.5658581095860673
0
0
0
0
0
0
0
0
0
0
0
0
0
0
0
0
0
0
0
0
0
0
0
0
0
0
0
0
3.8009286528981714
0
0
0
0
0
0
0
0
0
0
0
0
0
0
0
0
0
0
0
0
0
0
0
0
0
0
0
0
0
0
0
0
0
0
1.3561438102252754
0
0
0
0
0
0
0
0
0
0
1.1634987322828796
2.4854268271702415
0
0
0
0
0
0
0
0
0
0
0
0
0
0
0
0
0
0
0
0
0
0
0
0
0
0
0
1.3561438102252754
0
3.4854268271702415
0
0
0
0
0
0
0
0
0
0
0
0
0
0
0
0
0
0
0
0
0
0
0
0
0
0
0
0
0
0
0.0
0
0
0
2.106915203916512
0
0
0
0
0
0
0
0.21383040783302376
0
0
0
0
0
0
0
0
0
0
0
0
0
0.5979015564286544
0
0
0.6780719051126377
0
0
4.222392421336448
0
0
0
0
0
0
0
0
0
0.41503749927884376
0
0
0
0
0
0
0
0
0
0
0
0
0
0
0
0
0
2.0
0
0
0
0
0
0
0
0
4.807354922057604
0
0
0
0
0
0
0
0
0
0
0
0
3.807354922057604
4.807354922057604
0
0
0
0
0
1.4397841616145293
1.2451124978365313
0
5.534576019582559
0
0
0
0
0
0
0
0
0
0
0
0
0
1.0524674198941355
0
0
0
0
0
0
0
0
3.8009286528981714
0
0
0
0
0
0
0
0
0
0
0
0
0
0
0
0
0
0
0
0
0
0
0
0
0
0
0
0
0
0
0
0
0
0
0
7.614709844115208
0
0
0
0
0
0
0
0
0
0
0
0
0
1.8987478538600642
0
0
0
5.807354922057604
0
0
0
0
0
5.274859841230583
0
0
0
0
0
0
0
0
0
0
0
0
0.28379296600059134
0
0
0
0
0
0
0
0
0
0
0
0
0
0
0
0
0
0
0
0.49049619684863865
0
0
0
0
0
0
0
0
0
0
0
0
0
0
4.807354922057604
0
0
0
0
0
0
0
0
0
0
0
0
0
0
0
0
0
0
0
0
0
0
0
1.9004643264490857
0
0
0
0
0
0
0
0
0
0
0
0
0
0
0
0
0
2.444784842672896
0
0.0
0
0
0
0
0
0
0
0
2.807354922057604
1.2748598412305836
0
0
0
0
0
0
0
0
0
0
0
0
0
0
0
0
0
0
0
0
0
0
0
0
0.2698591601722173
0
0
0
0
0
0
0
0
0
0
0
0
0
0
0
2.4854268271702415
0
0
0
0
0
0
0
0
0
0
0
0
0
0
0
0
0
0
0
0
0
0
0
0
0
0.025995208532944354
0
0
0
0
0
0
0
0
0
0
0
0
0
0
0
3.222392421336448
0
0
0
0
0
0
0
0
0
0
4.912289761845876
0
0
0
0
0
2.347923303420307
0
0
0
0
0
0
0
0
0
0
0
0
0
0
0
0
0
0
0
0
0
0
0
0
0
0
0
2.222392421336448
0
0
0
0
0
0
4.807354922057604
0
0
0
0
0
0
0
0
0
0
1.1069152039165118
0
1.4150374992788437
0.19264507794239583
0
0
0
0
0
0
0
0
0
0
0
0
0
0
0
0
0
0
0
0.2527660703799667
0
0
0
0
0
0
0
0
0
0
0
0
0
0
1.4150374992788437
2.6958466068406137
0
0
0
0
0
0
0
0
0
0
4.912289761845876
0
0
0
0
0
0
0
0
0
0
0
0
0
0
0
0
0
0
0
0
0
0
0
0
0
0
0
0
0
0
0
0
4.222392421336448
0
0
0
0
0
0
0
0
0
0
0.7198920808072646
0
0.19264507794239583
0
0
0
0
0
1.1069152039165118
0
3.0
0
0.05246741989413548
0
0
0
0
0
0
0
0
0
0
0
0
0
0
0
0
0
0
0
0
0
0
0
2.347923303420307
0
0
0
0
0
0
0
0
0
0
0
0
0
0
4.807354922057604
0
0
0
0.8531586116707288
0
0
0
0
0
0.28379296600059134
0
0
0
0
0
0
0
0
0
0
0
0
0
0
0
0
0
0.5219527031953558
0
0
0
0
0.8073549220576041
0
0
0
0
5.807354922057604
0
0
0
0
0
5.807354922057604
0
0
10.0
0
0
0
0
0
0
0
0
0
5.807354922057604
0
0
0
0
0
0
0
0
0
0
0
0
0
0
0
0
0
0
0
0
0
0
0
0
0
0
0.7629608026991507
0
0
0.3148045193648129
0
0
0
0
0
0
0
0
0
0
0
0
0
0
0
0
0
0
0
0
0
0
0
0
0.4047887402583259
0
0
0
0
0
0
0
0
0
0
0
0
0
0
2.222392421336448
0
0
0
0
0
0
0
0
0
0
0
0
0
4.807354922057604
4.807354922057604
0
0
0
11.614709844115207
0
0
0
0
0
0
0
0
0
0
0
0
5.807354922057604
0
0
0.3155018257279294
0
0
5.807354922057604
0
0
0
0
0
0
0
0
0
0
0
0
0
0
0
0
0
0
0
1.0
0
0
0
0
0
0
0
0
0
0
0
0
0
0
0
0
0
0
0
0
0
0
0
0
0
0
0
0
0
0
0
0
0
0
0
0
0.5979015564286544
0
0
0
0
0
0
0
0
0
0
0
0.48542682717024166
0
0
0
0
0
0
0
0
0
0
0
0
0
0
0
0
0
0
0
0
0
0
0
2.807354922057604
0
0
0
0
0
0
0
0
0
0
0
0
0
0
0
0
0
0
0
0
0
0
0
0
0
0
0
0
3.8009286528981714
2.0
0
0
0.8300749985576875
0
0
0
0
0
0
0
0
0
0
0
0
0
0.20986967957654193
0
0
0
0
0
0
0.3155018257279294
0
0
12.0
0
0
0
0
0
0
0
0
0
0
0
0
0
0
0
1.0439054063907116
0
0
0
0
0
0
0
0
0
0
0
0
0
0
0
1.799211669758082
0.12997604266472176
0
0
0
0
0
0
0
0
0
5.807354922057604
0
0
0
0
0.10691520391651188
0
0
0
0
0
0
0
0
0
0
0
0
0
0
0
0
0
0
0.7198920808072646
0
0
0
0
0
0
0
0.5675859320011827
2.807354922057604
2.4854268271702415
0
0
0
0
0
0
0
0
0
0
0
0
0
0
12.667177264009343
0
0
0
0
0
0
0
0
0.32074561174953564
5.807354922057604
0
0
0
0
0
0
0
0
1.1634987322828796
0
0
0
0
0
0
0
0
0
0
0
0
0
0
0
0
0
0
0
0
0
0
0
0
0
0
0
0
0
0
0
0
0
0
0
0
0
0
0.0
0
0
0
0
0
0
0
0
0
0
0.4047887402583259
0
0
0
0
0
0
0
0
0
0
0
0
0
0
0
0
0
0
0
0
0
0
0
0
0
0
0
0
0
0
0
0
0
0
0
0
0
0
0
0
0
0
0
0
0
0
0
0
0
0
0
4.6782822258420556
3.4854268271702415
3.4854268271702415
0
0
0
0
0
0
0
0
0
0
4.807354922057604
0
0
0
4.0
0
0
0
0
0
0
0
0
0
0
0
0
0
0
0
0
0
0
0.0
0
0
0
0
0
0
0
0
0
0.23830340248321474
0
5.807354922057604
0
0.6374299206152918
0
0
0
0
0
0
0
0
0
1.8987478538600642
0
0
0
0
0
0
0
0
0
0
0
0
0
0
0
0
0.31773786997761966
0
0
0
0
0
0
0
0
0
0
0
0
0
0.13492958008610864
0
0
0
0
0
0.0
0
0
3.4854268271702415
0
0.05246741989413548
0
0
0
0
0
3.0
5.274859841230583
9.614709844115207
0
0
0
0
0
0
0
0
0
0
0
0
0
0
0
0
0.38529015588479165
0
0
0
0
0
0
0
0
0
0
0
0
0
0
0
0
0
0
0
0
0
0
0
0
0
0
0
0
0
0
0
0
0.8073549220576041
0
0
0
0
0
0
0
0
0
0
0
0
6.0
4.807354922057604
5.807354922057604
0
0
0
0
0
0
0
0
0
0
0
0
0
0
0
0
0
0
0
0
0
0
0
15.405515592007095
0
0
0
0.38109016735550627
0
0
0
0
0
0
0
0
0
0
0
0
0
3.222392421336448
0
0
0.7629608026991507
0
0
0
0
0
0
0
0
0
2.807354922057604
0
0
0
0
0
0
0
0
0
0
1.1634987322828796
0
0
0
2.807354922057604
5.807354922057604
0
0
0
0
0
0
0
0
0
0
0
0
0
1.8073549220576042
0
0
0
0.0
0
0
2.6374299206152916
0
0
0
0
0
0
0
0
0
0
0
0
0
0
0
0
0
0
0
0
0
0
0
0
0
0
0
0
0
0
0
0
0
0
0
2.807354922057604
0
0
0
0
0
0
0
0
0
0
0
0
0
0
0
0
0
0
0
0
0
0
0
0
0
0
0
0
0
0
0
0
0
0
0
0
3.33588632004672
0
0
0
0
0
0
0
0
0
0
0
0
0
0
0
0
0
0
0
0
0
0
0
0
0
0
0
0
0
0
0
0
0
0
0
0
0
0
0
0
1.739616517101534
0
0
0
0.48542682717024166
0
0
0
1.2748598412305836
2.0
0
0
0
0
4.807354922057604
0
0
0
0
0
0
0
0
0
0
4.807354922057604
0
0
0
0
0
0
0
0
0
0
0
0
0
0
0
0
0
1.1958031128573088
0
0
0
0
0
0
0
0
0
0
0
0
0
0
0
0
0
0
0
0
0
0
0
0
0
0
0
0
0
0
0
0
0
0
0
0
0
0
0
0
0
0
0
0
0
0
0
0
0
0
0.10691520391651188
0
0
0
0
0
0
0
0
0
0
0
0
0
0
0
0
3.807354922057604
0
0
0
0
0
0
0
0
0
0
0
0
0
0
0
0
0
0
0
0
0
0
0.9493739269300321
0
0
0
0
0
0
0
0
0
0
0
5.807354922057604
0
0
0
0
0
0
0
0
0
0
0
0
4.222392421336448
0
0
0
0
0
0
0
0
0
0
2.6958466068406137
0
0
0
0
0
0
0
0
0
0
0
0
0
0
0
0
0
0
0
0
0
0
0
0
0
0
5.274859841230583
0
2.807354922057604
0
0
0
0
0
0
0
0
0
0
1.4854268271702418
0
0
0
0
0
0
0
0
0
0
0
0
0
0
0
7.678427505036559
2.807354922057604
0
0
2.6374299206152916
0
5.807354922057604
0
0
0
0
0
0
0
0
0
0
0
0
0
0
0
0
0
0
0
0
0
0
0
0
0
0
2.4854268271702415
0
0
0
0.3971723374720246
0
0
0
0
0
0
0
0
1.8073549220576042
0
0
0
0
0
0
0
0
0
0
0
0
0
0
0
0
0
0
0
0
0
0
0
0
0
0
0
0
0
0
0
0
0
0
0
0
0
0
0
0
0
0
0
0
0
0
0
0
0
0
0
0
0
0
0
0
0
0
0
0
0
0
0
1.8073549220576042
0
0
0
1.7198920808072646
0
0
0
0.7629608026991507
0
0
0
0
0
0
0
0
0
0
0
0
0
0
4.807354922057604
0
1.9004643264490857
0
0
5.807354922057604
0
3.807354922057604
0
0
1.6374299206152918
0
0
0
0
0
0
0
0
2.807354922057604
0
4.807354922057604
0
0
0
0
0
0
0
0
0
0
0
0
0
0
0
0
0
0
0
0
1.4854268271702418
0
0
0
0
0
0
0
0
0
0
0
1.4397841616145293
0
3.807354922057604
5.807354922057604
0
0
0
0
0
0
0
0
0
0
0
0
0
0
0
0
0
0
0
0
0
0
0
0.5219527031953558
0
7.456280481510724
0
0
0
0
0
0
0
2.347923303420307
0
0
0
0
0
0
0
0
0
3.807354922057604
0
0
0
0
0
0
0
0
0
0
0
5.274859841230583
0
0
0
0
0
0
0
0
0
2.347923303420307
0
3.807354922057604
0.05246741989413548
0
0
0
0
0
0
0
2.347923303420307
0
0
0
0
0
0
0
0
0
0
0
0
0
0
0
0
0
0
0
0
0
0
0
0
0
0
0
0
0
0
0
0
0
0
0
0
0
0
0
0
0
0
0
0
0
0
0
0
0
0
0
2.8300749985576874
0
0
0
0
0
4.807354922057604
0
0
0
0
0
0
0
0
0
0
0
0
0
0
0
0
0
0
0
2.106915203916512
0
0
3.222392421336448
0
0
0
0
0
0
0
0
0
0
0
0
0
0
0
0
0
1.4854268271702418
0
1.8073549220576042
0
0
0
0
0
0
0
0
0
0
0
0
0
0
0
0
0
0
0
0
0
0
0
0
0
5.807354922057604
2.106915203916512
0
0
0
0
0
0
0
0
0
0
0
0
0
0
0
0
0
0
0
0
0
0
0
0
0
0
0
0
0
0.6671772640093441
0
0
0
0
0
0
0
0
0
0
0
0
0
0
0
0
0
0
0
0
0
0
0
0
0
0
0
0
0
0
0
0
5.807354922057604
0
0
0
0
0
0
0
5.807354922057604
0
0
0
0
0
0
0
0
0
0
0
0
0
0
0
0
2.2138304078330235
0
0
0
0
0
0
3.222392421336448
0
0
0
0
0
0
0
0
0
0
0
0
0
0
0
0
0
0
0
0
0.22239242133644802
0
0
0
1.6147098441152081
0
0
0
0
0
0
0
0
0
0
0
0
0
0
0
0
0
0
0
0
0
0
0
0
0
0
0
0
0
0
0
1.118854817228037
0
14.748406427415585
0
0
0
0
0
0
0
0
0
0
0
0
0
0
0
0
0
0
0
0
0.7582982111399
0
0
0
0
0
0
0
0
0
0
0
0
0
0
0
0
0
0
0
0
0
0
0
0
0
0
0
0
0
0
0
0
0
3.222392421336448
0
0
0
0
0
0.6310036514558588
0
0
0
0
0
0
0
0
0
0
0
0
0
0
0
5.807354922057604
0
0
0
0
0
0
0
0
0
0
0
0
0
0
0
0
0
0
0
0
0
0
0
0
0
0
0
0
0
0
0
0
0
0
0
2.422064766172812
0
0
0
0
0
0
0
4.222392421336448
0
0
0
0
0
0
0
0
0
0
0
0
0
0
0
0
0
0
0
0
3.0
0
3.4854268271702415
0
0
0
0.05246741989413548
0
0
0
0
0
0
0
0
0
0
0
0
0
0
0
0
4.222392421336448
0
0
0
0
0
0
0
0
0
0
0
0
0
0
0
0
0
0
0
0
0
0
0
0
0
0
4.222392421336448
0
0
0
0
0
0
4.222392421336448
0
0
0
0
0
0
0
0
0
0
0
0
0
0
0
0
0
0
0
0
0.22239242133644802
0
0.6780719051126377
0
0
0
0
0
0
0
0
0
0
0
0
0
0
0
0
0
0
0
0
0
0
0
2.347923303420307
0
0
0
0
0
0
0
0
0
0
0
0
0
0
0
0
0
0
0
0
0
0
1.6147098441152081
0
0
3.0
0
0
0
0
0
0
0
0
0
0
0
0
0
0.05199041706588871
0
0
0
0
0
0
1.7198920808072646
0
0
0
0
0
0
0
0
0
0
0
17.198920808072646
0
0
0
0.28379296600059134
0
0
0
0
0
0
0
0
0
0
0
0
0
0
0
0
0
0
0
0
0
0
0
0
0
0
0
0
0
0
0
0
0.38109016735550627
0
4.222392421336448
0
0
0
0
0
0
1.9004643264490857
0
1.1634987322828796
0
0
0
0
0
0
0
0
0
0
0
0
0
0
0
0
0
0
0
0
0
0
0
0
0
0
0
0
0
0
0
0
0
0
0
0
0
0
0
0
0
0
0
0
0
0
0
0
0
0
0
0
0
0.8073549220576041
0
0
0
0
0
0.05199041706588871
0
0
0
0
0
0
0
0
0
0
0
3.0
4.807354922057604
0
0
0
0
0
0
0
0
0
0
0
0
0
0
0
0
0
0
3.6147098441152083
0
0
0
0
0
0
0
0.3155018257279294
0
0
0
0
0
3.4854268271702415
0
0
0
0
0
0
0
0
0
0
0
0
0
0
0
0
0
0
0
0
0
0
0
0
0.9708536543404833
0
0
0
0
0
5.807354922057604
0
3.222392421336448
0
0
0
0
0
0
0
0
0
0
0
0
0
0
0
0
0
0
0
0
0
0
0
0
0
3.4854268271702415
0
0
0
0
0
0
0
0
0
1.222392421336448
0
0
0
0
0
0
0
0
0
0
3.222392421336448
0
0
0
0
0
0
0
0
0
0
0
0
0
0
0
0.38529015588479165
0
0
0
0
0
0
0
0
0
1.4854268271702418
0
0
0
0
0
0
0
0
0
0
0
0
0
0
0
0
0
0
0
0
0
0
0
0
0
0
0
0
0
0
0
0
0
0
0
0
0
0
0
0
0
0
0
0
0
0
0
0
0
0
0
0
0
0.13492958008610864
0
0
0
0
0
0
0
0
0
0
0
0
0
0
0
0
0
3.4854268271702415
0
0
0
0
0
3.155018257279294
0
0
0
3.222392421336448
0
0
0
0
0
0
0
0
0
0
0
0
0
0
0
0
0
0
0
0
0
0
0
0
0
0
0
0
0
0
0
0
0
0
0
0
0
0
0
0
0
0
0
0
0
0
0
0
0
0
0
0
0
0
0
0
0
0
0
0
0
0
0
0
0.21383040783302376
0.22239242133644802
0
0
0
0.0
0
0
0
0
0
0
0
0
0.3119425023953323
0
0
0.20986967957654193
0
0
1.7198920808072646
0.3155018257279294
0
0.38529015588479165
0
0
0
2.1254835196774344
0
0.21383040783302376
0
0
0
0
0
0.2527660703799667
0
0
0
0
0
0
0
0
0
0
0
0.0
0
0
0
0
0
0.23830340248321474
0
0
0
0
0
0
0
0
0
0
0
0.7198920808072646
0
0
0
0
0
0
0
0
0.6671772640093441
0
0
0
0
5.807354922057604
3.4854268271702415
0
2.807354922057604
0
0
0
0.15597125119766614
0
0
0
0
0
0
0
0
0
0.9465054771837882
0.5397183203444346
0
0
0
0
0
0
0
0
0
0
0
0
0
0
3.6147098441152083
0
0.7198920808072646
0
0
0
0
0
0
0
0
0
0
0
0
0
0
1.222392421336448
0
0
0
0
0
0
0
0
0
0
0
0
0
0
0
0
0
0
0
0
0
0.28379296600059134
0
0
0
0
0
0
0
0
0
0
0
0
0
0
0
0
0
0
0
0
4.807354922057604
0
0
0
0
0
0
0
0
0
0
0
3.807354922057604
0
0
0
3.222392421336448
0
0
0
0
0
0
0
0
0
0
0
0
0
0
0
0.9493739269300321
0
0
0
0
0
0
0
0
0
0
0
0
0
0
0
0
0
3.4854268271702415
0
3.0
0
0
0
0
0
0
0
0
0
0
0
0
0
0
0
0
0
0
4.222392421336448
0
0
0
0
0
0
0
0
0
0
0
0
0
0.025995208532944354
0
0
0
0
0
0
0
0
0
0
0
0
5.807354922057604
0
0
0
0
0
0
0
0
0.19264507794239583
0
0
0
0
0
0
0
0
0
0
0
0
0
0
0
0
0
0
0
0
5.274859841230583
0
0
0
0
0
0
0
0
0
0
0
0
0
0
0
0
0
0
0
0
0
0
0
0
0
0
0
0
0
0
0
0
0
0
0
3.4854268271702415
0
0
0
0
0
0
0
0
0
0
0
0
0
0
0
0
0
0
5.807354922057604
0
0
0
1.8073549220576042
0
0
0
0
5.807354922057604
0
0
0
0
0
0
0
0
0
0
0
0
0
0
0
0
1.7063172233414576
0
0
0
2.106915203916512
0
0
0
0
0
0
0
0
0
0
0
0
0
0
0
0
0
0
0
0
0
0
0
0
0
0
0
0
0
0
0
0
0
0
0
0.41503749927884376
0
0
0
0
0
0
0
0
0
0
0
0
0
0
0
0
0
0
0
0
2.347923303420307
0
0
0
0
0
0
0
0
0
0
0
0
0
0
0
0
0
0
0
0
0
0
0
0
0
0
0
0
0
0
0
0
0
0
0
0
0
0
0
0
0
0
0
0
0
0
1.222392421336448
0
0
0
0
0
0
0
0
0
0
0
0
0
0
0
0.36727193925894835
0
0
0
0
0
0
0
0
0
0
0
0
0
0
0
0
0
0
0.48542682717024166
0
0
0
0
0
0
0
0
0
3.0
0
0
0
0
0
0
0
0.28379296600059134
0
0
0
0
0
0
0
0
0
0
0
0
0
0
0
2.347923303420307
0
0
3.1574022596824065
0
0
0
0
0
0
0
0
0.8531586116707288
0
0
0
0
0
0
0.2698591601722173
0
0
0
0
0
0
0.07943446749440491
2.6374299206152916
0
0
0
0.16349873228287956
0
0.48542682717024166
0
0
0
0
1.3494087523185616
1.4397841616145293
0
0.6374299206152918
0
0.0
0
0
0
0
0
0
0
3.2748598412305836
0
0
0
0
0
0
0
0
0
0
0
0
0
0.0
0
0
0
0
0
0
0
0
0
0
0
0
0
0
0
0
0
0
0
0.0
0
0
0
1.6374299206152918
0
0
0
0
0
0
0.4498029174395205
0
0
0
0
0
1.1634987322828796
0
0.3479233034203068
1.702757796003548
0
0.4498029174395205
0
0
2.905262494951906
0
0
0
0
0
4.222392421336448
0
0
0
0
0
0
0.41503749927884376
0
0
0
0
0
0
0
0
0
0
0
0
0
0
0
0
0
0
0
0
0
0.5397183203444346
0
0
0
0
0
0
0
0
0
0
0
0
0
0
1.0
0
0.15597125119766614
0
0
0
0
0
0.7198920808072646
0
0
0.6539949291315182
0
0
0
0
0
0
0
0
0
0
0
0
