0.6342446746993636
0
0
0
0
0
0
0
0
0
0
0
0
0
0
0
0
1.7481880270062005
0
0
0
0
0
0
0
0
0
0.7939455175668755
0
0
0
0
0
0
0
0
0
0
0
0
0
0
0
0
0
0
0
0
1.7481880270062005
0
0
0
0
0
0
0
0
0
0
0
0.6342446746993636
0
0
0
0
0
0
0
0
0
0
0
0
1.4471580313422192
0
0
0
0
0
0
0
0
0
0
0
0
0.38646019098860757
0
0
0
0
0
0
0
0
0
0
0
0
0
0
0
0
0
0
0
0
0
0
0
0
0
0
0
0
0
0
0
0
0
0
0
0
0
0
0
0
0
0
0
0
0
0
0
0
0
0
0
0
0
0
0
0
0
0
0
0
0
0
0
0
0
0
0
0
0
0
0
0
0
0
0
0
0
0.7939455175668755
0
0
0.9030899869919435
0
0
0
0
0
0
0
0
1.0492180226701815
1.146128035678238
0
0.9030899869919435
0
0
0
0
1.7481880270062005
0
0
0
0
0
0
0
0
0
0
0
0
0
0
0.9030899869919435
0
0
0
0
0
0
0
0
0
0
0
0
0
0
0
0
0
0
0
0
0
0
0
0
0
0.9858310438057887
0.38646019098860757
0
0
0
0
0
0
0
0
0
0
0
0
0
0
0
0
0
0
0
0
0
0
0
0
0
0
0
0
0
0
0
0.6690067809585756
0
0
0
0
0
0
0
0
0
0
0
0
0
0
0
0
0
0
0
0
0
1.7481880270062005
0
0
0
0
0
0
0
0
0
0
0
0
0
0
0
0
0
0
0
0
0
0
0
0
0
0
0
0
0
0
0
0
0
0
0
0
0
0
0
0
0
0
0
0
0
0
0
0
0
0
0
0
0
0
0
0
0
0
0
0
0
0
0
0
0
0
0
0
0
0
0
0
0
0
0
0
0
0
0
0
0
0
0
0
0
0
0
0
0
1.2172960385519827
0
0
0
0.11956078702705682
0.5720967679505191
0
0
0
0
0
0
0
0
0
1.271066772286538
0
0
0
0
0
0
0
0.9030899869919435
0
0
0
0
0.8450980400142568
0.5720967679505191
0.5720967679505191
0.9030899869919435
1.7481880270062005
0
0
0
0
0
0
0
0
0
0
0
0
0
0
0
0
0
0
0
0.9594276311945658
0.9030899869919435
0
0.35024801833416286
0
0
1.4471580313422192
0
0
0
0.5720967679505191
0
0
0
0
0
0
0
0
0
0
0
0
0.6342446746993636
1.0492180226701815
0
0
0.584512142712952
0
0
0
0
0
0
0
0
0
0
0
0
0
0
0
0
0
0
0
0
0
0
0
0
0
0
0
0
0
0
0
5.246090113350908
0
0
0
0
0
0
0
0
0
0
0
0
0
0
0.04921802267018165
0
0
1.7481880270062005
0.1434729444324682
0
0.5399589088176163
0
0
0
0.2568263331719277
0
0
0
0
0
0
0
0
0
0
0
0
0
0
0
0
0
0
0
0
0
0
0
0
0
0
0
0
0
0
0
0
0
0
0
0
0
0
0
0.46943442605337143
0.4259687322722811
0
0
0
0
0
0.7481880270062005
0
0
0.6020599913279624
0.05477736258369568
0
0
0
0
0
0.35024801833416286
0
2.542133544573076
0
0
0
0
0.0
0
0.10172938765543484
0
0
0
1.7481880270062005
0
0
0.6020599913279624
0
0
0.0626027000956522
0
0
0
0
0
0
0
0
0
0
0
0
0
0
0
0
0
0
0
0
0
0
0
0
0.09497551323085675
0
0
1.4471580313422192
0
0
0
0
0
0
0
0
0
0
0
0
0
0
0
0
0
0.2708083405729299
0
0
0
0
0
0
0
0
0
0
0
0
0
0
0
0
0
0
0
1.7481880270062005
0
0
0
0
0
0
0
0
0
0
0
0
0
0.40823996531184964
0
0
1.7481880270062005
0
0
0
0
0
0
0
0
0
1.4471580313422192
0
0
0
0
0
0
0
0
0
0
0
0
0
1.9400735532451137
0
0
0
0
0
0
0
0
0
0
0
0
0
0
0
0
0
0
0
0
0
0
0
0
0.2857900291072444
0
0
0
0
0
0
0
0
0
0
0
0
0
0
0
0
0
0
0
0
0
0
0
0
0
0
0
0
0
0
0
0
0
1.2779061968168433
0
0
0
0
0
0
0
0
0
0
0
0
0
0
0
0
0
0
0
0
0
0
0
2.0070203428757267
0
0
0
0
0
0
0.8450980400142568
0
0
0
0
0
0
1.7481880270062005
1.4471580313422192
0.27106677228653797
0
0
0
0
0
0
0.040617850908264086
0
0
0
0
0.4057653461839942
0
0
0
0.7359535705891889
0
0
0
0
0
0
0
0
0
0
0
0
0
0
0
0
0
0
0
0
0
0
0
0
0
0
0
0
0
0
0
0
0
0
0
0
0
0.9700367766225568
0
0
0
0
0
0
0
0
1.271066772286538
0
0
0
0
0
0
0.9700367766225568
0.292256071356476
0.7359535705891889
0
0
0
0
0
0
0.11055987028262318
0.0984360453403633
0
0
0.48607609737258883
0
0
0.7481880270062005
0
0
0
0
0
0.46943442605337143
0
0.3142468399594024
0
0
0
0
0
0
0
0
0
0
0
0
0
0
0
0
0
0
0
0
0.36797678529459443
0
0
0
0
0
0
0
0
0
0
0
0.9504727885416393
0
0
0
0
0
0.12493873660829992
0
0
0
0
0
0
0
0
0
0.24303804868629442
0
0
0
0
0
0.40823996531184964
0
0
0
0
0
0
0
0
0
0
0
0
0
0
0
0
0
0
0
0
0
0
0
0
0
0
0
0
0
0
0
0
0
0
0
0
0
0
0
0
0
0
0
0
1.146128035678238
0
0
0
0
0
0
0
0
0
0
0
0
1.2041199826559248
0
0
0
0
0
0
10.489128162037202
0
0
0
0
0
0
0
0
0
0.12493873660829992
0
0
0
0
0
0
0
0
0
0
0
0.9388688521067429
0
0
0
0
0
0
0
0
0
0
0
0
0
0
0
0
0
0
0
0
2.292256071356476
0
0
0
0
0
0
0
0
0
0
0
0
0
0
0
0
0
0
0
0
0
0
0
0
0.07609016907048294
0
0
0
0
0
0
0.7067953418479753
0
0
0
0
0
0
0.6020599913279624
0
0
0
1.0492180226701815
0
0
0
0
0
0
0.49291552190289434
0
0
0
0
0
0
0
0
0
0.6690067809585756
0
0
0
0
0
0
0
0.9700367766225568
0
0
0
0
0
0
0.08543019532462637
0
0
0
0
0
0.0
0
0
0
0.0
1.7481880270062005
0
0
0
1.7481880270062005
0
0
0
0
0
0
0
0.11471957142661392
0
0
0
0
0
0
0
0
0
1.806179973983887
0
0
0.6501273298918357
0
0
0
0
0
0
0
0
0
0
0
0
0
0
0
0
3.4673457594231243
0
0
0
0
0
0
1.7481880270062005
1.7481880270062005
0
0
0
0
0.9700367766225568
0
0
0
0
0.4471580313422192
0
0
0
0
0
0
0
0
0
0
0
0.8450980400142568
0
0
0
0
0
0
0
0
0
0
0
0
0
1.4471580313422192
0
0
0
0
0
0
0
0
0
0
0.12493873660829992
0
0
0
0
0
0
0
0
0
0
1.9400735532451137
0
0
0
0
0
0
0
0.20084036889183965
0
0
0
0
0
1.4135906836959506
0
0.9700367766225568
0
0
0
0
0
0
0
0
0
0
0
0
0
0
0
0
0
0.7481880270062005
0
0
0
0
0
0
0
0
0
0
0
0
0
0.8115306923679884
0.8450980400142568
0
0
0
0
0
0
0
0.09497551323085675
0
0
0.6690067809585756
0
0
0
0
0
0
0
0
0
1.146128035678238
0
0
0
0
0
0
0
0
0
0
0
0.28492653969257026
0
0
0
0.30436067628193175
0
0.5720967679505191
0
1.0492180226701815
0
0
0
0
0
0
0
0
0
0.3168242628472131
0
0.5720967679505191
0
1.496376054012401
0
0.6020599913279624
0
0.7067953418479753
0
0
0
0
0
0
0
0
1.4471580313422192
0.31085804627034774
0
0
0
0
0
0
0
0
0
0
0
0.6342446746993636
0
0
0
0
0
0
0
0
0
0
0
0
0
0
0
0
0
0
0
0
0
0
0
0
0
0
0
0
0
0
0
0
0
0
0
0
0
0
0
0
0
0
0
0
0
0
0
0
0.14765406801054495
0
0
0
0
0
0
0
0
0
0
0
0.9030899869919435
0
0
0
0
1.4471580313422192
0
0
0
0
0
0
0
0
0.2677871585224529
0
0
0
0
0
2.098436045340363
0
0
0
0
0
0
0
0
0
0
0
0
0
3.496376054012401
0
0
0
0
0
0
0
0
0
0
0
0
0
0
0
0
0
0
0
0
0.7939455175668755
0
0
0
0
1.146128035678238
0
0
0
0
0
0
2.5352941200427703
0
0
0
0
0
0
0
0
1.7481880270062005
0
0
0
0
0
0
0
0
0
0
0
0
0
0.5052132911681707
0
0
0
0
0
0
0
0
0
0
0
0
0
0
0
0
0
0
0
0
0
0
0
0
0
0
0
0
0
0
0.9700367766225568
0
0
0
0
0
0
0
0
0
0
0
0
0
0
0
0
0
0
0
0
1.7481880270062005
0
0
0
0
1.806179973983887
0
0
0
0
0
0
0
0
0
0
0
0.9030899869919435
0
0
0
0
0
0
0
0
0
0
0
0
0
0
0.7939455175668755
0.6020599913279624
0
0
0
1.271066772286538
0
0
1.2041199826559248
0
0
0
0.3142060515600389
0
0
0
0
0
0
0
0.6690067809585756
0.1252054001913044
0
0
0
0
0
0
0
0
0
0
0
0
0
0
1.1441935359010382
0
1.271066772286538
0
0
0
0
0
0
0
0.7704789995157831
0
1.271066772286538
0
0
0
0
0
0
0
0
0
0.37481620982489977
0
0
0
0
0
0
0
0
0
0
1.4471580313422192
0
0
0
0
1.271066772286538
0
0
0
0
0
0
0
0
0
0
0
0
0
0
0
0
0
0
0
0
0
0.7481880270062005
0
0.6690067809585756
0
0
0
0
0
1.271066772286538
0
0
0
0
0
0
0
0
0
0
0
0
1.0492180226701815
0
0
2.292256071356476
0
0
0
0.7939455175668755
0.4471580313422192
0
1.271066772286538
0
0
0
0
0
0
0
0
0
0
0
0
0
0.20308925454132043
0
0
0
0
0
0
0
0
0
0
0
0
0
0
0
0
0.8115306923679884
0
0
0
0
0.38646019098860757
0
0.4057653461839942
0
1.4471580313422192
0
0
0
0
0
0
0
0
0
0
0
0
0
0.49291552190289434
0
0
0
0
0
0
1.271066772286538
0
0
0
0
1.4471580313422192
0
0
0
0
0
0
1.0492180226701815
0
0
0
0
0
0
0.48607609737258883
0
0
0
0
0
0
0
0
0
0
0
0
0
0
0
0
0
0
0
0
0
0
0
0
0
0
0
0
0
0
0
0
1.0492180226701815
0
0
0
0
0
0
0
0
0
0
0
0
0
0
0
0
0
0
0
0
1.271066772286538
0
0
0
0
1.7481880270062005
1.146128035678238
0.3837710524778263
0
0
0
0
0
0
0
0
0
0
0
0
0
0
0
0
0
0
1.4471580313422192
0
0
0
1.9400735532451137
1.4471580313422192
0
0
0
0
1.587891035133751
0
0
0
0
0
0
0
0
0
0
0
0
0
0
0
0
0
0
0
0
0
0
5.244564081018601
0.8943160626844384
0
0
0
0
0
0
0
0
0
0
0
0
0
0
0
0
0
0
0
0
0
0
0
0
0
1.146128035678238
0
0
0
1.4471580313422192
0
0
0
0
0
0.7939455175668755
0.8450980400142568
0
0.38646019098860757
0
0
0
0
0
0
0
0
0
0
0
0
0
0
0
0
0
0
0
0
1.2684893493987273
0.8450980400142568
0
0
0
0
0
0
0
0
0
0
0
0
0
0
0
0
4.341474094026657
0
0
0
1.7481880270062005
0
0
0
0
0
0.7481880270062005
0
0
0
0
0
1.146128035678238
0
0
0
0
0
0
0
0
0
0
0
0
1.7481880270062005
0
0
0
0
0
0
0
0
0
0
0.9700367766225568
0
0
0
0
0
0
0
0
0
0
0
0
0
0
1.7481880270062005
0
0
0
0
1.0492180226701815
0
0
0
0.6342446746993636
0
0
0
0
0.36797678529459443
0
0
0
0
0.20947070104002594
0
0
0
0
0
0
0
0
0
0
0
0
0
0
0.2857900291072444
0
0
0
0
0
0
0
0
0
0
0
0
0
0
0
0
0
0
0
0.06694678963061322
1.4471580313422192
0
0
0
0
0
0
0
0
0
0
0
0
0.3168242628472131
0
0
0
0
0
0
0
0
0
0
0
0
0
0
0
0
0.27106677228653797
0
1.146128035678238
0
0
0
0
0
0
0.8943160626844384
0
0.6020599913279624
0
0
0
0
0
0
0
0.4057653461839942
0
0
0
0
0
0
0
0
0.9700367766225568
0.7939455175668755
0
0
0
0
0
0.7067953418479753
0
0
0
0
0
0
0
0
0
0
0
0
0
0
0
0
0
0
0
0
0
0
0
0
0
1.7481880270062005
0
0
0
0
0
0.6342446746993636
0
0
0
0
0
0.49291552190289434
0
0
0
0
0
0
0
0
0
0
0
0
0
0
0
0
1.271066772286538
0
0
0
0.7729203819772151
0
0
0
0.8745711562580994
0
0
0
0
0
0
2.8943160626844384
0
0
0
0
0
0
0
0
0
1.7481880270062005
0
0
0
0
0
5.654362734783803
0
0
0
0
0
0
0
0
0
0
0
0
0
0
0
0
0
0.20084036889183965
0
0
0
0
0
0
0
0
0
0
0
0.36797678529459443
0
0
0
0
0.6890222613849387
0
0
0
0
0
0
0
0
0
0
0
0
0
0
0
0
0
0
0
0
0
0
2.1298436613614053
1.271066772286538
1.4471580313422192
0
0
0
0
1.7481880270062005
0
0
0
0
1.0492180226701815
0
0
0
0
0
0
0
0
0
1.4471580313422192
0
0
0
0
0.7939455175668755
0
0
0
0
0
1.4471580313422192
0
0
0
0
0
0
0
0
0
0.9504727885416393
0
0
0
0
0
0
0
0
0
1.0492180226701815
0
0
0
0
0
0
0
0
0
0.2562905859738791
0
0
0
0
0
0
0
0
1.271066772286538
0.0939040501434783
0.7067953418479753
0
0
0.9504727885416393
0
0
0
0
0
0
0
0.6020599913279624
0
0
0
0
0
0.46943442605337143
1.7481880270062005
0
0
0
0
0
0
1.271066772286538
0
0
0
0
0
0
0
0
0
0
0
0
1.1593805729658226
0
0
0
0
0
0
0
0
0
0
0
1.146128035678238
0
0
0
0
0
0
0
0
0
0
0
0
0
0
0
0
0
0
0
0
0
0
0
0
0
0
0
0
0
0
0
0
0
0
0
0
0
0
0.8450980400142568
0
0
0
0
0
0
0
0
0
0
0
0
1.0492180226701815
0
0
0
0
0
0
0
0
0
0
3.3803921600570273
0
1.0273053326877108
0
0
0
0
0
1.6901960800285136
0
0
0
0.3010299956639812
0.5440680443502757
0
0
0
0
0
0
0.9030899869919435
0
0
1.6901960800285136
0
1.7481880270062005
0
0.11471957142661392
0
0
0
0
0
0
0
0
0
0
0
0
0
0
0
0
0
0
0
0.36797678529459443
0
0
0.48607609737258883
0
0
1.271066772286538
0
0
0
0.5416166811458598
0
0
0
0
0.7939455175668755
0
0
0
0
0
0
0
1.271066772286538
0
0
0.46943442605337143
0
0
0
0
0
0
0
0
0
0
0
0
0
0.292256071356476
0
0
0
0
0
0
0
0
1.0492180226701815
0.8450980400142568
0
0
0
0
0.4471580313422192
0
1.3414740940266576
1.271066772286538
0
0
0
0
0
0
0
0
0
0
0
0
0.1931081002284074
0
0
0
0
0
0
0
0
0
0
0
1.7481880270062005
0
0.3168242628472131
0.6690067809585756
0.46943442605337143
0
0
0
0
0
0
0
0
0
0
0
0
0
0
0
0
0
0
0
0
0
0
0
0
0
0
0
0
0
0
0
0
0
0
0.8519374645445622
1.4471580313422192
0
0
0
0
0
0
0
0
0
0
0
0
0
0
0
0.27106677228653797
0
0
0
0
0
0.13389357926122644
0
0
0
0.6342446746993636
0
0
0
0
0
0
0
0
0
0
0
0
0
1.4471580313422192
0
0
0
0
0
0
0
0
0
1.806179973983887
0.9030899869919435
0.36797678529459443
0
0
0
0
0
1.7481880270062005
0
0
0
0
0
0
0
0
0
0
0
0
0
0
0
0
0
0
0
0
0
0
0
0
0
0
0
0.0
0
0.7067953418479753
0
0
0
0
0.6690067809585756
0
0
0
0.7067953418479753
0
0
0
0
0
0
0
0
0
0
0
1.4135906836959506
0
0
0
0
0
0
0
0
0
0
0.4057653461839942
0
0
0
0
0
0
0
0
0
0
0
0
0
0
0
0
0
0.11956078702705682
0
0
0
0
0
0
0
0.24303804868629442
0.7729203819772151
0.8943160626844384
0
0
0
0
0
0
0
0
0
0
0
0
0
0.16840443038939024
0
0
0
0.3347702036757591
0
0
0
0
0
0
0
0
0
0
0
0
0
0
0
0
0.22967408712831291
0
0
0
0
0
0
0.023476012535869575
0
0
0
0
0
0
0
0
1.271066772286538
0
0
0
0
0
0
0
0
0
0
0
0
0
0
0
0
0
0
0
0
0
0
0
0.047382801549695645
0
0
0
1.4471580313422192
0
0
0
0
0
0
0
0
0
0
0
0
0
1.7481880270062005
0
0
0.7359535705891889
0
0
0
0
0
0
0
0
0
0
0
3.496376054012401
0
0
0
0
0
0
0
0
0
0
0
3.496376054012401
0
0
0
0
0
0
0
0
0
0
0
0
0
0
0
0
0
0
0
0
0
0
0
0
0
0
0
0
0
0
0
0
0
0
0
0
0.4057653461839942
0
0
0
0
0
0
0
0
0
0.24303804868629442
0
0
0
0
0
0
0
0
0
0
0
0
0
1.7481880270062005
0
0
0
0
0
0
0
0
0
0
0.9700367766225568
0
0
0
0
0
0
0
0.7939455175668755
0
0
0
0
0
0
0
0
0
0.2568263331719277
0
0
1.4471580313422192
0
0
9.700367766225568
0.5177391056279265
0
0
0
0
0
0
0
0
0
0
0
0
0
0
0
0
0
0
0
0.7481880270062005
0
0
0.3142468399594024
0.6342446746993636
0
0
0
0
0
0
0.06436936674280247
0
0
0
0
0
1.806179973983887
0
0
0
0
0
0
0
0
0
0
0
0
0
0
0
1.4787465657086831
0
0
0
0
0
0
0
0
0
0
0
0.3540315170854136
0
0
0
0
0
0
0
0
0
0
0
0
0
0.3837710524778263
0
0
0
0
0
0
0
0.20411998265592482
0
0
0
0
0
0
0
0.5720967679505191
0
0
0
0
0
0
0
0
0
0
0
0
0
0
0
0
0
0
0
0
1.0881360887005513
0
0
0
0
0.9700367766225568
0
0
0
1.7481880270062005
1.0881360887005513
0.40823996531184964
0
0
0
0
0
0
1.0492180226701815
0
0
0
0
0
0
0
0
0
0
0
0
0
0
0
0
0
0
0
0
0.9700367766225568
0
0
0
0
0.0
0
0
0.6342446746993636
0
0
0
0
0
0
0
0
0.16092341685700617
0
0
0
0
0
0
0
0
0
0
0
0
0
0
1.271066772286538
0
0.20411998265592482
0
0
0
0
0
0
0
0
0
0
0
0
0
0
0
0
0
0
0
0
0
0
0
0
0
0
0
0
0.21670910996394527
0
0
0
0
0
0
0
0
0
1.7481880270062005
0
1.146128035678238
0
0
1.0492180226701815
0
0
0
0
0
0
0
0
0
0
0
0
0
1.2041199826559248
0.7481880270062005
0.43341821992789054
0.37481620982489977
0
0
0
0
0
0
2.098436045340363
0
0
0
0.6501273298918357
0.6020599913279624
0
1.7481880270062005
0
0
0
0
0
0
0
0
0
0
0
0
0
0
1.7481880270062005
1.7481880270062005
0
0
0
0
0
0
0
0
0
0
0
0
0
0
0
0
0
0
0
0
0
0
0
0
0
0.40823996531184964
0
0
0
0
0
0
0
0
0
0.5720967679505191
0
0
0
0
0
0
0
0
0.2857900291072444
0
0
0
0
0.9700367766225568
0
0
0
0
0
0
1.7481880270062005
0
0
0
0
0
0
0
0
0
1.271066772286538
0.08543019532462637
0
0
0
0
0
0
1.4471580313422192
0
0
0
0
0
0
0
0
1.0492180226701815
1.271066772286538
0
0
0.0984360453403633
0
0
0
0
0
0
0
0
0
0
0
0
0
0
0
1.146128035678238
0
0.7481880270062005
0
0
0
0
0
0
0
0
0.6342446746993636
0
0
0
0
0
0
0
0
0
0
0
0
0
0
0
0
0
0.27106677228653797
0
0
0
0
0
0
0
0
0
0
0
0.7359535705891889
0
0.0
0
0
0
0
0
0
1.7481880270062005
0
0
0
0
0
0
0
0
0
0
0.6342446746993636
0
0
0
0
2.542133544573076
0
0
0
0
0
0
0
0
0
0
0
0.12185355272479226
0
0
0
0
0
0
0
0
1.7481880270062005
0
0
0
0
0
0
0
0
0
0
0
0
0
0
0
0
0
0
0
0
0
0.7939455175668755
0
0
0
0
1.271066772286538
0
0
0
0
0
0.0313013500478261
0
0
1.4471580313422192
0
0
0
0
0
0
0
0
0
0
0
0.09497551323085675
0
0
0
0
0
0.9030899869919435
0
0
0
0
0
0.49291552190289434
0
0
0.46943442605337143
0
0
0
0
0
0
0
0
0
0
0
0
0
0
0.2708083405729299
1.0492180226701815
0
0
0
0
0
0
0
0
0
0
0
0
0
0
0
0.7481880270062005
0
0
0
0
0
0
0
0
0
0
0
0
0
0
0
0
0.9996440371061472
0
0
0.05799194697768673
0
0
0
0
0
0
0
0
0
0
0
0
0
0
0
0
0
0
0
0.6087213525638635
0
0
0.9030899869919435
0
0
1.271066772286538
0
0
0
0
0
0
0.38646019098860757
0
0
0.4057653461839942
0
0
0
0
0
0
0
0
0
0
0
0
0
0
0.5440680443502757
0.17998630293920545
0
0
0
0
0
0
0.9700367766225568
1.7481880270062005
0
0
0
0
1.4471580313422192
0
0
0
0
0.13389357926122644
0
0
0
0.7729203819772151
0
0
0
0
0
0
1.146128035678238
0
0
0
0
0
0
0
0
0
0.21670910996394527
0
0.23196778791074693
0
0
0
0
0
0
0
0
0
0.047382801549695645
0
0
3.8132003168596142
0
0
0
0
0
0
0
0
0
2.4082399653118496
0
0
0
0
0
0
0
0
0
0
0
0.27106677228653797
0
0
0
0
0
0
0
0
0
0
0
0
0
0
0
0
0
0.7704789995157831
0
0
0
0
0
0.08543019532462637
0
0
0
0
0
0
0
0
0
0.3010299956639812
0
0
0
0
0
0
0
0
0
0
0
0.9030899869919435
0
0.9700367766225568
0
0
0
0
0
0
0
0
0
0
0
0
0
0
1.146128035678238
0
0
0
0
0
0
0
0
0
0
0
0
0
0
0
0
0
0
0.4189414020800519
0
0
0
0
0
0
0
0
0
0
0
0
0
1.7481880270062005
0
0.22967408712831291
0
0
0.11055987028262318
0
0.7704789995157831
0
0
0
0
0
0
1.7481880270062005
0.7067953418479753
0
1.4471580313422192
0
0
0
0
1.4471580313422192
0
0
0
0
0
0
0
0.20308925454132043
0
0
0
0
0
0
0
0
0
0
0
0
0
0
0
0
0
0
0
0
0
0
0
1.4471580313422192
0
0.1571234199797012
0
0
0
0
0
1.4471580313422192
0
0
0
0
0
0
0
0.6020599913279624
0
0
0
0
0
0
0
0.15218033814096588
0
0
0
0
0
0
0
0
0
0
0
0
0
0
0
1.4135906836959506
0
0
0
0.6020599913279624
0
0
0
0
0.6020599913279624
2.8943160626844384
0
0
0.3599726058784109
0
0
7.6264006337192285
0
0
0
0
0
0
0
0
0
0
0
0
0
0
0
0
0
0
0
0
0
0
0
0
0
0
0
0
0
0
0
0
0
0
0
0
0
0
0
1.146128035678238
0
0.292256071356476
0
0
0
2.8943160626844384
0.20308925454132043
0
0
0
0
0
0
0
0
0
0
0
0
0
0
1.7481880270062005
0.7067953418479753
0
0
0
0
3.496376054012401
0
0
0
0
0
0
0
0
0
0
0.46943442605337143
0
0
0
0
0
0
0
0
0
0
0
0
0
0
0
0
0
0
0
0.37481620982489977
0
0
0
0
0
0
0
0
0
0
0
0
0
0.09476560309939129
0
0
0
0
0
0
0.5698530793851405
0
0
0
0
0
0
0
0
0
1.4471580313422192
0
0
0
0
0
0
0
0
0.1571234199797012
0
0
0
0
0
0
0
0
0.5720967679505191
0
0
0
0
0
0
1.3540417028646496
0.023476012535869575
0.8450980400142568
0
0
0
0
0
0.5440680443502757
0
0
0
0
0
0
0
0.0965540501142037
0.1571234199797012
0
0
0
0.7067953418479753
0
0
0
0
0
0
0
0
0
0
0
0
0
0
0
0
0
0
0
0
0
0.5125811719477582
0.8450980400142568
0
0
0
0
0
0
0
0
0
0
0
0
0.5440680443502757
0
0
0
0
0
0
0
0
0.2677871585224529
0
0
0.032184683371401235
0
0
0
0
0
0
0
0
0
0.35024801833416286
0
0
0
0
0
0
0
0
0
1.7481880270062005
0
0
0
0
0
0
0
0
0
0
0
0
0
0
0
0
0
0
0
0
0
0
0
0
0
0
0
0
0.0
0
0
0
1.7481880270062005
0
0
0
0
0.13540417028646495
0
0.12185355272479226
0
0
0
0
0
0
1.3328587161415297
0
0
0
0
0
0
0
0
0.4471580313422192
0.1571234199797012
0
0
0
0.5720967679505191
0
0
0
0
0
0
0
0
0
0
0
0
1.4471580313422192
0
0
0
0
0
0
1.146128035678238
0
0
0
0
0
0
0
1.271066772286538
0
0
0
0
0
0
0
0.6336485256944262
0
0
0
0.9858310438057887
0
0
0
0
0
0
0
0.6020599913279624
0
0
0
0
0
0
0
0
0
0
1.4471580313422192
0
0
0
0
0
0
0
0.0
0
0
0
0
0
1.7481880270062005
0
1.7481880270062005
0
0.09564862962164546
0
0
0
0
0
0
0
0
0
0
0
0
0
0
0.3168242628472131
0
0
0
0
0
0
0
0
0
0
0
0
0
0
0
0.3347702036757591
0
0
1.0273053326877108
0
0
0
0
0
0
0
0
0
0
0.20308925454132043
0
0
0
0
0
0.0
0
0
0
0
0.047382801549695645
0.9700367766225568
1.271066772286538
0
0
0
0
0
0
0
0
0
0
0
0
0
1.7481880270062005
0
1.2684893493987273
0
0
0
0
0
0
0.05799194697768673
0
0
0
0
0
0
0
0
0
0
0
0
0
0
0
1.7481880270062005
0
0.4057653461839942
0
0
0
0
0
0
0
0
0
0
0
0
0
0
0.7291141460588833
0
0
0
0
0
0
0
0
0
0
0
0
1.2041199826559248
0
0
0.7939455175668755
0
0
0
0
0
0
0
0
0
0
0
1.7481880270062005
0
1.4471580313422192
0
0
0
0
0
0
0
0
0
0
0
0
0.22943914285322783
0
0
0
0
0
0
0
0
0
0
1.496376054012401
0
0
0
0
0
0
0
0
0
0
0
0
0
0
0
0
0
0
0
0
0
0
0
0
0
0
0
0
0
0.8943160626844384
0.8450980400142568
0
0
0
0
0
0
0
0
0
0
0
0
0
0
0
0
0
0
0.0
0
0
0
0
0
0
0
0
0
1.0492180226701815
0
0
0.6342446746993636
0
0
0
0
0
0
0
0
0
0
0
0
0
0.3168242628472131
0.6342446746993636
1.4471580313422192
0
3.4383841070347136
0
0
0
0
0
0
0
0
0
0
0
0
0
0
0
0
1.4471580313422192
0.3010299956639812
0
0
0
0
0.7067953418479753
0
0
0
0
0
0
0
0
0
0
0
0
0
0
0
0
0
0
0
0
0
0.06694678963061322
0
0
0
0
0
0
0
0
0
0
0
0
0
0
0
0
0
0
0
0
0
0
0
0
0
0
0
0
0
0
0
0
0
0
0
0
0
3.31179106765135
0
1.146128035678238
0.10473535052001297
0
0
0
0.146128035678238
0
0
0
0.7675421049556526
0
0
0
0
0
0
0.49291552190289434
0.7939455175668755
0
0
0
0
0.8450980400142568
0
0
0
0
0
0
0
0
0
0
0
0
0
0
0
1.271066772286538
0
0
0
0
0.19188552623891314
0.17998630293920545
0
0
0
0
0
0
0
0
0
0
0
0
0
0
0
0
0
0
0
0
0
0
0
0
0
0
0
0
1.4471580313422192
0
1.7481880270062005
0
0
0
0
0
0
0
0
0
0
0
0
0
0.8450980400142568
0
0
0
0
0
0.12873873348560494
0
0
0
0
0
0
0
0
0
0
0
0
0
0
0
0
0
0
0
0
0
0
0
0
0.6342446746993636
0
0
0
1.0492180226701815
0
0
0
0
0
0
0.9030899869919435
0.49291552190289434
0
0
1.428950145536222
0
0
0
0
0.2857900291072444
0
0
0
0
0
0
0
0
0
0
0
0
0
0
0
0
0
0
0
0
3.8132003168596142
0
0
0
0
0
0
0
0
0
0.4057653461839942
0
0
0
0
0
0
0
0
3.8084763104519297
0
0
0
0
0
0
0
0
1.4471580313422192
0
0
0
0
0
0
0
0
0
0
0
0
0
1.146128035678238
0
0
0
0
0
0
0
0
0.4713702599391036
1.7162903038515573
0
0.7481880270062005
0
0
0
0
0
0
0.49291552190289434
0
1.146128035678238
0
1.587891035133751
0
0
0
0
0.7939455175668755
0
0
0
0.8420221519469512
0
0
0
0
0
0
0
0
0
0
0
0
0
0
0
0
0
0
0
0
0
0
0
0
0
0
0
0
0.0717364722162341
0
0
0
0
0
0
0
0
0.5440680443502757
0
0
0
0
0
0
0
0
0
0
0
0
1.0492180226701815
0
0
0
0
0
0
0
0
0
0
0
0
0
0
0
0
0
0
0
0
1.0492180226701815
0
0
0
0
0
0
0
0
0
0
0
0
0
0
0
0
0
0
0
0
0
0
0
0
0
0
0
0
0
0.5440680443502757
0
0
0
1.035478211255853
1.271066772286538
0
0
0.9186963485132517
0
2.292256071356476
0
0
0
0
0
0
0
0
0
0
0
0
0
0
0
0
0
0
0
0
0
1.0492180226701815
0.49291552190289434
1.496376054012401
0
0
0
0
0
0
0
0
0
0
0
0
0
0
0
0
1.4471580313422192
0
0
0
0
0
0
0
0
0
0
0
0
0
0
0
0
0
0
0
0
0
0
0
0
0
0.8668364398557811
0
1.146128035678238
0
0
0
0
0
0
0.6690067809585756
0
0
0
0
0
0.5177391056279265
0
0
0
0
0
0
0
0
0
0
0
0
0
0
0
0
0
0
0
0
0
0
0
0
0
0
0
0
0
0
0
0
0
0
0
0
0
1.4471580313422192
0
0
0
0
0
0
0
0
0
0
1.7481880270062005
0
0
0
0
0
0
0
0.015794267183231882
0
0.20411998265592482
0
0
0
0
0
2.120386025543926
0
0
0
0
0
0
0
0
0
0
0
0
0
0
0
0
0
0
0
0
0
0
0
0
0
0
0
0
1.4471580313422192
0
0
0
0
0
0
0
0
0.5720967679505191
0
0
0
0
0
0.7067953418479753
0
0
0
0
0
0
0
0
0
0
0
0
0
0
0
0
0
0
0
0
0
0
0
0
0
0
0
0
0
0
0
0
0
0
0
0
0
0
0
0
0
0
0
0
1.0881360887005513
0
0.5440680443502757
0
0
0
0
0
0
0
0
0
0.5440680443502757
0
0
0
0
0
1.7481880270062005
0
0
0
0
0
0
0
0.35024801833416286
1.4471580313422192
0
0
0
0
0
0
0
0
0
0
0
0
0
0
0
0
0
0
0
0
0
0
0
0
0
0
0
0
0
0
1.7481880270062005
0
0
0
0
0
0
0
0
0.8573700873217331
0
0.20084036889183965
0
0
0
0
0
0
0
0
0
0
0
0
0
0
0.8115306923679884
0
0
1.806179973983887
0
0
0
0
0
0
0
0
1.7481880270062005
0
0
0
0
0
0
0
0
0
0
0
0
0
0
0
0
0
0
0
0
0
0
0
0
0
0
0
0
0
0
0.9996440371061472
0
1.146128035678238
0.35024801833416286
0
0
0
0
1.146128035678238
0
0
0
0
0
0
0
0
0
0
1.4471580313422192
0.9030899869919435
0
0
0
0
0
0
0
0.4016807377836793
0
0
0
0.9721521947451777
0
0.7199452117568218
0
0
0
0
0
0
0
0
0
0
0
0.43838410703471403
0
0
0
0
0
0
0
0
0
0
0
0
0
0
0
0
0
0.3368088607787805
0.8450980400142568
0.6342446746993636
0.6020599913279624
0.08543019532462637
0
0.38646019098860757
0
0
0
0
0
2.1762721774011027
0
0
0
0
0
0
0.9030899869919435
0
0
0
0.07609016907048294
0
0
0
0
0
0
0
0
0
0
0
0
0
0
0
0
0
0
0
0
0
0
0
0
0
0
1.4471580313422192
0
0
0
0
0.6246936830414996
0
0
0
0
0
1.7481880270062005
0
0.09497551323085675
0.33321467903538243
0
0
0
1.3414740940266576
0
0
0
0
0
0.17998630293920545
0
0
0
0
0
0
0
1.271066772286538
0
0
0
0
0
0
0
0
0
0
0.9700367766225568
0
0
0
0
0
0
1.146128035678238
0
0
0
0
0
0
0
0
0.7481880270062005
0
0
0.6664293580707649
3.1476540680105445
0.4259687322722811
1.4582282921177665
0
0
0
0
0
0
0
0
0
0
0
1.7481880270062005
0
0
0
0
1.7481880270062005
0
0
0
0
0
0
0
0
0
0
0
0
0
0
0
0
0
0.20532547338201446
0
0
0
0
0
0
0
0
0
0
0
0
0
0
1.4471580313422192
0
0
0
0.6342446746993636
0
0
0
0
0
0
0
0.5052132911681707
0
0
0
0.5715800582144888
0
0
0
0
0
0
0
0
0
0
0
0
0
0
0
0
0
0
0
0
0.8450980400142568
0
0
0
0
1.4471580313422192
0
0
0
0
0
0
0.33321467903538243
0
0
0
0
0
0
0
0.06694678963061322
0
0.6123599479677745
0
0
0
0
0
0
0
0
0
0
0
0
1.7481880270062005
0
0
0
0
0
0
0
0
0
0
0
0
0
0
0
0
0
0
0
0
0
0
0
0
0
0
0
0
0
0
0
0
0
0.24303804868629442
0
0
0
1.2684893493987273
0
0
0
0
0
0
0
0
0
0
0
0
0.01565067502391305
0
0
0
0
0
0
0
0
0
0
0
0
1.4471580313422192
0
0
2.542133544573076
0
0
0.5177391056279265
0
0
0
0
0
0
0
0
0
0
0
0
0
0
0
0
0
0
0
0
0
0
0
0
0
0
0
0
0
0
0
0
0
0
0
0
0.11471957142661392
0
0
0
0
0.8943160626844384
0
0
0
0.5720967679505191
0
0.35024801833416286
0
0
0
0
0
0
0
0
0
0
0
0
0
0
0
0
0
0
0
0
0
0.9700367766225568
0
0
0
0
0
0
1.4471580313422192
0
0
0
0
0
2.244564081018601
0
0
0
0
0
0
0
0
0
0
0
0
0.38646019098860757
0.7067953418479753
0
0
0
0
0.24303804868629442
0
0
1.7481880270062005
0
0
0.023476012535869575
0
1.587891035133751
0
0
0
0
0
0
0
0
0.6342446746993636
0
0
0
0
0
0
0
0
0
0
0
0
0
0
0.7067953418479753
0
0
0
0
0
1.0881360887005513
0
0
0
0
0
0
0
0.09497551323085675
0
0
0
0
0
0
0
0
0
0
0
0
0
0
0
0
0
0.45934817425662583
0
0
0
0
0
0
0
0
0
0
0
0
0.146128035678238
0
0
0
0
0
0
0
0
0
0
0
0
0
0
0
0
0
0
0
0
0
0
0
0
0
0
0
0
0
0
0
0
0
1.0492180226701815
0
0
0
0
0
0
0
0
0
0
0
0
0
0.7481880270062005
0
0
0
0
1.7481880270062005
0
0
0
0
0
0
0
0
0
0
0
0
0
0
0
1.7481880270062005
0
0.11598389395537347
0
0
0
0
0
0
0
0
0
0.8943160626844384
0
0
0
0
0
0
0
0
0
0
0
0
0
0
0
0
0
0
0
0
0
0
0
0
0
0
0
0
0
0
0
0
0
0
0
0
0
0
0
0
0
0
0
0.6648285926159972
0
0
1.4471580313422192
0
0
0
0
0
0
0.08123570181652817
0
0
0.36797678529459443
0
0
0
0
0
0
0
0
0
0
0
0
0
0
0
0
0
0
0
0
0
0
0
0
0
0
0.7481880270062005
0
0
0
0
0
0
0
0
0
0
0
0
0
0
0
0
0
0
0
0
0
0
0
0
0
0
0
0
0
0
0
0
0
0
0
1.7481880270062005
0
0
0
0
0
0
0
0
0
0
0
0
0
0
0
0
0
0
0
0
0
0
0
0
0
0
0.16092341685700617
0.2677871585224529
0
1.271066772286538
0
0.0
0
0
0
0
0.43838410703471403
0
0
0
0.08607871263152178
0
0
0.031588534366463764
0
0
0
0.28492653969257026
0
0.1739758409330602
0
0
0
0.14765406801054495
0
0.3540315170854136
0
0
0
0
0
0.07609016907048294
0
0
0.9030899869919435
0.7067953418479753
0
0
0
0
1.271066772286538
0
0
0.0
0
0
0
0
0
0.1434729444324682
0
0
0
0
0.5399589088176163
0
0.5440680443502757
0
0
0
0
0
1.7481880270062005
0
0
0
0
0
0
0
0.13389357926122644
0
0
0
0
0
0
0
0
0
0
0
0.10172938765543484
0
2.8943160626844384
0
0
0
0
0
0
0
0.28492653969257026
0
0
0
0
0
0
0
0
0
0
0
0
0
0
0
0
0
0.43341821992789054
0
0
0
0
1.7481880270062005
0
0
1.4471580313422192
0
0
1.4471580313422192
0
0
0
0.36797678529459443
0
0
0.4471580313422192
1.146128035678238
0
0.6342446746993636
0
0
0
0
0
0.7939455175668755
0
0
0
0
0
0
0
0
0
0
0
0
0
0
0
0
0
0
1.271066772286538
0.9700367766225568
0
0
0
0
0
0
0
0
0
0
0
0
0
0
0
0
0.6342446746993636
0
0
0
0
0
0
0
0
0
0
0
0.6342446746993636
0
1.6901960800285136
0
0
0
0
0
1.7481880270062005
1.7481880270062005
0
0
0
0
0
0
0
0
0
0
0
0
0.8450980400142568
0
0
0
0
0.4057653461839942
0
0
0.08543019532462637
0
1.0492180226701815
0
0
0
0
0
0
0
0
0
0
1.7481880270062005
0
0
0
0
0
0
0
0
0
0
0
0
0
0
0
0
0
0.6336485256944262
1.7481880270062005
0
0
0
0
0.01565067502391305
0
0
1.4471580313422192
0.9030899869919435
0
0
0
0
0
0
0
0
0
0
0
0
0
0
0
0
0
0.1739758409330602
0
0
0
0
0
0
0
0
0
0
0
0
0
0
0
0
0
0
0
0
0
0
0
0
0
0
0
0
0
0
0
0
0
0
1.806179973983887
0
0
0
0
0
0
0
0
0.12185355272479226
0.7481880270062005
0
0
0
0
0
0
3.496376054012401
0
0
0.7481880270062005
0
0
0
0
0
0
0
0
0
0
0
0
0
0
0
0
0
0
0
0
0
0
0
0
0
0
0
0
0
0
0
0
0
0
0
0
0
0
0
0
0
0
0
0
0
0.33321467903538243
0
0
0
0
0
0
0
0
0
0
0
0
0
0
20.370772309073693
0
0
2.8943160626844384
0
0
0
0
0
0
0
0
0
0
0
0
0
0
0
0
0
0
0
0
0
0
0.24987747321659984
0
0
14.60755246262379
1.7481880270062005
0
0
0
0
0
0
0
0
0
0.8943160626844384
0
0
0
0
0
1.7481880270062005
0
0
0
0
0
0
0
0
0
0.9030899869919435
0.5136526663438554
0.49291552190289434
0
0
2.9101103298676705
0
0
0
0.5177391056279265
0
0
0
0
0
0
0
0
0
0
0
0
0
0
0
0
0
0
0
0
0
0.4259687322722811
0
0
1.0492180226701815
0.41840088382821605
0
0
0
0
0
1.9400735532451137
0
1.632204133050827
0
0
0
0
0.4471580313422192
0
0
0
0.146128035678238
0
0.015794267183231882
0
0
0
0
0
0
0
0
0
0
0
1.271066772286538
1.7481880270062005
0
0
0
0
0
0
0
0
2.9101103298676705
0
0
0
1.7481880270062005
0.6342446746993636
0
0
0
0
0
0
0
0
0
0.2562905859738791
0
0
0.9700367766225568
0
0
0
0
0
0
0
0
0
0
0
0
0
0
0
0
1.146128035678238
0
0
0
0
0
0
0
1.0273053326877108
0
1.271066772286538
0
0
0
0.9388688521067429
0.16247140363305634
0
0
0
0
0.27106677228653797
0
0.04782431481082273
0
0
0
0
0.2953081360210899
0
0.292256071356476
0
0
1.271066772286538
0.46943442605337143
0.5416166811458598
0.21670910996394527
0
0.3837710524778263
0
0.0
0
0
0.8132003168596139
0
0
0
0
0
0
0.1571234199797012
0
0
0
2.542133544573076
0
0
0
0
0
0
0
0.0
1.271066772286538
0
0
0
0.8450980400142568
0
0
0
0.9700367766225568
0
0
0
0
0
0
0
0
0
0
0.0
0
0
0
0
1.3414740940266576
0
0
0
0
0
0.2708083405729299
0
0
0
0
0
0
0
0.10473535052001297
0.08543019532462637
0
0.13540417028646495
0
0
0.12493873660829992
0
0.040617850908264086
0
0
0
0
0
0
0
0
0
0
0.37481620982489977
0
0.6342446746993636
0
0
0
0
0
0
0
0
0
2.292256071356476
0
0
0
0
0
0
0
0
0
0.20308925454132043
0
0
0
0
0
0
0
0
0
0
0
0
0
0
0.6020599913279624
0.3010299956639812
0.07825337511956526
0
0
0
0
0
0.21670910996394527
0
0
0
0
0
0
0
0
0
0
0
0
0
0.9351424307334514
0
0
0
0
0
0
1.146128035678238
0
0
