4.213830407833024
8.444784842672895
2.6374299206152916
0
4.807354922057604
0
0
0
0
0
0
0
0
0
0
0
0
0
0
0
0
4.222392421336448
0
0
0
0
0
10.549719682461166
2.222392421336448
0
0
0
0
0
0
0
0
0
4.807354922057604
0
0
0
0
0
3.222392421336448
0
0
0
0
11.422064766172813
0
3.807354922057604
0
5.807354922057604
0
0
0
0
0
0
2.106915203916512
0
0
0
0
0
0
0
4.807354922057604
0
5.807354922057604
5.807354922057604
0
0
3.4397841616145293
5.807354922057604
0
0
0
0
0
0
0
4.427660815666047
0
0
1.2837929660005913
7.614709844115208
0
0
0
0
0
0
0
0
0
0
0
0
0
0
0
0
0
3.222392421336448
0
0
0
0
0
0
0
0
0
0
0
3.0
0
0
0
0
0
0
3.0
0
0
0
0
0
0
0
0
0
0
0
0
0
0
0
5.807354922057604
0
0
0
0
0
0
0
0
0
0
0
0
0
4.807354922057604
0
0
0
0
0
0
0
5.817493661414398
0
0
0
0
6.0
0
0
0
0
0
0
0
0
0
0
0
0
3.4854268271702415
0
0
0
0
0
0
0
5.807354922057604
0
0
0
0
0
0
0
5.807354922057604
0
0
0
0
0
5.807354922057604
4.213830407833024
0
0
0
0
0
0
0
0
0
0
0
0
0
0
0
0
0
0
0
1.1069152039165118
0
8.18714960307646
0
4.807354922057604
0
0
0
0
0
0
0
0
5.807354922057604
5.807354922057604
0
0
0
0
0
0
8.422064766172813
0
0
0
0
0
0
0
0
0
0
0
2.2138304078330235
6.444784842672896
4.444784842672896
0
0
0
0
0
0
0
0
0
0
0
0
0
0
0
0
0
0
0
0
0
0
0
1.2837929660005913
14.422064766172811
0
0
0
0
0
0
4.807354922057604
0
0
0
0
0
0
0
0
0
0
0
0
0
0
0
4.213830407833024
0
0
0
0
0
0
0
0
0
0
0
0
0
0
0
0
0
7.456280481510724
0
0
0
0
0
0
0
0
0
0
0
0
0
2.222392421336448
0
4.807354922057604
4.807354922057604
0
0
0
0
0
0
0
0
0
0
0
0
4.807354922057604
0
0
0
0
0
0
0
2.347923303420307
0
0
0
0
0
0
0
4.04376991026092
0
0
0
0.07943446749440491
1.9004643264490857
0
0
0
0
0
0
0
0
3.222392421336448
0
0
0
0
0
0
0
0
0
0
0.7198920808072646
4.222392421336448
0
0
3.8009286528981714
3.8009286528981714
0
0
0
0
0
0
0
4.807354922057604
0
0
0
0
0
2.0
0
0
0
0
0
0
0
0.6374299206152918
0
0
1.1634987322828796
0
0
0
4.213830407833024
0
0
1.9004643264490857
0
0
0
11.739616517101535
3.0
0
0
0
0
4.695846606840614
0
0
0
0
0
0
0.48542682717024166
0
0
0
5.807354922057604
0
0
0
0
0
0
0
0
0
0
0
0
0
0
0
3.0
0
0
0
0
0
4.222392421336448
0
0
0
0
0
0
0
0
0
0
0
0
0
0
0
0
0
0
0
0
0.16349873228287956
0
0
0
0.3971723374720246
0
0.5979015564286544
0
5.807354922057604
3.807354922057604
0
0
0
0
0
0
0
0
0
2.222392421336448
0
0
0
0
0
0
0
0
0
0
0
0
0
0
0
0
1.6374299206152918
0
0
0
0
0
0
0
0
0
0
0
0
0
1.5594274086140185
0
0
0
0
0
5.159676242421794
4.970853654340483
0
0
0
0.10398083413177742
0
0
0
0
0
0
1.7063172233414576
0
0
5.807354922057604
0
0.9004643264490856
0.0
0
0.7538610474553863
2.807354922057604
0
5.807354922057604
0
0
0
4.0
0
0
0.12997604266472176
0
0
0
0
0
0
0
0
0
0
0
0
0
0
0
0
1.8073549220576042
0
0
0
4.0
0
4.807354922057604
4.807354922057604
1.577509128639647
0
0
0
0
0
0
0
0
0
0
0
0
0
0
0
0
0
0
0
0
0.899605834879041
0
0
0
0
0
0
0
0
0
0
0
0
0
0
0
0
0
0
0
0
0
0
0
0
0
0
0
0
0
0
0
6.0
0
0.6780719051126377
0
0
0
0
0
0
0
0
0
0
0
0
0
0
0
0
0
0
0
0
0
0
0
0
0
0
0
0
2.159676242421794
0
0
0
0
0
0
0
0
0
0
0
0
0
0
0
0
0
0
0
0
0
0
0
0
0
0
0
0
0
0
0
0
0
0
0
0
0
0
0
0
0
0
0
0
0
0
5.807354922057604
0
0
0
0
0
0
0
0
0
0
0
0
0
0
0
0
0
0
0
0
0
0
0
0
0
0
0
0
0
0
0
0
0
0
0
0
0
0
0
0
0
0
8.0
5.807354922057604
0
0
0
0
0
0.9004643264490856
0
0
0
0
0
0
0.8095774805166518
0
0
0
0
0
0
0
0
0
0
0
1.8073549220576042
0
0
0
0
0
0
0
0
0
0
0
0
0
0
0
0
0
0
0
0
0
0
0
0
0
0
0
0
2.4854268271702415
2.4854268271702415
0
0
0
0
0
0
0
0
0
0
0
0
0
0
0
0
0
0
0
0
0
0.9708536543404833
3.6671772640093443
0
0
0
0
0
0
0.3148045193648129
0.3269974645657591
0
0
0.8073549220576041
0
0
0
0
4.222392421336448
0
0
0
0
0
0
0
0
0
1.1069152039165118
0
0
0
0
0
0
0
0
0
0
0
0
0
0
0
0
3.6671772640093443
0
0
0
0
0
0
0
0
0
0
0
0
0
0
0
0
0
0.8300749985576875
0
1.3479233034203069
2.347923303420307
0
0
0
0
0
0
0.8073549220576041
0
0.8531586116707288
0
0
1.6782822258420556
4.068431430675826
0
0
0
0
0
0
0
0
0
3.0
0
0
0
0
0
0
0
0
0
0
0
0
0
0
0
0
0
0
0
0
0
0
0
0
0
0
0
0
0
0
0
0
0
0
0
0
0
0
0
0
0
0
0
0
0
0
0
4.0
0
0
0
0
0
0
0
0
0
2.6374299206152916
0
0
0
0
0
0
0
0
0
0
0
0
0
0
0
0
0
0
1.5594274086140185
0
0
0
0
0
0
0
0
0
9.614709844115207
0
0
0
3.807354922057604
0
0
0
2.6374299206152916
0
0
0
0
0
0
0
0
0
0
0
0
0
0
0
2.8300749985576874
0
0
0
0
0
0
0
0
0
0
0
1.0110642815198667
0
0
0
0
0
0
2.347923303420307
0
0
0
0
0
0
0
0
0
0
0
0
0
0
0
0
0
1.6374299206152918
0
0
0
0
0
0.7198920808072646
0
0
0
0
0
0
0
0
3.4854268271702415
0
2.807354922057604
0
0
0
0
0
0
0
1.702757796003548
0
0
0
0
0
0.0
0
0
0
0.0
0
0
0
0
0
0
0.9493739269300321
0
0
0
0
0
0.7621803347110125
0
0
0
0
3.4854268271702415
0
0
0
0
0
0
0
0.7198920808072646
0
0
0
0
0
0
9.614709844115207
0
0
0
0
0
0
6.549719682461167
0
0
2.8795683232290585
0
0
0
0
0
0
0
0
0
0
0
0
0
0
0
0
0
0
0
0
2.222392421336448
0
0
0
0
0
0
0
0
0
0
0
0
0
0
0
0
0
0
0
4.807354922057604
0
0
4.807354922057604
0
0
0
0
0
0
0
0
0
0
0
6.444784842672896
0
0
0
0
0
0
0
0
0
0
0
0
0
0
0
0
0
0.22239242133644802
0
0
0
0
0
0
0
0
3.0
0
0
0
0
0
0
0
0
0
0
0
0
0
0
0
0
2.4854268271702415
0
0
0
0
0
0
0
0
0
0
0
0
0
0
0
0
1.577509128639647
8.18714960307646
4.475419268912148
0
0
0
0
0
0
0
0
0
0
0
0
0
0
0
0
0
0
0
0
0
0
0
0
4.807354922057604
0
0
0
0.9465054771837882
0
0
0
1.0110642815198667
0
0
0
0
0
0
0
0
0
0
0
0
0
4.209869679576542
0
0
0
2.4854268271702415
0
0
0
0
0
0
0
0
0
0
0
0
0
0.4766068049664295
0
0
0
0
0
1.6374299206152918
3.4854268271702415
0
0
0
0
2.106915203916512
3.4854268271702415
0
0
0
0
0
0
0
5.807354922057604
0
0
3.0
0
0
0
0
0
0
0
0
5.807354922057604
0
0
0
0
0
0
0
0
0
0
0
0
0
0
0
0
0
0
0
0
0
0
0
0
0
4.807354922057604
0
0.6539949291315182
0
0
0
0
1.2837929660005913
0
0
0
0
2.6374299206152916
3.4854268271702415
3.0
0
0
0
0
0
0
0.6780719051126377
0
0
0
0
0
0
0.8895696853457921
0
0
0
0
0
0
0
4.807354922057604
0
0
0
0
0
0
0
0
0
0
0
0
2.222392421336448
0
4.970853654340483
0
0
0
0
0
0
4.807354922057604
4.807354922057604
0
0
0
0
0
0
0
5.807354922057604
0
0
0
0
0
0
0
0
0
0
0
0
0
0
0
0
0
0
0
0
0
0
0
0
0
0
0
0
0
0
0
0
0
0
0
0
0.5594274086140185
0
0
0
0
0
0
0
0
0
0
0
0
0
4.222392421336448
0
4.807354922057604
0
0
0
0
0
0
0
0
0
0
0
0
0.8073549220576041
0
0
0
0
0
0
0
0
0
0
0
0
0
0
0
0
0
0
0
0
0
0
0
0
3.4854268271702415
0
0
2.0
0
0
0
0
0
0
0
0
0
0
0
0
0
0
0
0
0
0
0
0
2.4854268271702415
0
0
0
0
0
0
0
0
0
0
0
0
0
0
0
5.118951670024373
0
0.3479233034203068
1.6374299206152918
0
0
0
0
5.807354922057604
0
2.222392421336448
0.5718945877247757
0
0
0
0
6.970853654340483
0
0
2.106915203916512
1.0
0
0
0
0
0
0
0
0
0
0
5.807354922057604
0
0
0
0
5.118951670024373
1.6374299206152918
0
2.106915203916512
8.444784842672895
0
0
0
0
0
2.106915203916512
0
0.41503749927884376
0
0
0
0
0
0
0
0
0
0
0
0
0
0
0
0
0
0
0
0
0
0
0
0
0
0
0
5.807354922057604
3.4854268271702415
0
0
0
0
0
0
0
0
0
6.667177264009345
4.444784842672896
5.614709844115208
0
0
0
0.6780719051126377
0
0
0
0
0
0
0
0
0
4.222392421336448
0
0
2.347923303420307
0
0
0
0
0
3.222392421336448
0
0
0
0
0
0
0
0
0
0
0
0
0
2.807354922057604
0
0
0
0
0.13492958008610864
0
0
0
0
0
0
0
0
0
0
2.0221285630397334
0
0
0
0
0
0
0
0
0
0
3.851378898001774
0
1.3479233034203069
4.807354922057604
0
0
0
0
0
0
0
0
0
0
0
0
0
0
1.6374299206152918
0
0
0
0
0
0
0
4.807354922057604
11.614709844115207
0
0
0
0
3.807354922057604
0
11.422064766172813
0
0
0
0
0
0
0
0
0
0
0
0
0
0
1.9004643264490857
0
0
0
0
5.135171864002365
0
0
0
0
0
0
0
0
0
0
0
0
0
0
0
0
0
0
0
0
0
0
0
0
0
0
0
0
0
0
0
0
0
0
0
0
0
0
0
0
0
0
0
0
0
0
0
0
0
0
0
0
0
4.807354922057604
0
2.444784842672896
3.6147098441152083
0
0
0
0
0
0
0
0
0
0
2.347923303420307
0
0
0
0
0
3.222392421336448
0
0
0
0
0
0
0
0
0
0
0
0
0
0
5.807354922057604
0
0
0
0
0
0
0
0
0
0
0
0
0
0
0
3.807354922057604
0
0
2.807354922057604
0
0
0
0
0
0
0
0
0
0
2.347923303420307
0
0
5.807354922057604
0
0
0
0
0
0
0
0
0
0
0
0
0
0
0
0.8531586116707288
0
0
0
0
0
0
2.807354922057604
0
0
0
0
0
0
3.807354922057604
0
0
0
0
0
0
3.222392421336448
0
0
4.807354922057604
0
0
0
0
0
0
0
0
0
0
0
0
0
0
0
0
2.326997464565759
0
0
0
0
0
0
0
0
0
0
0
0
0
0
0
0
3.807354922057604
0
0
0
0
0
0
0
0
0
0
0
0
0
0
0
0
0
0
0
0
0
0
5.807354922057604
0
0
0
0
0
0
0
0
0
0
0
0
0
0
0
0
0
0
0
4.222392421336448
0
0
0
0
0
0
0
0
0
0
5.135171864002365
0
0
0
0
0
3.827156337623375
0
0
0
0
0
0
0
0
0
0
0
0
0
0
0
0
0
0.5979015564286544
0.4498029174395205
0
0
0
0
4.213830407833024
0
0
0
0
0
0
0
0
0
0
0.8895696853457921
0
0
0
0
5.807354922057604
0
0
0
0
0
0
0
0
1.0524674198941355
0
0
0
0
0
6.970853654340483
0
0
0
0
4.807354922057604
0
0
0
0
0
0.9004643264490856
0
0
4.807354922057604
0
0
3.0
0
0
0
0
4.0
0
0
5.807354922057604
0
4.807354922057604
0
0
1.3479233034203069
0
0
0
0
4.807354922057604
11.422064766172813
0
0
0
0
0
0
0
0
0
0
0
0
4.854268271702416
0
0
0
0
9.47220677904722
0
0
0
0
0
0
0
0
0
0
0
0
0
0
0
2.6374299206152916
0
0
0
0
0
0
0
4.213830407833024
0
0
0
4.807354922057604
0
0
0
0
0
0
0
0
0
3.807354922057604
5.807354922057604
0
0
2.2138304078330235
0
0
5.807354922057604
0
0
0
0
0
1.2837929660005913
0
0
0
0
0
0
0
0
0
0
0
0
0
0
0
0
0
1.4854268271702418
0
0
0
0
0
0
0
0
0
0
0
0
0
0
0
0
0
0
0
0
0
0
0
0
0
0
0.6671772640093441
0
0
0
0
0
0
0
0
0
0
0
0
4.498029174395205
0
2.106915203916512
0
0
4.222392421336448
0
0
0
0
0
0
0
0
0
0
0
0
3.807354922057604
0
0
0
0
5.807354922057604
0
0
0
0
0
0
0
0
0
0
0
1.4854268271702418
5.614709844115208
0
2.807354922057604
0
2.807354922057604
0
0
2.222392421336448
0
0
0
0
3.807354922057604
0
0
0
0
0
0
2.4854268271702415
0
0
0
0
0
0
0
0
0
0
0
0
0
0
1.0524674198941355
0
0
0
0
2.807354922057604
0
0
9.614709844115207
0
0
0
0
0
0
0
0
0
0
0
0.5675859320011827
0
0
0
0
0
0.2527660703799667
0
0
0
0.3119425023953323
0
0
0
0
0
2.5675859320011827
5.807354922057604
0
0
0
0
0
0
0
0
0
0
0
0
0
4.807354922057604
0
0
0
0
0
0
0
0
0
5.807354922057604
0
0
0
0
0
0
0
0
0
0
0
0
0
0
0
0
0
0
6.444784842672896
0
0
0
0
0
0
5.701392979347257
0
0
2.347923303420307
0
0
3.0
0
0
0
0
0
0
0
0
0
0
0
0
5.807354922057604
0
0
0
0
0
0
0
0
0
0
0
0
0
0
0
0
0
0
0
0
0
0
0
0
0
0
0
0
0
0
0
0
0
0
0
0
0
0
0
1.7063172233414576
0
0.9493739269300321
0
0
0
0
0
2.104934839788271
0
1.0
0
0
0
0
0
0
0
0
0
0
0
0
0
0
1.1432705020665188
0
0
0
0
0
0
0
0
0
0
0
0
0
0
0
0
0
0
0
0
0
0
0
0
0
0
0
0
0
1.799211669758082
0
0
0
0
0
0
0
0
0
0
0
0
0
0
0
0
0
0
0
0
0
0
0
0
0
0
0
0
0
0.9708536543404833
0
1.5594274086140185
0
0
0
0
0
0
0
0
0
4.807354922057604
2.6958466068406137
0
0
0
1.4854268271702418
0
0
3.4854268271702415
0
0
0
0
0
3.4854268271702415
0
0
0
0
0.32074561174953564
0
0
0
0
0
0
0
0
0
0
0
0
0
0
2.222392421336448
0
0
0
0
0
0
0
0
0
0
0
12.889569685345792
3.807354922057604
0
0
0
0
0
3.807354922057604
5.807354922057604
0
0
0
0
0
0
0
0
0
0
0
0
0
0
0
1.4150374992788437
0
2.347923303420307
0
0
0
0
0
0
0
0
0
0
0
0
0
0
0.9004643264490856
0
0
0
0
2.347923303420307
0.44478484267289603
0
0
0
0
0
0
0
3.2748598412305836
0
2.106915203916512
0
0
0
0
5.807354922057604
0
0
0
0
0
0
0
5.807354922057604
0
0
0
0
0
0
2.444784842672896
0
0
0
0
0
0
0
0
0
0
0
0
0
0
0
0
0
0
0
0
0
0
0
0
0
0
0
0
0
0
0
0
0
0.0
0
0
0
0
0
0
0
0
0
0
4.695846606840614
0
0
0
0
0
0
2.4854268271702415
0
0
0
0
7.04376991026092
0
1.3494087523185616
3.0
0
0
0
0
0
0
0
1.3479233034203069
0
0
3.0
0
0
0
0
0
0
0
0
0
0
0
0
0
0
0.15886893498880983
0
0
0
0
0
0
0
0.8073549220576041
0
0
0
0
0
4.807354922057604
0
2.222392421336448
0
0
0
0
0
0
4.807354922057604
0.5594274086140185
3.4397841616145293
0
0.5594274086140185
1.747558284876908
0
0
0
0
0
0
0
0
0.5594274086140185
0
4.807354922057604
0
0
0
0
0
0
0
0
0
0
0
0
0.05199041706588871
0
0
0
0
0
0
0
0
0
0
0
0
0
0
0
0
0
0
0
0
0
0
0
0
0
0
0
0
0
0
0
0
0.47220677904721936
0
1.9122897618458754
2.807354922057604
0
0
0
0
0
0
6.0
0
0
0
0
0
0
0
0
0
0
0
0
4.0
0
6.444784842672896
24.0
5.807354922057604
0
0
0
0
0
0
0
0
0
0
0
0
0
0
0
0
0
0
0
0
0
0
0
0
0
0
0
0
0
0
0
0
0
0
0
0
0
0
0
0
0
0
0
0
2.9708536543404835
0
0
0
0
0
0
0
0
0
1.3479233034203069
0
0
0
0
0
0
0
0
0
0
0
1.9004643264490857
0
0
0
0
0
0
0
0
0
0
0
0
4.912289761845876
0
0
0
0
0
0
0
1.8073549220576042
0
3.222392421336448
0
0
0
0
0
2.807354922057604
0
0
0
0
0
0
0
0
0
0
0
0
0
0
0
0
0
0
0
5.807354922057604
0
0
0
0
0
0
0
0
0
0
0
0
0
0
0
0
0
0
2.4854268271702415
0
0
0
0
0
0
0
0
0
0
0.21383040783302376
0
0
0
0
3.4854268271702415
0
0
0
0
0
0
0
0
0
0
0
0
0
0
0
0
0
0
0
0
0
0
0
0
3.8009286528981714
0
0
0
0.6414912234990713
0
0
0
0
0
3.807354922057604
2.106915203916512
0
0
0
3.0
0
0
0.6374299206152918
0
0
0
0
5.807354922057604
0
0
0
0
0
0
0
0
0
0
0
0
0
0
0
0
0
0
0
0
0
0
0
0
0
0
0
0
0
0
0
1.8073549220576042
0
0
0
0
0
0
0
0
0
0
0
7.912289761845875
0
0
1.3916932136812272
0
0
0
0
0
0
0
0
0
0
0
0
0
0
0
0
0
0
0
0
0
0
0
0
0
0
0
0
0.0
0
0
0
2.106915203916512
0
0
3.222392421336448
0
0
0
0
0.6414912234990713
0
0
0
0
0
3.807354922057604
0
0
1.2748598412305836
0
0
0
0
5.979015564286544
0
0
0
0
0
0
0
0
0
0
0
0
0
0
0
0.41503749927884376
0
0
0
0
0
0
0
0
0
0
0
0
0
0
0
0
0
0
0
0
4.807354922057604
0
0
0
0
0
0
0
4.807354922057604
0
0
0
0
0
0
0
0
0
0
0
0
0
0
0
0
0
2.159676242421794
1.660149997115375
0
8.855321631332094
0
0
0
0
0
0
0
0
0.7198920808072646
0
0
0
0
1.0524674198941355
0
0
0
0
0
0
0
0
0
0
0
7.912289761845875
0
0
0
0
0
0
0
0
0
0
0
0
0
0
0
0
0
0
6.739616517101535
0
0
0
0
0
0
0
0
0.6780719051126377
0
0
0
4.807354922057604
0
0
0
0
0
0
0
0
0
0
0
0
0
0
2.8481217807900965
0
3.4854268271702415
0
0
6.444784842672896
0
0
0
0
0
0
0
0
15.229419688230417
0
0
0
4.807354922057604
0
0
0
0
1.1351718640023654
0
0
0
0
0
0
0
4.0
0
0
0
0
0
0
0
0
0
0
0
1.7984860551116753
0
0
0
0
0
5.807354922057604
0
0
0
0
0
0
0
3.0
0
0
0
0
0
2.4854268271702415
0
0
0
0
0
0
0
0
0
0
0
0
0
0
0
0
0
0
1.9004643264490857
0
0
0
0
0
0
0
0
0
0
0
0
0
0
0
0
0
0
2.347923303420307
0.0
0
0
0
0
2.347923303420307
0
0
0
2.807354922057604
2.549719682461167
0
0
0
3.0
0
0
0
0
0
0
0
0
0
0
0
0
0
0
0
0
0
0
0
0
4.992394463186019
0
0
0
4.04376991026092
4.807354922057604
0
0
0
0
0
0
0
0
0
0
2.4854268271702415
0
0
0
0
0
0
0
0
0
0
0
0
0
0
0
0
0
0
0
0
0
0
0
0
0
0.10398083413177742
0
0.48542682717024166
0
0
0
0
0
0
0
0
0
0
0
0
0.9465054771837882
0
0
0
0
0
0
0
3.807354922057604
0
0
0
0
0
0
0
0
0
0
0
0
0
0
0
0
0
0
0
0
0
0.899605834879041
0
0
0
0
0
1.8073549220576042
0
0
0
0
0
0
4.807354922057604
0
0
2.222392421336448
0
0
0
0
0
0
0
0
0
0
0
0
0
0
0
0
0
0
4.222392421336448
0
0.5779352338271875
0
0
0
0
0
0
2.347923303420307
0
0
0
0
0
0
0
0
0
0
0
0
0.2527660703799667
0
0
0
0
0
0
0
0
0
0
0
0
3.851378898001774
1.5594274086140185
2.8300749985576874
0
0
4.222392421336448
0
0
0
0
0
0
0
1.8073549220576042
0
3.118854817228037
0
0
0
1.793704669285963
0
0
0
0
0
0
0
0
0
0
0
0
0
0
0
0
0
0
0
0
0
0
0
0
0
0
0
0
0
0
0
0
0
0
0
0
0
0
0.7198920808072646
0
0.19264507794239583
0
0
0
0
0
1.1069152039165118
0
0
0
0.10493483978827096
0
5.807354922057604
0
0
0
0
0
3.222392421336448
0
0
0
0
0
0
0
0
0
0
0
0
0
0
0
0
0.9004643264490856
0
1.0524674198941355
0
0
0
0
0
0
0
2.106915203916512
0
0
0
0
0
0
0
0
0
1.7198920808072646
0
0
0
0.5675859320011827
0
0
0
0
3.807354922057604
0
0
0
0
0
0
0
0
0
0
0
0
0.5219527031953558
0
0
0
0
1.6147098441152081
0
0
0
0
0
0
0
0
0
1.8987478538600642
0
3.4854268271702415
0
4.0
0
0
0
0
0
0
0
0
0
0
0
0
0
0
0
0
0
0
0
0
0.6958466068406136
0
0
0
0
4.213830407833024
0
0
0
0
0
0
0
0
0
0
0
0
0
0.3148045193648129
0
0.8531586116707288
0
0
0
1.2837929660005913
0
0
0
0
0
0
0
0
0
0
0
2.6374299206152916
4.807354922057604
0
0
0
4.222392421336448
1.7063172233414576
0.6746479004305432
0
0
0
0
0
0
0
0
0
0
0
0
0
0
0
0
0
9.614709844115207
0
0
0
0
0
0
0
1.0439054063907116
2.347923303420307
0
0
4.807354922057604
0
0
0
0
4.807354922057604
0
0
0
0
0
0
0
0
0
0
0
0
0
0
0.9465054771837882
0
0
0
3.222392421336448
3.807354922057604
0
4.807354922057604
0
0
0
0
0
0
0
0
0
0
1.0
0
0
0
0
0
0
0
0
1.1958031128573088
0
0
0
0
0
0
0
0
0
0
0
0
0
0
0
0
2.222392421336448
4.807354922057604
0
0
0
0
0
0
4.889569685345792
0
0
0
0
0
0
0
2.3916062257146176
0
0
0
0
0
0
0
0
0
0
0
1.456280481510725
4.222392421336448
0
0
0
2.1588732813777383
0
0
0
0
0
0
0
7.456280481510724
0
0
2.807354922057604
0
0
0
0
0
0
0
0
0
0
0
0
0
0
0
0
0
0
0
0
0
0
0
0
0
3.807354922057604
5.807354922057604
0
0
0
0
0
0
0
0
0
1.9004643264490857
0
0
0
1.660149997115375
0
0
0
0
0
0
0
0
0
4.222392421336448
0
0
4.807354922057604
0.6820764586237613
0
0
0
0
0
0
1.8930109543675764
0
0
0
0
0
0
0
0
0
0
0
6.444784842672896
0
0
1.8073549220576042
0
0
0
2.087810812781423
0
0
0
0
0
0
0
0
0
0
0
0
0
0
0
0.899605834879041
0.23395687679649918
0
0
0
0
2.8795683232290585
0
0
0
0
0
0
0
0
0
0.5345760195825594
1.0439054063907116
0
0
0
0
0
0
0
0
0
0
0
0
0
0
0
0
0
0.7198920808072646
0
0
0
0
0
0
0
0
0
2.4854268271702415
0
0
0
0
2.4854268271702415
0
0
0
0
4.807354922057604
0
0
0
0
4.222392421336448
0
0
0
5.807354922057604
0
0.6671772640093441
0
0
2.9936257096623327
0
0
0
0
0
0
0
0
0
6.980992393697278
0
0
0
0
0
0
0
0
0
0
0
0
0
0
0
0
0
0
0
0
0
0
5.807354922057604
0
0
0
5.807354922057604
0
0
0
0
0
0
0
0
0
0
0
0.0
0
0
0
0
0
0
0
0
0
0
1.2143662207749777
0
0
0
0
0
0
2.2138304078330235
0
0
0
0
0
0
0
0
0
1.5658581095860673
0
0.5979015564286544
5.422064766172813
1.9004643264490857
0
0
0
0
0
0
0
0
0
0
0
0
0
0
0
0
0
0
0
0
0
0
0
0
0
1.1634987322828796
0
0
0
0
3.118854817228037
0
0
0
0
0
0
0
0
0
0
0
0
0
0
0
0
0
0
0
0
0
0
0
0
0
0
1.1069152039165118
0
0
0
0
0
0
0
0
0.0
0
0
0
0
0
0
0
0
0
0.6354757399552393
0
0
0
0.6374299206152918
0
0
0
0
0
0
0
0
0
2.8481217807900965
2.104934839788271
0
0
0
0
3.0
0
0
0
0
0
0
4.807354922057604
0
0
0
0.4766068049664295
0
0
0
0
0
1.5259216053983014
0
0
0
0
0
0
0
0.2698591601722173
0
0
0
0
0
0.0
0
0
0
0
0.2623370994706774
0
0
0
5.807354922057604
0
3.0
2.6374299206152916
0
0
5.807354922057604
5.807354922057604
0
0
0
0
0
0
2.106915203916512
0
0
0
0
0
0
1.9264507794239583
0
0
0
0
0
0
0
0
5.807354922057604
0
0
0
0
4.807354922057604
0
0
0
2.6958466068406137
0
0
0
0
0
0
0
0
0
0
0
0
0
0
0
0
0
0
0
0
0
0
0
0
0
0
0
0
4.807354922057604
0
0
0
0
0
0
0
0
0
0
0
3.807354922057604
0
0
0
0
0
0
0
0
0
0
0
0
2.5675859320011827
0
0
4.807354922057604
1.1432705020665188
0
0
0
0
0
0
0
3.4397841616145293
0
0
2.4854268271702415
0
0
0
0
0
0
0
0
0
0
0
0
0
0
0
0
0
0
1.2837929660005913
0
0
0
0
0
0
0
2.326997464565759
11.614709844115207
0
0
0
0
0
0
0
0
0
0
0
0
0
0
0
0
0
0
2.807354922057604
0
0
0.0
0
0
7.912289761845875
2.8795683232290585
0
0
0
0
0
0
0
0
4.213830407833024
0
3.222392421336448
0
0
0
0
0
4.807354922057604
0
0
0
0
0
1.0524674198941355
0
0
0
0
0
0
0
0
4.807354922057604
0
0
0
0
0
0
0
0
0
0
0
0
0
0
0
0
0
0
0
0
0
0
0
0
0
0
0
0
0
0
0
0
0
1.8009286528981712
0
0
0
0
0
4.670240848065409
1.7198920808072646
0
0
0
0
2.347923303420307
0
0
0
0
0
0
0
0
0
0
0
0
0
0
0
0
0
0
0
0
0
0
0
0
0
0
0
0
0
0
0
0
0
0
2.4354631239421476
0
0
0
0
0
0
0
1.2748598412305836
0
0
0
0
0
0
0
2.6374299206152916
3.807354922057604
0
0
0
0
0
0
0
0
0
0
1.9004643264490857
0
0
0
0
0
0
0
1.8073549220576042
0
0
0
0
2.0
0.6374299206152918
1.1958031128573088
0
0
0
0
0
0
2.4854268271702415
0
0
0
0
0
0
0
0
0
0
0
0
0
0
4.807354922057604
0
0
4.222392421336448
0
0
0
0
0
0
0
0
0
0
0
0
0
0
0
0
0
0
0
2.807354922057604
0
0
0
0
0
0.6414912234990713
0
0
0
0
0
0
0
0
0
0
0
0
0
0
0
0
0
0
0
0
0
0
0
0
0
0
0
0
0
0
0
0
0
0
0
3.0
0
0
0
0
0
0
0
0
0
0
0
0
7.912289761845875
0
0
0
0
0
2.106915203916512
0
0
0
0
1.4150374992788437
4.444784842672896
0
5.807354922057604
0
4.222392421336448
0
0
0
0
0
0
0
5.807354922057604
0
0
1.3479233034203069
0
0
3.4854268271702415
5.807354922057604
3.8009286528981714
4.807354922057604
0
0
0
0
0
0
0
5.807354922057604
0
0
0
0
0
0
0
0
0
11.229419688230417
0
0
10.549719682461166
0
8.422064766172813
0
2.347923303420307
0
0
0
0
0
0
0
4.04376991026092
1.4854268271702418
0.5219527031953558
0
0
2.4854268271702415
0
0
0
0
0
0
0
4.222392421336448
0
0
2.6374299206152916
0
0
0
0
0
0
0
0
0.5594274086140185
0
0
0
0
0
0
0
0
0
0
0
0
0
0
0
0
0
0
0
0
0
0
0
0
0
0
0
0
0.7943446749440491
0
0
0
0
0
0
0
0
0
3.807354922057604
0
0
0
0
0
0
0
0
0
0
0
0
0
0
0
0
1.8073549220576042
0
0
0
0
0
0
0
0
0
0
0
0
0
0
0
0
0
0
0
0
0
0
0
0
0
0
0
0
0
0
4.222392421336448
0
0
0
0
0
0
0
0
0
12.039244565650852
0
0
0
0
1.8073549220576042
0
4.807354922057604
0
0
0
0
1.4854268271702418
0
0
3.807354922057604
0
0
0
0
0
0
0
0
0
0
0
0
4.807354922057604
1.799211669758082
0
0
0
0
0
11.422064766172813
0
3.4854268271702415
0
0
0
0
0
0
0
0
0
0
0
0
0
0
0
0
0
0
0
0
0
0
2.106915203916512
0
0
0
0
5.807354922057604
0
5.807354922057604
5.807354922057604
0
7.427134135851209
3.807354922057604
4.807354922057604
0
4.444784842672896
0
0
0
0
0
0
0
5.039244565650852
0
0
0
0
0
0
0
0
0
0
0
0
0
0
0
0
0
0
0
0
0
0
0
0
0
5.807354922057604
5.741479735148914
0
2.4854268271702415
0
0
0
0
0
0
0
7.04376991026092
0
0
0
0
0
0
0
0
0
3.807354922057604
0
0
0
0
0
0
0
0
0
0
0
7.912289761845875
0
0
0
0
0
0
0
0
0
0
5.807354922057604
0
0.05246741989413548
0
0.6780719051126377
0
0
0
0
0
4.695846606840614
0
0
0
0
2.8300749985576874
0
0
0
0
0
0
0
0
0
0
0
0
0
0
0
0
0
0
0
0
0.7629608026991507
0
0
0
0
0
2.034215715337913
0
0
0
0
0
0
0
0
0
0
0
0
0
2.6374299206152916
0
0
0
0
0
0
0
0
0
0
0
0
0
0
0
0
0
0
0
0
0
0
0
0
0
0
0
0
0
0
0
4.213830407833024
0
0
0
0
0
0
0
0
0
0
0
0
0
0
0
0
0
0
0
0
2.9708536543404835
0
0
0
0
0
0
0
0
0
0
0
0
0
0
0
2.326997464565759
0
0
0
0
0
0
0
0
3.807354922057604
0
0
0
0
0
0
0
0
0
3.807354922057604
0
0
0
0
0
0
0
0
0
0.8531586116707288
0
0
0
0
0
1.9004643264490857
0
0
0
0
0
0
0
0.44478484267289603
0
0
0
0
0
0
0
0
0
0
0
0
0
0
2.6958466068406137
0
2.106915203916512
0
0
0
4.04376991026092
0
0
0
0
0
0
0
5.807354922057604
0
0
0
0
0
0
0
3.807354922057604
0
0
0
0
0
0
0
0
1.7198920808072646
0
0
0
0
0
0
0
0
0
0
0
4.427660815666047
0
0
0
0
2.5594758350121865
0
0
0
0
2.347923303420307
0
0
0
0
0
4.209869679576542
0
0
0
0
0
0
0
0
0
0
0
0.22239242133644802
0
0
0
0.8073549220576041
0
0.5979015564286544
0
0
0
0
0
0
0
0
0
0
0
1.9417073086809666
0
0
0
0
0
0
0
0
0
0
0
0
0
0
0
0
0
2.237709634456074
2.807354922057604
10.534576019582559
0
0.851378898001774
0
0
0
0
0
5.807354922057604
0
0
0
0
0
0
0
0
3.0
0
0
0
1.0110642815198667
0
0
0
0
0
4.807354922057604
5.807354922057604
4.807354922057604
0
0
0
0
0
5.807354922057604
0
0
0
0
0
0
0
2.222392421336448
0
0
0
0
0
0
0
2.0
0
0.8300749985576875
0
0
0
0
0
0
0
0
1.1069152039165118
0
0
0
1.4854268271702418
0
3.0
0
0
0
0.5979015564286544
0
0
0
0
0
0
0
0
0
0
0
0
0
0
0
0.9004643264490856
0
0
0
1.6374299206152918
0
0
0
0
0
0
0
0
0
0
0
0
0
0
0
0
0
0
0
0
0
0
0
0
0
0
0
0
0
0
0
2.807354922057604
0
0
0
0
0
0
0
0
0
0
0
0
0
0
0
0
1.4854268271702418
0
0
0
0
5.807354922057604
0
0.36727193925894835
0
0
0
0
0
0
0
0
0
1.3479233034203069
0
0
0
0
0
4.807354922057604
0
0
0
0
1.3479233034203069
0
0
0
0
0
0.5594274086140185
0
0
0
0
0
0
0
0
0
3.807354922057604
0
0
5.422064766172813
0
0
0
0
0
0
0
4.222392421336448
0
0
0
0
0
0
0
1.6374299206152918
0
0
0
0
0
4.222392421336448
0
2.2138304078330235
0
0
4.807354922057604
5.807354922057604
0
0
0
0.22239242133644802
0
2.712287620450551
0
0
0
0
0
0
0
0
0
0
0
0
0
0
0
0
0
0
0
2.347923303420307
0
0
2.0
0
0
0
0
0
0
0
0
0
0
0
0
0
0
0
0
0
0
0
0
4.807354922057604
5.807354922057604
0
0.8073549220576041
0
0
0
0
0
0
0
0
0
0
0
0
0
0
0
0
0.15597125119766614
2.347923303420307
0
0
7.456280481510724
0
0
0
0
0
0
0
0
0
0
2.0
0
0
0
0
0
0
0
0.5675859320011827
0
0
0
2.4854268271702415
0
0
0
0
0
0
0
0
0
0
0
0
0
0
0
0
3.6147098441152083
2.4854268271702415
0
0
0
0
0
0
0
1.9004643264490857
0
0
1.524360669422025
0
0
0
0
0
0
0
0
3.8009286528981714
0
2.326997464565759
0
0
0
2.347923303420307
0
0
0
0
0
0
0
0
0
0
0
0
0
0
0
0
0
0
0
0
0
0
0
0
0
0
0
0
0
0
0
0
0
0
0
0
0
0
0
0
0
0
0
0
2.347923303420307
0
0
0
0
2.422064766172812
0
0
0
0
0
0.15597125119766614
0
0
0
0
0
0
0
0
0
0
2.106915203916512
0
4.807354922057604
0
0
0
0
0
0
0
0
5.701392979347257
3.4854268271702415
0
0
0
5.807354922057604
0
0
0
0
1.8073549220576042
0
0
0
0
0
0
0
1.2620073029117176
0
0
0
0
0
0
0
0
0
0
0
0
0
0
0
4.807354922057604
5.807354922057604
0
0
0
0
0
0
0
0
0
0
3.0
0
0
0.48542682717024166
0
0
3.0
0
0
0
0
0
0
0
0
0
0
0
0
0
0
0
0
0
0
0
0
0
0
0
0
0
0
0
0
0
3.4854268271702415
0
0
0
0
0
0
0
0
1.8073549220576042
0
0
0
0
0
0
0
0
0
0
0
0
0
0
0
0
0
0
0
0
0
0
0
0
0
0
0
0
0
0
0
0
0
0
0
0
0
1.0524674198941355
0
0
0
0
0
0
0
0
0
0
0
8.444784842672895
0
0
0
0
0
0
0
0
0
0
0
0
0
0
0
0
0
0
0
0
0
0
0
0
0
0
0
0
0
0
0
0
0.3155018257279294
0
0
0
0
0
0
0
0
0
0.13492958008610864
1.7198920808072646
0
0
0
0
0
0
0
0
0
0
4.807354922057604
0
0
5.807354922057604
0
0
0
0
3.222392421336448
0
0
0
6.625538340286518
4.222392421336448
0
0
3.222392421336448
11.614709844115207
2.4854268271702415
0
0
2.807354922057604
0
10.456280481510724
0
0
0
0
0
2.807354922057604
0
0
0
0
0
0
0
0
0
0
0
0
0
0
2.8300749985576874
0
0
0
0
0
0
0
0
0
0
5.807354922057604
1.8073549220576042
0
5.807354922057604
1.1634987322828796
0
0
0
0
0
0
0
0
0
0
0
0
0
0
3.0
0
0
0
0
0
0
0.9622368352486069
0.44478484267289603
0
0
0
0.0
0
0
0
0
0.9708536543404833
0
0
3.4397841616145293
0.2859472938623879
0
0
0.05246741989413548
0
0
0
0.6310036514558588
0
0.7705803117695833
0
0
0
1.3079898582630365
0
0.7484064274155832
0
0
1.2837929660005913
1.6374299206152918
0
0.7582982111399
0
0
1.0
2.347923303420307
0
0
0
0
0
0
0
0.0
0
0
0
0
0
0.15886893498880983
0
0
0
0
0
0
0
0
0
0
0
0
0
0
0
0
0
0
0
0
0.6671772640093441
0
0
0
0
0
0
0
0
0
0
0
0.10398083413177742
0
0
0
0
0
0
0
0
0
1.2620073029117176
0.13492958008610864
0
0
0
0
0
0
0
0
0
0
0
0
0
0
0
0
0.7198920808072646
2.6958466068406137
2.6374299206152916
2.8300749985576874
0
0
0
0
0
0
0
0
0
0
0
2.444784842672896
0
0
0
7.614709844115208
0
0
0
0
0
0
0
0
0
0
3.0
0
0
0
0
2.807354922057604
0
5.108273388010645
0
0
0
0
0
0
0
0
0
0
0
0
0
0
0
0
0
0
0
0
4.807354922057604
0
4.444784842672896
0
0
0
0
0
0
2.222392421336448
0
0
3.807354922057604
0
0
3.807354922057604
3.222392421336448
0
0
0
0
0
0
0
0
0
0
0
0
0
0
0
14.24060890395048
0
0
0
0
0
0
0
0
0
0
0
0
0
0
2.347923303420307
0.28379296600059134
0
0
2.347923303420307
0
0
0
0
0
0
0
0
2.0
0
0
0
0
2.701392979347257
0
1.7198920808072646
0
0
0
0
0
0
0
0
0
0
0
3.1574022596824065
0
0
0
0
0
0.18196645973061049
0
0
0
0
0
0
0
0
0
0
0
0
0
0
0
0
0
0
0
0
0
1.5411606235391666
0
0
0
0
0
0
0
0
0
0
0
0
0
0
0
0
0
0
0
4.807354922057604
2.6374299206152916
0
6.444784842672896
0
0
0
0
0
0
0
0
0
0
0
0
0
0
5.807354922057604
0
0
0
0
0
0.6746479004305432
0
0
0
0
0
0
0
0
4.6782822258420556
0
0
0
0
0
0
5.807354922057604
0
0
0
1.1634987322828796
0
0
0
0
0
5.807354922057604
0
0
0
0
0
0
0
0
0
3.6147098441152083
0
0
0
0
0
0
0
0
2.222392421336448
0
0
0
2.807354922057604
5.807354922057604
0
0
0
0
0
0
2.2138304078330235
1.7063172233414576
0
0
0
2.106915203916512
0
0
0
0
0
0
0
0
0
0
0
0
0
0
0
0
0
0
0
0
0
0
7.614709844115208
0
0
0
0
0
0
0
0
2.0
0
0
0
0
0
1.7198920808072646
0
0
0
0
0
0
0
0
0
0
0
0
0
0
0
0
0
0
0
0
0
0
0
0
0
0
0
3.0
0
0
0
0
0
0
2.807354922057604
0
0
0
0
2.807354922057604
6.970853654340483
0
0
0
0
0
0
3.2748598412305836
0
0
0
0
0
0
0
0
0
0
0
0
0
0
0
0
0
6.11196210668224
0
0
0
0
0
0
0
0
5.807354922057604
0
0
0
0
0.48542682717024166
0
0.20986967957654193
0
0
2.0
0
0
0
0
0
0
0
0
0
0
0
0
0
0
0
0
0
0
0
0
0
0
0
2.106915203916512
0
0
6.667177264009345
0
0
0
0
0
0
0.28379296600059134
0
0
0
0
0
0
0
5.807354922057604
0
9.307989858263037
2.444784842672896
0
0
0
0
2.347923303420307
0
0
0
0
0
0
0
0
0
0
4.970853654340483
0
5.807354922057604
4.222392421336448
0
0
0
0
0.6746479004305432
2.0
0
0
0
0.9004643264490856
0
0.15886893498880983
0
0
0
0
0.16349873228287956
0
0.9708536543404833
0
0
0
0
1.799211669758082
0
5.807354922057604
0.6374299206152918
0
0.0
0
0
0
0
0
0
0
0
0
0.5219527031953558
0
0
0
0
0
0
0
0
0
0
0
0.0
0
0
0
5.807354922057604
0
0
0
0
0
0
0
0
0
0
0
0
0
0
0
0.0
0
0
0
0
0
0
0
0
0
0
0.4498029174395205
2.6374299206152916
0
0
1.6374299206152918
0
1.1634987322828796
0
0
1.1351718640023654
2.6374299206152916
4.048226256955685
0
6.970853654340483
2.0751874963942187
0
1.2143662207749777
0
0
0
0
0
1.1634987322828796
0
0
0
0
1.660149997115375
0
0
0
0
0
0
0
0
0
0
1.7198920808072646
0
0
0
3.807354922057604
0
0
0
0
0
0
2.4287324415499554
0
0
0
0
0
0
4.807354922057604
0
0
0
1.5594274086140185
0
0
0
0
3.0
0.2859472938623879
0
0
0
0
0
0.7198920808072646
0
0
0.6539949291315182
0
0
0
0
0
0
0
0
0
0
0
0
