0
0
0
0
0
0
0
0
0
0
0
0
0
0
0
0
0
0
0
0
2.4854268271702415
0
0
0
0
0
0
0
0
0
0
0
0
0
0
0
0
0
0
0
0
0
0
0
0
0
9.0
0
0
0
0
0
0
0
4.807354922057604
0
0
0
0
0
0
0
4.807354922057604
0
0
0
0
0
0
0
0
0
0
0
0
0
0
0
0
0
0
0
0
0
0
0
0
0
0
0
4.222392421336448
0
2.4854268271702415
0
0
0
3.807354922057604
0
0
0
0
0
0
0
5.807354922057604
0
0
0
0
0
0
0
0
0
4.807354922057604
0
0
0
0
0
0
0
0
0
0
0
0
0
0
0
0
0
0
0
0
0
2.6374299206152916
0
0
0
0
0
0
0
0
0
0
0
0
0
0
0
0
0
0
0
0
0
0
0
0
0
0
0
0
0
0
0
0
0
0
4.222392421336448
0
0
8.422064766172813
0
0
0
0
9.0
6.970853654340483
0
0
0
0
0
0
0
0
0
0
0
0
0
0
0
0
0
0
3.0
0
0
0
0
0
0
0
0
0
0
0
0
0
0
0
0
0
4.222392421336448
0
0
0
0
0
0
0
0
1.2837929660005913
0
0
0
0
0
4.807354922057604
0
0
4.807354922057604
0
0
0.9493739269300321
0
4.222392421336448
5.807354922057604
0
0
0
0
0
0
0
5.807354922057604
0
5.807354922057604
0
0
0
0
0
0
2.222392421336448
0
0
0
0
0
0
0
0
0
0
0
0
0
0
0
0
0
0
0
0
0
0
0
1.2837929660005913
0
0
0
0
0
0
0
0
0
0
0
0
0
0
1.8073549220576042
0
0
0
0
0
0
0
0
0
0
0
0
0
0
0
0
3.807354922057604
0
0
0
0
0
0
0
0
0
0
0
0
0
0
0
0
0
0
0
0
0
0
0
0
0
0
0
0
0
11.614709844115207
0
0
0
0
0
8.422064766172813
0
0
0
0
0
0
0
0
5.807354922057604
0
0
0
0
0
0
5.807354922057604
0
0
0
0
0
0
0
0.4766068049664295
0
0
0
0
0
0
12.0
2.347923303420307
0
0
0
0
0
0
0
0
3.4854268271702415
0
1.0
0
0.7198920808072646
0
0
0
3.8009286528981714
0
0
0
0
0
0
0
0
0
0
0
4.807354922057604
0
0
0
0
0
0
4.807354922057604
5.807354922057604
0
0
1.2748598412305836
6.0
4.807354922057604
2.326997464565759
0
0
0
0
0
5.807354922057604
1.9004643264490857
0
0
5.807354922057604
0
0
0
0
0
0
4.695846606840614
3.4854268271702415
0
2.106915203916512
0
12.667177264009343
5.807354922057604
3.3979877901916917
0
0
0
0
0
0
0
0
9.667177264009345
0
2.807354922057604
0
3.807354922057604
0
0
0
0
0
0
0
0
0
3.4854268271702415
5.807354922057604
0
0
0
0
5.807354922057604
0
0
0
4.222392421336448
0
0
5.807354922057604
0
0
0
0
0
2.222392421336448
0
0
0
0
1.7984860551116753
0
3.807354922057604
0
0.6354757399552393
5.807354922057604
3.587409338571926
1.6374299206152918
0
0
0
0
0
3.222392421336448
4.222392421336448
0
3.6671772640093443
0
0
2.222392421336448
0
0
0
0
0
0
0
0
0
0
0
0
0
0
0
0
1.6374299206152918
4.222392421336448
0
0
0
0
8.444784842672895
0
0
0
0
0
0
0
4.6782822258420556
2.8300749985576874
0
0
0
9.03677461028802
3.4397841616145293
2.4854268271702415
0
0
0
0.2859472938623879
0
0
0
0
0
1.1634987322828796
0
0
3.222392421336448
0
0
0
0.0
0
0.2859472938623879
2.807354922057604
0
0
0
0
2.106915203916512
0
0
5.807354922057604
0.5978897962577201
5.807354922057604
0
0
0
0
0
4.222392421336448
0
0
0
0
0
0
0
0
3.222392421336448
0
0
0
0
0
0
0
0
3.155018257279294
0
0
0
0
0
0
4.807354922057604
0
0
0
0
0
0
0
0
5.807354922057604
0
0
0
0
1.3494087523185616
4.970853654340483
0
0
0
2.288882408097452
0
0
0
0
0
0
3.4854268271702415
0
0
0
0
3.222392421336448
0
0
0
0
0
0
0
0
148.2300513814766
0
0
5.807354922057604
0
0
3.0
0
0
0
0
0
0
7.614709844115208
0
5.807354922057604
0
0
0
0
0
0
0
2.347923303420307
0
0
0
3.6147098441152083
0
0
0
0
0
0
3.807354922057604
3.222392421336448
0
1.4397841616145293
0
0
0
0
0
0
0
0
3.222392421336448
0
0
0
0
0
0
0
0
0
0
0
0
0
0.9493739269300321
2.4854268271702415
0
0
0
0
11.614709844115207
0
4.970853654340483
0
0
0
3.807354922057604
5.807354922057604
0
0
0
0
0
0
0
4.807354922057604
0
0
0
0
3.222392421336448
0
0
0
0
0
5.807354922057604
0
11.32029999423075
3.807354922057604
5.807354922057604
0
5.807354922057604
0
0
5.807354922057604
0
0
0
0
6.970853654340483
0
0
0
0
0
0
0
3.4854268271702415
0
0
0
2.222392421336448
0
0
0
0
0
0
0
0
0
0
0
0
0
0
0
0.9004643264490856
0
0
5.807354922057604
0
0
0
0.2698591601722173
0
0
0
0
0
0
0
0
4.889569685345792
0
0
1.8073549220576042
0
0
0
0
0
0
2.222392421336448
0
0
0
0
0
0
0
0
0
0
0
0
0
0
0
0
0
0
0
0
0
2.4854268271702415
2.4854268271702415
0
0
0
0
0
0
0
0
0
3.807354922057604
0
0
8.444784842672895
0
0
0
0
0
0
0
0
1.456280481510725
3.6671772640093443
0
0
0
0
0
0
0.5771416188354903
1.3079898582630365
0
3.4854268271702415
0.8073549220576041
2.444784842672896
0
0
0
0
5.807354922057604
5.807354922057604
0
3.118854817228037
0
2.609763515976779
0
2.5675859320011827
0
6.64149122349907
0
5.807354922057604
0
0
0
0
0
5.807354922057604
0
9.614709844115207
0
0
0
0
0
0
2.444784842672896
0
0
0
0
0
0
6.320745611749536
3.222392421336448
0
0
0
4.209869679576542
0
0
0
0
0
0.8300749985576875
0
4.04376991026092
4.695846606840614
0
0
0
0
0
0
3.2294196882304163
1.4150374992788437
0
0
6.970853654340483
0
2.034215715337913
0
0
0
3.807354922057604
0
0
0
0
0
0
0
0
0
0
0
0
0
0
4.222392421336448
0
0
0
0
0
0
0
0
2.6374299206152916
0
0
0
0
0
0
0
0
0
0
0
0
0
4.807354922057604
0
4.222392421336448
0
0
0
0
0
0
0
0
0
0
0
0
0
2.0
3.0
3.0
0
0
8.444784842672895
0
0
17.42206476617281
5.807354922057604
0
0
0
0
0
0
0
0
0
0
0
0
4.807354922057604
0
0
0
0
0
7.456280481510724
3.118854817228037
0
0
0
0
0
0
0
2.222392421336448
0
0
0
0
4.222392421336448
0
0
0
0
2.6374299206152916
0
0
0
0
0
0
0
0
0
17.42206476617281
0
0
0
0
0
1.4150374992788437
0
0
0
0
0
0
0
0
0
0
0
0.2527660703799667
0
0
0
0
0
0
0
0
0
0
0
5.614709844115208
0
4.0
0
0
5.807354922057604
3.4854268271702415
0
0
0
0
0
0
0
0
0
0
0
0
1.4397841616145293
0
2.222392421336448
0
2.222392421336448
0
0
0
0
0
0
0
0
0
0
0
4.807354922057604
0
0
0
0
0
0
0
0
0.0
0
0
0
0.0
0
0
0
11.614709844115207
0
0
5.696243561580193
3.1574022596824065
0
0
0
0
0.38109016735550627
0
0
0
0
3.4854268271702415
0
0
0
0
0
0
10.319352484843588
1.4397841616145293
0
0
0
0
0
0
0
0
0
0
5.807354922057604
0
0
0
0
0
0.7198920808072646
0
0
0
0
0
4.807354922057604
0
0
4.807354922057604
0
0
0
3.222392421336448
0
0
0
0
0
0
5.807354922057604
6.667177264009345
0
4.0
0
0
0
0
0
0
2.807354922057604
4.222392421336448
0
0
0
0
0
0
0
0
0
0
0
4.807354922057604
0
5.807354922057604
0
0
0
0
0
0
0
0
0
0.41503749927884376
0
0
2.106915203916512
0
0
0
0
0
0
0
0
0
2.807354922057604
0
0
2.0
0
0
0.44478484267289603
0
3.4854268271702415
0
0
4.807354922057604
2.347923303420307
0
0
3.0
4.213830407833024
2.347923303420307
0
0
0
5.807354922057604
0
4.807354922057604
0
0
4.807354922057604
0
0
0
0
0
0
0
0
0
0
0
0
0
0
0
0
0
0
0
0
0
0
1.2620073029117176
0
0
0
0
0
0
3.807354922057604
0
2.222392421336448
0
0
0
0
6.444784842672896
0
0
0
0
0
0
0
3.222392421336448
0
4.807354922057604
0
0
4.807354922057604
0
0
0
0.3155018257279294
0
0
0
0
0
1.9004643264490857
0
0
0
0
0
5.807354922057604
0
0
0
3.807354922057604
0
0
0
0
5.807354922057604
0
0
6.0
0
2.347923303420307
0
0
0
0
0
0
0
0
0
1.032648077427264
0
0
0
0
0
1.6374299206152918
3.4854268271702415
2.807354922057604
4.807354922057604
4.222392421336448
0
0
0
0
4.807354922057604
0
3.807354922057604
0
0
4.807354922057604
0
0
0
0
0
0
0
12.0
0
0
0
0
0
0
0
0
0
0
0
0
0
0
0
0
0
0
0
5.807354922057604
5.807354922057604
0
0
0
0
0
0
0
5.807354922057604
0
0
0
0.49049619684863865
0
0
0
0
1.2837929660005913
0
0
0
0
2.6374299206152916
0
12.0
0
0
0
0
0
0
5.424575240901102
0
0
0
4.807354922057604
17.427134135851208
0
0.44478484267289603
0
0
0
0
0
3.4854268271702415
0
0
0
0
0
0
0
0
0
0
0
0
0
0
0
0
0
0
0
0
0
0
0
4.807354922057604
0
0
0
0
0
0
0
0
0
0
0
0
0
0
0
0
4.807354922057604
0
5.807354922057604
0
0
0
0
2.106915203916512
0
5.807354922057604
0
0
0
0
0
0
0
0
0
0
0
2.807354922057604
3.807354922057604
0
0
0
0
0
0
0
1.1069152039165118
0
0
0
0
4.807354922057604
6.970853654340483
0
0
0
0
0
0
0
0
4.807354922057604
0
5.807354922057604
0
0
0
0
0
4.222392421336448
0
0
0
0
0.8073549220576041
0
0
0
0
0
0
0
0
0
0
0
0
0
0
0
0
0
2.4854268271702415
3.4854268271702415
0
0
0
0
0
3.4854268271702415
0
0
0
0
0
3.1574022596824065
2.6374299206152916
0
0
0
0
3.807354922057604
0
0
0
3.807354922057604
0
0
0
0
0
4.807354922057604
0
0
0
1.0524674198941355
0
0
0
0
0
3.4854268271702415
0
4.222392421336448
0
0
0
0
0
1.7063172233414576
0
1.3916932136812272
1.6374299206152918
3.4854268271702415
0
0
0
0
0
0
0.6498802133236089
0
0
0
0
0
0
3.4854268271702415
2.106915203916512
0
0
0
0
0
0
0
0
0
0
0
0
0
0
0
0
0
1.6374299206152918
0
0
0
0
0
0
0
0
0
0
0.41503749927884376
0
0
0.8531586116707288
0
0
0
1.4150374992788437
0
0
0
0
0
0
0
0
0
8.444784842672895
0
0
0
0
0
0
0
5.807354922057604
0
0
0
0
4.222392421336448
0
0
0
3.4854268271702415
0
0
0
4.970853654340483
0
6.667177264009345
0
0
0
0
1.3561438102252754
8.444784842672895
0
6.0
0
0
0
0
0
0
0
0
0
0
0
0
0
0
0
3.222392421336448
0
0
1.4854268271702418
0
0
0
0
0
0
0
0
4.222392421336448
0
2.807354922057604
0
0
0
0
0.4047887402583259
0
0
0
0
0
0
11.229419688230417
0
0
0
0.5055321407599334
0
0
0
0
0
12.131309730782762
0
0
0
0
0
0
0
0
0
0
0
0
0
0
0
0
0
0
5.807354922057604
5.807354922057604
5.807354922057604
0
6.549719682461167
0
4.222392421336448
0
0
0
0
0
0
0
0
0
0
0
0
0
0
4.222392421336448
0
0
0
0
0
13.33435452801869
9.614709844115207
0
0
0
0
0
0
1.9004643264490857
0
0
0
0
0
0
0
0
0
0
0
0
0
0
0
0
0
0
0
0
0
0
0
0
0
0
0
0
0
5.807354922057604
0
0
7.04376991026092
0
3.0
0
0
0
0
0
4.0
0
0
0
0
0
0
0
0
0
0
0
0
0
0
1.9122897618458754
0
0
0
0
0
0
0
0
0
0
0
0
0
0
0
0
0
0
0
0
5.807354922057604
0
6.444784842672896
0
5.807354922057604
0
5.807354922057604
4.807354922057604
0
0
0
0
0
0
0
0
0
0
0
0
0
0
0
0
0
4.807354922057604
0
1.2837929660005913
0
0
0
0
4.456280481510725
0
0
0
2.807354922057604
0
0
0
0
0
0
0
5.807354922057604
0
0
0
0
0
0
0
0
0
0
0
4.970853654340483
0
0
0
0
0
0
0
5.807354922057604
0
1.7063172233414576
3.2748598412305836
0
2.807354922057604
2.222392421336448
2.5675859320011827
0
0
4.807354922057604
0
0
0
0
0
0
0
0
0
0
0
0
3.222392421336448
0
0
0
0
2.106915203916512
0
0
5.807354922057604
0
0
0
0
0
0
0
0
0
0
1.793704669285963
2.326997464565759
0
0
0
0
0
0
0
0
0
0
0
0
0
0
0
0
0
0
3.807354922057604
0
0
0
0
0
5.807354922057604
0
0
6.444784842672896
0
0
5.807354922057604
0
0
0
0
0
0
0
0
0
0
0
0
0
0
0
0
0
2.6374299206152916
0
0
0
0
0
0
0
0
0
0
0
0
11.614709844115207
10.456280481510724
0
0
0
0
0
0
0
1.2837929660005913
1.222392421336448
0
1.222392421336448
0
0
0.3479233034203068
0
0
0
0
8.444784842672895
0
0
0
0
0
0
0
0
3.0
0.9493739269300321
0
0
0
3.598423339516164
0
0
0
0
0
0
0
0
0
0
0
4.222392421336448
0
4.807354922057604
0
1.11196210668224
4.807354922057604
0
0
0
0
0
0
0
0
0
0
8.444784842672895
0
0
0
0
0
5.807354922057604
0
0
0
0
4.222392421336448
0
0
4.222392421336448
0
0
0
5.807354922057604
0
0
0
0
0
0
0
0
0
0
0
0
0
0
0
0
0
0
0
1.3479233034203069
0
0
0
1.8073549220576042
0
0
0
0
0
0
0
9.0
0
5.807354922057604
5.807354922057604
0
0
0
0.9708536543404833
0
0
0
0
1.0524674198941355
0
0
0
0
0
0
0
0
0
0
4.444784842672896
0
0
12.427134135851208
0
0
0
0
0
5.807354922057604
0
0
0
0
0
0
0
0
0
0
0
0
0
0
5.807354922057604
0
0
0
0
0
0
0
0
0
0
0
0
0
0
0
1.2837929660005913
0
0
0
0.41503749927884376
0
0
0
0
0
0
0
0
0
0
0
0
0
1.4854268271702418
0
0
0
4.807354922057604
0
4.807354922057604
5.807354922057604
0
0
0
0
0
0
0
0
0
0
0
0
0
0
0
0
0
0
0
0.22239242133644802
0
0
0
0
0
0
0
0
0
0
0
8.556746949355137
0
0
0
0
0.7629608026991507
0
0
0
0
0
0
0
0
0
0
0
0
0
0
2.444784842672896
0
0
0
0
0
0
0
1.4150374992788437
0
0
0
0
0
0
0
0
0
0
2.807354922057604
0
2.807354922057604
0
0
0
0
0
0
0
0
0
5.807354922057604
0
0
0
7.912289761845875
0
0
4.807354922057604
2.6374299206152916
5.807354922057604
0
0
0
0
0
0
5.807354922057604
0
0
0
0
0
4.807354922057604
3.807354922057604
0
8.422064766172813
0
0
9.614709844115207
3.807354922057604
0
0
0
5.807354922057604
8.422064766172813
0
5.807354922057604
0
0
0
2.2703437280047307
0
0
0
0
0
1.0110642815198667
0
0
0
0.23395687679649918
2.347923303420307
0
0
1.0524674198941355
0
1.2837929660005913
0
0
0
0
0
0
13.941707308680966
0
2.807354922057604
3.807354922057604
0
0
0
0
0
0
0
12.667177264009343
0
0
0
0
0
0
0
4.807354922057604
0
0
0
4.807354922057604
0
4.807354922057604
0
0
0
0
0
0
0
0
4.222392421336448
9.614709844115207
0
3.222392421336448
0
0
3.222392421336448
0
0
5.807354922057604
0
0
0
2.347923303420307
0
4.807354922057604
3.0
0
0
12.667177264009343
0
0
5.807354922057604
0
0
0
0
0
0
0
0
0
0
5.807354922057604
4.807354922057604
0
5.807354922057604
0
0
0
6.970853654340483
0
4.222392421336448
0
0
0
0
0
0
5.807354922057604
9.614709844115207
0
0
0
0
0
6.970853654340483
5.807354922057604
0
0
0
3.4854268271702415
0
0
5.3916932136812274
4.807354922057604
0
0
0
0.8531586116707288
5.807354922057604
0
0
0
0
2.807354922057604
0.48542682717024166
0
0
3.0
0
0
0
0
3.807354922057604
2.4854268271702415
0
0
0
0
0
0
0
0
0.7621803347110125
0
0
0
0
3.320745611749535
0
0
0
0
0
0
4.807354922057604
2.807354922057604
0
0
5.807354922057604
0
5.274859841230583
0
0
0
0
1.6147098441152081
0
0
0
4.222392421336448
0
0
0.899605834879041
0
0
0
0
0
0
0
0
0
0
0
0
4.222392421336448
0
0
1.5594274086140185
0
0
5.807354922057604
0
0
0
0
0
0
0
0
0
5.807354922057604
1.456280481510725
0
0
3.222392421336448
0
0
0
0
0
0
0
0
0
1.3479233034203069
0
2.9708536543404835
3.807354922057604
1.4854268271702418
4.222392421336448
0
0
0
0
0
0
0
0
0
0
0
0
0.21383040783302376
0
0
0
0
0
0
0
3.222392421336448
0
3.2748598412305836
0
0
0
0
0
0
0.8531586116707288
0
0
0
0
0
0
0
0
0
0
0
0
0
3.4854268271702415
0
0
3.807354922057604
0
9.0
0
0
0
0
4.807354922057604
0
0
0
0
5.614709844115208
0
0
0
0
1.4150374992788437
4.807354922057604
0
0
0
0
0
0
0
0
0
0
0
0
4.222392421336448
0
0
1.8009286528981712
3.0
4.807354922057604
5.807354922057604
0
0
0.6671772640093441
5.807354922057604
0
0
0
0
0
0
0
0
4.213830407833024
0
0
0
14.422064766172811
0
0
0
0
5.807354922057604
0
0
2.4854268271702415
0
0
0
0
0
3.0
6.0
1.222392421336448
0
0
0
1.8073549220576042
0
0
4.807354922057604
0
0
0
0
0
0
12.0
0
0
0
0
5.274859841230583
0
0
1.4150374992788437
0
2.222392421336448
0
0
4.807354922057604
0
0
3.2294196882304163
0
0
0
0.0
5.807354922057604
0
0
5.807354922057604
0
0
4.444784842672896
0
0
0
2.347923303420307
0
0
0
4.807354922057604
0
0
9.941707308680966
0
0
0
0
0
0
0.4498029174395205
9.0
7.614709844115208
0
0
0
0
4.222392421336448
0
1.3479233034203069
12.0
0
0
0
2.104934839788271
0
0
0
0
0
3.807354922057604
0
4.807354922057604
3.222392421336448
0
0
16.88956968534579
0.15886893498880983
0
0
0
0
0
9.0
0
0.8073549220576041
0
0
0
0
0
0
4.0
0
0
0
0
0
0
0
0
0.5594274086140185
10.319352484843588
0
0.5594274086140185
0.31773786997761966
0
0
0
0
0
0
1.6374299206152918
0
2.7971370430700926
0
0
0
0
0
0
0
2.288882408097452
0
0
3.222392421336448
4.807354922057604
0
0
0.025995208532944354
0
0
0
0
0
0
0
0
0
0
0
0
0
0
0
0
0
0
0
0
0
0
0
0
0
0
0
0
12.667177264009343
0
0
0
0.41973935915308386
2.6374299206152916
1.2748598412305836
0
0
0
0
0
0
0
0
0
0
0
0
0
0
3.4854268271702415
0
8.889569685345792
0
2.444784842672896
0
4.0
0
0
2.0
0
0
5.807354922057604
0
11.614709844115207
0
0
0
0
0
0
5.807354922057604
0
5.807354922057604
0
0
0
0
0
0
0
0
3.222392421336448
0
0
0
0
0
0
0
4.213830407833024
0
0
0
0
0
0
0
0
0
0
0
0
0
0
0
0
0
4.222392421336448
4.807354922057604
0
0
0
0
0
1.3479233034203069
0
0
0
0
0
0
4.222392421336448
3.4854268271702415
0
0.8073549220576041
0
1.9004643264490857
5.807354922057604
0
3.0
0
0
0
0
0
4.807354922057604
0
0
0
1.6374299206152918
0
0
0
0
0
0
0
0
0
0
0
0
0
0
0
0
0
0
0
3.222392421336448
0
8.444784842672895
7.04376991026092
0
5.807354922057604
0
0
11.091061951719475
0
0
0
0
3.807354922057604
3.222392421336448
1.7198920808072646
0
0
2.0
0
0
0
0
0
0
0
0
0
5.807354922057604
0
0
0
0
0
0
0
3.4854268271702415
0
1.0439054063907116
0
0
0
0
0
0
0
0.6414912234990713
0
0
0
0
0
0
0
0
5.807354922057604
0
0
0
0
0
4.807354922057604
0
0
0
0
0
0
0
0
0
0
0
0
0
5.807354922057604
0
4.807354922057604
0
5.807354922057604
1.0691520391651188
0
2.0
0
0
0
0
0
0
0
0
0
0
0
1.9122897618458754
0
0
0
0
0
0
5.807354922057604
2.712287620450551
0
3.4854268271702415
0
0
0
0
0
0
0
0
2.326997464565759
2.4854268271702415
0
17.42206476617281
0
0
0
0
3.807354922057604
0
0
4.970853654340483
0
0
0
0
0
0
0
0
0
0
4.807354922057604
3.222392421336448
0
4.807354922057604
0
0
1.8073549220576042
0
0
3.4854268271702415
0
0.3479233034203068
0
0
0
0
0
0
0
0
10.549719682461166
0
0
0
0
0
0
0
3.851378898001774
0
4.807354922057604
0
0
0
0
0
0
5.807354922057604
0
0
0.0
0
0
0
2.106915203916512
5.807354922057604
3.807354922057604
9.667177264009345
0
0
6.970853654340483
12.889569685345792
1.0691520391651188
0
0
0
7.614709844115208
0
0
0
2.4854268271702415
0
0
0
0
0
0.5979015564286544
0
0
0
0
0
4.222392421336448
4.245112497836531
5.807354922057604
0
4.653994929131518
5.807354922057604
0
0
0
0
4.980449991346125
0
0
0
0
0
0
0
0
0
0
0
0
0
0
0
2.159676242421794
0
2.0
0
2.807354922057604
0
0
0
0
5.807354922057604
0
0
0
0
0
0
0
0
0
0
0
0
0
0
0
0
8.444784842672895
0
0
4.0
0
0.7198920808072646
1.2451124978365313
0
1.1069152039165118
0
0
0
0
3.4854268271702415
0
0
0
0.7198920808072646
0
5.807354922057604
0
0
0
0
0
0
0
0
0
0
0
1.9004643264490857
0
0
2.6374299206152916
0
0
0
0
0
4.807354922057604
0
0
0
0
0
0
0
0
0
0
3.2748598412305836
4.807354922057604
1.3479233034203069
0
0
0
8.444784842672895
5.807354922057604
0
0
0
0
0
2.222392421336448
0
0
0
0
0
0
0
0
0
0
0
0
0
0
0
0
1.8987478538600642
0
0
2.4854268271702415
0
0
0
5.807354922057604
0
0
0
0
0
0
0
6.444784842672896
0
0
0
0
0
0
0
0
0
0
0
0
0
0
0
6.0
4.222392421336448
0
0
0
0
3.807354922057604
0
6.970853654340483
12.667177264009343
0
0
1.6349873228287957
0
0
0
0
0
0
0
4.222392421336448
0
15.229419688230417
0
0
0
0
0
0
0
0
7.614709844115208
0
0
0
0
0
0
0
2.106915203916512
5.807354922057604
3.807354922057604
0
0
0
0
4.889569685345792
5.807354922057604
0
13.28298244699814
8.444784842672895
0
0
0
0
0
0
21.611143834778055
18.462009444307043
0
6.374299206152918
0
0
0
0
0
0
3.0
0
0
2.347923303420307
0.0
0
0
0
0
0
0
0
0
0
1.2748598412305836
0
0
0
3.0
0
0
0
2.106915203916512
0
0
0
0
0
0
0
0
0
0
0
0
0
3.4854268271702415
4.807354922057604
0
0
0
0
0
0
0
0
0
0
0
0
0
0
0
0
2.0
0
0
4.222392421336448
0
0
0
5.807354922057604
0
0
0
0
0
0
0
0
0
6.444784842672896
5.807354922057604
0
0
4.222392421336448
0
4.222392421336448
0
0
0
0.23395687679649918
0
0
0
0
0
0
0
0
0
0
0
0
0
0
1.8930109543675764
0
0
0
0
0
3.0
0
0
0
0
0
1.6374299206152918
0
0
4.6782822258420556
2.4854268271702415
13.941707308680966
0
3.807354922057604
0
0
0
4.222392421336448
0
0
0
0
0
0
1.799211669758082
0
0
0
1.2837929660005913
0
0
0
0
0
0
0
0
0
0
0
0
7.456280481510724
0
0
0
0
0
0
0
0
0
0
0
0
0
0
0
0
3.320745611749535
0
1.4150374992788437
0.19264507794239583
0
4.807354922057604
0
3.222392421336448
0
0
0
0
0
0
0
0
0
0
11.614709844115207
0
0
0
0
0.7582982111399
0
0
0
0
0
0
0
0
0
0
0
0
0
4.6782822258420556
1.4150374992788437
0
0
0
0
0
0
0
0
0
0
0
1.6374299206152918
0
0
5.807354922057604
1.8073549220576042
1.1958031128573088
3.807354922057604
0
0
0
0
0
0
0
0
0
0
5.807354922057604
0
0
0
0
0
0.8895696853457921
2.6374299206152916
0
0
1.2837929660005913
0
0
0
0
4.807354922057604
0
0
0
0
0
0
0
0
7.702757796003548
0
0
0
0
1.155870467654375
0
0
0
0
2.347923303420307
0
0
0
0
0.20986967957654193
5.807354922057604
0
4.222392421336448
3.4854268271702415
0
0
0
0
5.807354922057604
0
0
0
0
0
5.807354922057604
0
2.807354922057604
0
3.0
4.807354922057604
0
0
0
0
0
0
0
0
0
0
0
0
0
0
2.106915203916512
0
0
0
0
0
0
0
1.7063172233414576
0
1.7198920808072646
0
0
0
0.851378898001774
0
0
0
0
0
4.807354922057604
0
0
0
0
0
0
0
0
0
0
2.807354922057604
0
0
0
0
0
1.6147098441152081
0
0
0
0
0
0
0
0
0
0
0
0
0
0
0
0
0
0
0
0
0
0
0
0
0
0
0
0
0
0
0
4.222392421336448
0
0
3.1313097307827613
0
4.807354922057604
3.807354922057604
0
0
0
0
0
0
5.807354922057604
0
0
0
0
0
2.288882408097452
0
0
0.2623370994706774
0
0
0
0
0
0
0
0
0
0
0
0
0
0
0
5.807354922057604
0
0
0
0
0
0
0
0
1.7540845411194124
0
0
0
4.807354922057604
0
0
3.807354922057604
0
0
0
0
5.807354922057604
0
0
2.222392421336448
0
0
0
5.807354922057604
0
0
0
0
0
12.889569685345792
0.5219527031953558
2.347923303420307
0
0
0
0
0
5.807354922057604
0
0
0
0
3.8009286528981714
0
0
0
0
0
0
0
0
0
0.7582982111399
0
0.6310036514558588
4.807354922057604
0
0
0
0
0
0
0
0
0
0
0
0
0
0
0
0
1.0
0
0
0
0
1.0
0
0
0
1.1958031128573088
0
0
8.444784842672895
3.222392421336448
0
0
0
0
0
0
4.222392421336448
0
3.807354922057604
0
0
0
0
0
0
0
0
0
0
0
0
0
0
0
0
0
0
0
6.576917120715199
0
0
4.807354922057604
0
0
0
0
0
0
0
0
2.427134135851208
0
0
0
0
0.2698591601722173
0
0
0
0
0
0
0
0
0
0
0
0
0
0
0
2.347923303420307
0
4.222392421336448
2.807354922057604
0
0
0
4.807354922057604
0
0
0
0
0
0
0
0
4.6782822258420556
0
14.03677461028802
0
0
0
0
5.807354922057604
0
0
0
0
0
0
5.807354922057604
0
0
0
0
0
0
0
0
0
0
0
2.0
0
0
0
0
9.0
0
0
0.47220677904721936
0
0
0
0
0
0
1.577509128639647
0
0
0
0
0
0
0
0
0
0
2.106915203916512
0
0
0
1.8073549220576042
0
0
4.807354922057604
3.1317162191721346
0
0
0
0
0
0
0
0
3.8009286528981714
7.456280481510724
0
0
0
0
12.0
5.397635009274246
0.3119425023953323
0
0
0
4.222392421336448
0
11.614709844115207
1.8073549220576042
0
0
0
0
0
0
0
0.9622368352486069
0
0
3.4854268271702415
0
0
5.807354922057604
6.0
0
4.222392421336448
0
0
0
0
0
4.807354922057604
0
2.807354922057604
0
0.7198920808072646
0
0
0
16.88956968534579
5.807354922057604
0
0
1.1351718640023654
8.422064766172813
0
0
3.807354922057604
0
0
0
0
0
0
0
0
5.807354922057604
0
4.807354922057604
0
0
0
0
8.444784842672895
0
0
1.3343545280186881
0
0
2.0313888744137256
0
4.807354922057604
0
0
0
0
0
3.222392421336448
0
0
0
0
0
0
4.807354922057604
0
0
0
0
0
0
0
2.4854268271702415
0
0
0
0
0
0
0
4.807354922057604
0
0
0
0
0
0
5.807354922057604
0
5.807354922057604
0
0
0
9.614709844115207
0
5.807354922057604
0
0
0.0
0
0.5979015564286544
0
0
0
0
0
0
0.4498029174395205
0
1.2143662207749777
0
0
0
0
4.0
0
6.64149122349907
0
0
0
0
0
0
0
0
0
4.697574328758202
11.614709844115207
0
1.8073549220576042
3.8009286528981714
0
0
0
0
0
0
0
3.807354922057604
0
0
0
0
0
0
0
9.614709844115207
0
0
0
7.614709844115208
0
0
0
0
0
3.490496196848639
0
0
6.970853654340483
0
1.5594274086140185
0
0
0
1.6782822258420556
5.2623370994706775
0
0
0
1.6374299206152918
0
0
0
0
0
0
0
2.0
0
0
2.106915203916512
28.17507964104368
0
0
0
0
0
1.1069152039165118
0
0
0
0
0
0
0
0
0.0
5.807354922057604
0
0
0
0
0
0
0
3.807354922057604
0.4766068049664295
0
0
2.347923303420307
0.6374299206152918
0
0
3.222392421336448
4.807354922057604
5.614709844115208
5.807354922057604
3.222392421336448
0
0
3.7974957077201283
0
0
0
0
0
0
0
0
0
0
14.03677461028802
3.4854268271702415
0
0
0
0
1.2709514799104786
0
0
0
0
0
0.7629608026991507
0
0
5.807354922057604
0
6.667177264009345
0
0
1.3492958008610865
1.4854268271702418
0
0
0
0
0.0
3.807354922057604
0
0
0
0.5771416188354903
6.444784842672896
0
0
0
0
0
0
0
0
0
0
0
0
0
0
0
0
2.106915203916512
0
0
0
0
0
0
1.9264507794239583
0
0
0
0
0
0
4.222392421336448
0
0
0
0
0
0
0
0
0
0
2.6958466068406137
0
0
0
0
0
0
0
0
4.807354922057604
0
0
0
0
0
4.03677461028802
0
0
0
0
0
0
0
0
0
0
0
0
0
0
0
0
0
0
0
0
11.614709844115207
0
0
0
0
0
0
0
0
0
0
0
0
0
0
0
0
0
1.2837929660005913
4.807354922057604
0
0
0.7621803347110125
0
0
0
3.4854268271702415
0
0
4.970853654340483
0
0
2.8300749985576874
0
0
0
0
0
0
2.288882408097452
0
0
0
2.0
0
0
0
0
0
0
0
0
0
0
4.222392421336448
0
0
0
0
0
0
0
0
0
0
0
0
0
0
0
0
0
0
0
3.807354922057604
5.807354922057604
0
0
0
0
0
0
0
0.0
0
0
0
0.7198920808072646
0
0
0
0
0
6.970853654340483
0
0
4.213830407833024
0
0
0
0
4.807354922057604
0
0
0
0
0
0
0
0
0
2.106915203916512
0
0
0
0
0
5.807354922057604
0
0
0
0
0
3.0
0
0
0
0
0
0
0
0
0
0
0
0
4.807354922057604
0
0
0
0
0
3.807354922057604
0
0
0
0
0
0
0
0
0
0
5.402785958694514
0
5.807354922057604
0
0
0
0.6671772640093441
0
0
0
0
0
0
0
0
0
0
0
0
0
0
0
0
0
0
0
2.222392421336448
3.222392421336448
0
0
0
5.807354922057604
0
0
0
3.222392421336448
0
0
1.4150374992788437
0
0
0
0
0
4.889569685345792
0
0
1.739616517101534
0
0
0
0.9708536543404833
0
0
0
0
0
0
3.807354922057604
0
0
0
0
0
0
0
6.970853654340483
0
2.807354922057604
0
0
2.222392421336448
0
0
0
0
0
0
0
0
0
0
0
0
0
0
0
0
0
0
2.3916062257146176
0
0
0
0
0
5.807354922057604
2.4854268271702415
0
0
0
0
0
0
0
0
5.807354922057604
0
0
0
0
0
0
0
0
0
0
0
0
0
0
0
0
4.807354922057604
0
0
0
0
0
0
0
0
0
0
3.807354922057604
0
5.807354922057604
0
0
0
0
2.2452192822467496
5.807354922057604
0
0
0
0
0
0
0
0
0
0
0
0
0
0
0
3.807354922057604
0
0
0
0
3.0
0
0
0
8.444784842672895
0
8.444784842672895
0
0
0
4.695846606840614
0
0
0
0
0
2.347923303420307
0
1.8987478538600642
0
0
0
0
4.74686963465016
0
15.229419688230417
0
0
0
5.807354922057604
0
5.807354922057604
0
2.106915203916512
0
0
0
0
1.4150374992788437
0
0
0
4.807354922057604
0
0
0
0
4.807354922057604
0
0
0
0
0
0
0
5.807354922057604
0
0
0
0
0
0
5.807354922057604
0
0
0
0
3.4854268271702415
0
0
0
0
0
0
0
5.807354922057604
0
0
0
5.807354922057604
0
2.6374299206152916
0
0
0
0
0
0
0
0
2.4854268271702415
0
0
0
0
0
1.9004643264490857
0
0
0
0
0
0
0
4.807354922057604
0
0
0
0
5.274859841230583
0
0
0
4.222392421336448
0
0
0
0
1.118854817228037
4.222392421336448
0
0
5.807354922057604
0
0
4.807354922057604
5.807354922057604
0
0
4.807354922057604
0
0
4.807354922057604
0
0
0
0
0
0
0
0
5.274859841230583
0
4.970853654340483
2.0
0
0
0.3971723374720246
0
0
0
9.614709844115207
0
0
0
0
0
0
0
2.0
0
0
0
0
0
0
0
0
0
0
2.4854268271702415
0
0
0
0
0
4.222392421336448
0
0
6.713128903368222
0
9.614709844115207
0
0
0
0
0
0
0
0
0
0
0
0
0
5.807354922057604
0
5.807354922057604
0
0
0
0
0
0
0
0
0
3.0
0
0
0
0
0
0
0
0
0
0
0
0
0
3.807354922057604
0
0
0
0
0
1.4854268271702418
0
0
0
0
0
0
0
9.356564451684111
0
0
0
1.1069152039165118
0
0
0
0
0
0
0
0
0
0
0
0
0
0
4.970853654340483
0
0
0
2.4854268271702415
4.807354922057604
0
0
5.614709844115208
0
0
0
0
0
0
4.6782822258420556
5.807354922057604
0
0
0
0
2.106915203916512
4.222392421336448
15.229419688230417
4.222392421336448
0
0
0
0
0
0
0
0
0
0
2.222392421336448
0
0
0
0
0
0
0
0
11.614709844115207
0
0
6.8252688933658305
0
4.807354922057604
0
0
0
0
0
0
0
0
3.4397841616145293
5.807354922057604
4.6782822258420556
3.807354922057604
5.807354922057604
0
0
0
8.444784842672895
0
0
0
0
0
0
3.807354922057604
0
0
0
0
0
0
2.347923303420307
0
0
0
0
0
0
0
0
0
7.614709844115208
0
0
1.3479233034203069
0
0
0
0
0
0
0
5.807354922057604
0
0
3.222392421336448
0
0
0
0
0
0
0
2.347923303420307
0
0
0.05246741989413548
0
4.068431430675826
0
0
0
0
0
0
3.222392421336448
0
0
0
0
0
0
0
0
0
0
0
5.807354922057604
4.807354922057604
0
0
0
0
0
0
0
0
0
0
0
0
0
0
0
3.222392421336448
0
0
2.222392421336448
0
0
0
0
3.8009286528981714
0
4.807354922057604
0
0
0
0
0
0
0
0
0
0
0
0
0
0
0
0
0
0
0
0
0
0
0
0
0
0
0
0
5.807354922057604
0
0
0
0
4.807354922057604
0
0
0
0
0
3.2748598412305836
0
0
0
0
0
0
0
0
0
0
0
0
1.9004643264490857
3.807354922057604
0
0
0
0
0
0
1.8073549220576042
0
4.807354922057604
0
0
0
0
0
0
0
0
0
0
0
2.326997464565759
0
0
0
0
0
0
5.807354922057604
0
0
0
0
0
2.106915203916512
0
0
0
0
0
0
0
0
0
3.0
0
0
0
0
0
0
0
0
0
0
0
0
0
0
0
0
0
0
0
1.11196210668224
0
0
0
0
0
5.807354922057604
0
0
0
0
0
0
0
0
4.04376991026092
4.222392421336448
0
0
5.807354922057604
0
0
0
0
0
0
0
0
3.807354922057604
0
0
0
0
0
0
0
0
0
0
0
0
0
0
1.6374299206152918
0
0
1.7198920808072646
0
0
0
7.614709844115208
5.807354922057604
0
0
0
0
3.222392421336448
0
0
4.222392421336448
0
1.1634987322828796
0
0.8531586116707288
0
0
0
0
0
2.9708536543404835
2.807354922057604
0
0
0
2.104934839788271
0
0
0
3.0
0
3.4854268271702415
5.807354922057604
0
0
0
0
0.8895696853457921
5.807354922057604
0
4.222392421336448
0
0
8.968523346429816
0
0
0
0
0
0
0
0
1.5594274086140185
0
0
2.91256096302145
0
6.0
4.970853654340483
0
0
0
5.807354922057604
0
0
0
0
0
5.807354922057604
0
2.347923303420307
0
0
0
2.807354922057604
0
4.0
0.851378898001774
0
3.851378898001774
0
0
0
0
0
0
0
0
0
0
0
0
0
0
0
0
0
5.807354922057604
0
0
0
0
0
0
0
0
0
0
0
0
0
0
0
0
2.347923303420307
5.807354922057604
21.0
0
0
0
0
0
0
0
0
0
0
0
0.8300749985576875
0
0
4.807354922057604
0
0
0
0
0.9465054771837882
2.2138304078330235
0
0
0
4.456280481510725
0
0
0
0
0
3.587409338571926
0
0
0
0
0
0
0
0
0
0
0
0
0
5.614709844115208
0
0
0
0
3.222392421336448
3.2748598412305836
0
4.222392421336448
0
0
5.807354922057604
0
0
4.222392421336448
0
0
0
0
0
4.222392421336448
2.4854268271702415
0
0
1.1069152039165118
0
0
0
0
0
0
4.807354922057604
0
0
0
0
8.444784842672895
0
0
0
0
0
0
0
0
0
3.807354922057604
0
0
0
0
0
0
0
3.222392421336448
4.456280481510725
3.0
3.807354922057604
3.4854268271702415
0
0
0
0.41973935915308386
0
0
0
0
0
0
0
0
0
0
0
0
5.807354922057604
0
0
4.807354922057604
0
8.422064766172813
6.320745611749536
0
1.3479233034203069
0
6.444784842672896
0
0
1.222392421336448
6.153701494754204
3.4854268271702415
0
0
0.9493739269300321
0
0
0
0
0
0
0
0
1.8073549220576042
0
0
0
8.444784842672895
0
5.701392979347257
0
0
0
0
0
8.422064766172813
0
0
0
0
0
0
0
0
4.807354922057604
0
3.807354922057604
0
0
0
0
0
2.106915203916512
0
4.807354922057604
0.6671772640093441
0
0.6780719051126377
0
0
0
0
0
5.807354922057604
0
0
4.807354922057604
3.0
3.222392421336448
1.7198920808072646
0
0
5.807354922057604
3.4854268271702415
0
0
0
0
0
0
0
0
0
0
0
0
11.614709844115207
0
5.807354922057604
0
0
0
0
0
0
0
0
0
0
0
0
0
0
0
0
0
0
0
0
0
3.807354922057604
0
0
0
0
0
4.807354922057604
0
0
0
0
0.23395687679649918
0
0
0
0
2.6374299206152916
0
10.319352484843588
0
0
0
4.807354922057604
5.807354922057604
0
2.4854268271702415
6.0
0
0
0
0
0
0
4.807354922057604
0.851378898001774
3.0
0
0
0
0
0
0
0
2.6374299206152916
0
1.4854268271702418
0
0
0
0
0
8.444784842672895
0
0
0
1.8073549220576042
2.4854268271702415
0
0
0
0
0
0
0
3.8009286528981714
2.9708536543404835
0
0
0
0
0
0
5.941707308680967
4.807354922057604
0
0
0
0
0
0
0
0
0
2.6374299206152916
0
0
0
0
5.807354922057604
5.807354922057604
0
0
0
7.614709844115208
0
0
0
0
0
7.601857305796343
0
0
0
0
0
0
0
0
0
0
0
4.222392421336448
0
0
0
3.222392421336448
0
0
0
2.6374299206152916
0
0
4.807354922057604
0
0
0
0
0
0
0
3.4854268271702415
0
0
0.8073549220576041
0
0
5.807354922057604
0
0.41592333652710967
0
5.274859841230583
0
0
0
0
0
0
0
0
2.106915203916512
3.0
0
0
0
0
0
0
0
0
0
0
0
0
0
2.347923303420307
0
0
0
0
0
0
0
0
0
0
0
0
0
0.3155018257279294
2.807354922057604
0
0
0
0
0
0
0
0
5.807354922057604
0
5.614709844115208
0
0
0
0
0
0
0
0
0
0
0
0
3.807354922057604
0
0
3.0
0
0
0
2.0
0
3.0
0
0
0
0
0
0
0
0
0
0
0
0
0
0
0
3.4854268271702415
0
0
12.667177264009343
0
0
0
0
0
0
0
0
0
0
0
0
0
0
0
0
0
0
0
0
0
8.556746949355137
0
3.807354922057604
4.807354922057604
0
0
1.222392421336448
0
0
0
0
0
0
0
5.807354922057604
0
0
0
4.807354922057604
0
0
0
0
5.807354922057604
0
0
4.222392421336448
1.155870467654375
1.2837929660005913
0
0
0
0
0
0
0
0
0
0
0
0
0
0
0
0
0
0
0
4.222392421336448
0
0
0
0
0
0
2.807354922057604
0
0
5.807354922057604
0
0
0
0
0
0
5.807354922057604
0
0
0
0
0
0
0
0
0
5.807354922057604
0
0
0
4.0
1.5594274086140185
0.3155018257279294
5.807354922057604
0
0
0
0
0
0
0
0
1.0794366406888691
1.7198920808072646
0
2.444784842672896
0
0
0
3.0
0
0
0
0
0
0
0
0
0
0
3.4854268271702415
4.222392421336448
0
0
0
3.222392421336448
0
0
0
0
0
0
0
0
0
2.807354922057604
3.807354922057604
0
0
0
0
0
0
0
0
0
0
0
0
5.807354922057604
0
0
1.3479233034203069
0
3.807354922057604
0
4.222392421336448
4.222392421336448
0
0
0
0
4.222392421336448
0
0
0
0
0
0
0
3.6147098441152083
0
0
4.653994929131518
0
0
0
0
4.222392421336448
7.04376991026092
8.73768288906435
5.807354922057604
0
3.2294196882304163
0
0
0
0
6.0
0
0
0
0
2.807354922057604
0
0.5345760195825594
4.003063584056064
0
0
0
0.0
0
0
0
0
1.456280481510725
0
0
0
0.519904170658887
5.807354922057604
0
0.20986967957654193
0
0
0
1.2620073029117176
5.807354922057604
1.5411606235391666
0
0
0
0.6539949291315182
0
2.352134486163261
0
0
2.5675859320011827
0
0
1.7693624926597669
0
5.807354922057604
2.0
0
0
0
0
4.807354922057604
0
5.807354922057604
0
0.0
5.807354922057604
0
0
0
0
0.953213609932859
0
2.4854268271702415
0
4.695846606840614
1.793704669285963
5.807354922057604
7.229419688230417
0
0
0
2.807354922057604
1.4397841616145293
0
0
0
11.614709844115207
0
3.222392421336448
0
4.807354922057604
0.44478484267289603
0
0
0
0
0
0
0
0
0
0
0
0.23395687679649918
0
0
8.444784842672895
0
0
0
0
0
0
1.8930109543675764
0.2698591601722173
0
5.807354922057604
0
0
0
0
3.0
0
0
0
0
0
0
0
0
0
3.599460404036323
2.6958466068406137
2.6374299206152916
0
0
0
0
0
0
0
0
0
0
0
0
3.6671772640093443
0
0
1.4854268271702418
0
0
2.106915203916512
0
3.807354922057604
3.807354922057604
5.807354922057604
5.807354922057604
2.6374299206152916
0
0
0
0
0
0
0
0
0
0.28379296600059134
0
0
0
6.970853654340483
0
0
0
0
0
0
0
0
4.807354922057604
0
0
0
0
0
0
0
0
0
0
0
0
0
0
0
0
0
0
0
0
0
5.807354922057604
0
0
0
2.106915203916512
0
0
0
2.9708536543404835
0
0
0
0
0
7.04376991026092
0
0
0
0
0
0
0
0
0
0
0
0
0
0
0
4.222392421336448
0
0
0
0.28379296600059134
0
0
0
0
2.104934839788271
0
0
0
0
0
0
0
0
0
0
3.807354922057604
1.8009286528981712
0
3.4397841616145293
0
0
0
0
5.807354922057604
5.807354922057604
0
3.4854268271702415
4.807354922057604
0
0
6.314804519364813
0
0
0
0
0
0.36393291946122097
0
0
4.807354922057604
0
3.4854268271702415
0
0
0
5.807354922057604
0
14.03677461028802
0
0
0
0
0
0
0
0
0
0
0.19264507794239583
0
0
0
0
0
0
0
0
0
0
3.0
0
0
0
0
0
0
0
0
0
0
0
0
0
0
0
0
0
0
0
0
0
0
0
0
0
0
0
0
0
0
0
0
0.9445070606027605
0
0
0
3.222392421336448
0
0
0
0
0
2.106915203916512
0
2.6374299206152916
3.4854268271702415
0
0
0
0
0
5.807354922057604
0
0
0
0
0
0
0
0
0
0
0
0
0
0
0
5.807354922057604
1.8073549220576042
0
0
0
0
0
0
0
0
4.444784842672896
0
0
0
0
0
0
0
0
0
0
0
4.427660815666047
2.5594758350121865
0
0
0
2.106915203916512
5.807354922057604
0
0
0
0
0
0
0
0
0
3.4854268271702415
0
0
0
0
4.807354922057604
4.245112497836531
0
0
0
0
0
0
0
0
0
0
0
0
5.807354922057604
0
0
0
0
0
9.130824984134563
0
0
0
0
0
0
0
7.614709844115208
0
0
0
0
2.4854268271702415
1.4854268271702418
0
0
5.807354922057604
1.2837929660005913
0
0
4.695846606840614
0
0
0
0
0
0
4.222392421336448
0
3.0
3.4126344466829153
1.6374299206152918
0
0
0
0
2.807354922057604
11.614709844115207
6.8795683232290585
5.807354922057604
0
0
0
0
5.807354922057604
2.6374299206152916
0
0
0
4.912289761845876
0
0
0
5.807354922057604
0
0
0
0
0
0
1.4150374992788437
0
0
0
3.42128652532838
0
0
0
0
0
0
0
0
0
0
0
0
0
0
0
0
0
0
0.3148045193648129
4.444784842672896
0
10.0
0
9.667177264009345
0
0
0
0
4.222392421336448
3.807354922057604
12.667177264009343
0
0
0
0
5.807354922057604
0
0
0
0
0
0
0
0
0
0
0
0
0
0
4.807354922057604
0
0
0
0
3.405515592007096
0
5.807354922057604
0
0
0
0
0
0
6.0
0
0
3.4397841616145293
0
0
0
0
0
0
2.104934839788271
0
0
0
0
0
0
0
2.4854268271702415
3.4126344466829153
0
0
0
0
0
3.118854817228037
2.8335211818082815
2.0
0
5.807354922057604
0
2.701392979347257
0
1.2709514799104786
0
0
2.106915203916512
0
0.49049619684863865
0
2.91256096302145
0
0
0
0
4.947832091834726
2.159676242421794
0
0
0
0.0
0
0
0.9004643264490856
0
3.4854268271702415
5.807354922057604
0
1.6374299206152918
2.807354922057604
1.0439054063907116
0
0
0
0
0
0
0
0
0
0
0
0.0
0
0
0
0
0
0
0
0
0
0
0
4.807354922057604
3.4854268271702415
0
0
0
0
0
3.222392421336448
0.0
0
9.614709844115207
0
1.6374299206152918
2.9708536543404835
0
0
0
0
0
2.698817504637123
7.912289761845875
0
0
1.6374299206152918
0
0
0
0.6958466068406136
1.1351718640023654
0
0.4498029174395205
0
0
0
0
1.3492958008610865
0
0
0
0
0
4.653994929131518
0
4.889569685345792
0
0
7.055637487740344
0
4.213830407833024
0
0
19.651484454403228
4.807354922057604
0
0
0
0
1.7198920808072646
0
0
0
0
0
0
0
0
0
0
0.8095774805166518
0
0
0
0
0
2.807354922057604
0
0
0
0
0
0
0
0
3.0
0
0.7798562559883306
0
0
5.807354922057604
0
0
0.7198920808072646
0
11.614709844115207
0
0
0
0
0
0
0
0
0
0
0
0
0
