0.6342446746993636
0
0
0
0
0
0
0
0
0
0
0
0
0
0
1.7481880270062005
0
0
0
0
0.7481880270062005
0
0
0
0
0
0
0
0
1.4471580313422192
0
0
0
1.7481880270062005
0
0
0
0
0
0
1.7481880270062005
0
1.7481880270062005
1.7481880270062005
0
0
0
0
0
0
0
0
0
0
0
0
1.7481880270062005
1.7481880270062005
0
0
0.6342446746993636
0
0
0
0
0
0
0
0
0
0
0
0
0
0
0
0
0
0
0
0
0
0
0
0
0
0.38646019098860757
1.146128035678238
0
0
0
0
0
0
0
0
0
0
0
1.7481880270062005
0
0
0
0
0
0
0
1.4471580313422192
0
0
0
0
0
0.46943442605337143
0
0
0
0
0
0
0
0
0
0
0
0
0
0
0
0
0
0
0
0
0
0
0
0
1.7481880270062005
0
0
0
0
0
0
1.7481880270062005
0
0
0
0
1.7481880270062005
0
1.4471580313422192
0
0
0
0
0
0
0
0
0
0
1.271066772286538
0
0
0
0
0
0
0
0
0
0
2.5352941200427703
1.271066772286538
0
0
0
0
0
0
0
0
0
0
0
1.7481880270062005
0
0
0
1.271066772286538
0
1.587891035133751
0
1.7481880270062005
0
0
0
0
0
0
0
0
0
0
0
1.7481880270062005
0
0
0
0
0
1.146128035678238
0
0
3.496376054012401
0
0
1.7481880270062005
0
0
0
0.33321467903538243
0
0
0.38646019098860757
0
0
0
0
0
1.4471580313422192
1.4471580313422192
0
0
0
0
0
0
0
0
0
0
0
2.542133544573076
0
0
1.271066772286538
0
0
0
0
0.7481880270062005
0
0
0
0
0
0
0
0
0
0
0
0
0
0
0
0
0
1.7481880270062005
0
0
0
0
1.7481880270062005
0
0
1.7481880270062005
0
0
0.7729203819772151
0
0
0
0
0
0
0
0
0
0
0
1.4471580313422192
0
0
0
0
1.7481880270062005
0
0
1.7481880270062005
0
0
0
0
0
0
0
0
0
0
0
0
0
0
0
0
0
0
0
0
0
0.7481880270062005
0
0
0
0
0
0
0
0
0
0
0
0
0
0
0
0
0
0
0
0
0
0
1.4471580313422192
0
0
0
0
0
0
0
0
0
0
0
0
0
0
0
0
0
0
0
0
0
1.146128035678238
0.4057653461839942
0
0
0
0.04782431481082273
0
0
0
0
0
0
0
0
0
0
0
0
0
0
0
0
0
0
0
0
0
1.271066772286538
1.7481880270062005
0
0.5720967679505191
0
0
0
0
0
0
0
0
0
0
0
0
0
0
0.6020599913279624
0
0
1.7481880270062005
0
0
0
0
0.3837710524778263
0
0
0.35024801833416286
3.8132003168596142
0
0
0
0
0
0
0
0
0
0
0
0
0
0
0
0.7067953418479753
2.098436045340363
1.146128035678238
0
0
0
0
0.584512142712952
0
0
0
0
0.9030899869919435
0
0
0
0.9700367766225568
0
0
0
0
0
0
0
0
0
1.4471580313422192
0
0
0
2.098436045340363
0
0
0
0
0
0
0
0
0
0
0
0
0
0
0
0
0
0
0.6690067809585756
0
0
0
0
0.24609011335090827
0
0
0
0.0717364722162341
0
0.17998630293920545
0
0
0
0
0
1.271066772286538
0.9700367766225568
0
1.7481880270062005
0.36797678529459443
0
0
0.6690067809585756
0
0
0
0
0
0
0
0
0
0
0
1.806179973983887
0
2.542133544573076
0
0
0
0
0
0
0
0
0
0
0
0
0
1.7481880270062005
0
0
0.46943442605337143
0
0
0
0
2.1762721774011027
0.5177391056279265
0
0
0
0
0.07825337511956526
0
0
0
0
0
0
0
0
0.9700367766225568
0
0
0
0.0
0
0.07825337511956526
0
0
0
0
0
0.6342446746993636
1.2041199826559248
0
0
0.05477736258369568
0
0
0
0
0
0
0
0
0
0
0
0
0
0
0
0
0
0
0
0
0
1.7481880270062005
0
0
0.09497551323085675
0
0
0
0
0
0
0
0
0
0
0
0
0
0
0
0
0
0
0
0
0.13540417028646495
0
0
0
0
0
0
0
0
0
0
0
0
0
0
0
0
0.9700367766225568
0
0
0
0
0
0
0
0
0
0
0
0
0
0
0
0
0
0
0
0
0
0
0
0
0
0
0
0
0
0
0
0.7067953418479753
0
0
0
0
0
0
0
0
0
0
0
0
5.246090113350908
0.43341821992789054
0
0
0
0
0
0
0
0
0
0
0
1.146128035678238
0
0
0
0
0
0
0
2.292256071356476
0
0
1.7147401746434663
0
1.3380135619171512
0
0
0
0
0
0
0
0
0
0
0
0
0
0
0
0
0
0
0
0
0
0
0
0
0
0
0
0
0
0
0
0
0
0
0
0
0
0
0
0
0
0
0
0
0
1.7481880270062005
0
0
0
0
0
0
0
0
0
0
1.4471580313422192
0
0
1.7481880270062005
0
0
0
0
1.2041199826559248
0
2.292256071356476
0
0
0
0
0
0
0
0
1.7481880270062005
0
0
0.08123570181652817
0
0
0
0
0
0
0
0
0
0
0
0
0
0
0
0
0
2.542133544573076
0
0
0
0
0
0
0
0
0
0
0
2.292256071356476
0
0
0
0
0
0
0
0
0
0
1.496376054012401
1.496376054012401
0
0
0
0
0
0
0
1.4471580313422192
0
0
0
0
0
0
0
0
0
0
0
0
0
0
0.36797678529459443
0
0
0
0
0
0
0.06317706873292753
0.0984360453403633
0
0
0
0.36797678529459443
0
0
0
0
0
0
0
0
0
0.3142468399594024
0
0
0
0
0
0
0
0
1.7481880270062005
0
0
0
0
0
1.271066772286538
0
0
0
0
0
0.36797678529459443
0
0
0
0
0
0
0
0
0
0
0
0.9504727885416393
0
0
0
0
0
0
0
0
0
0
0
0
0
0
0
0
0
0
0
0
0.16840443038939024
1.8370798439033234
0
0
0
1.146128035678238
0
0
0
0
0
0
0
0
1.7481880270062005
0
0
0
0
0
0
0
0
1.4471580313422192
0
0
0
0
0
0
0
0
0
0
0
0
0
0
0
0
0
0
0
0
0
0
0
0
0
0
0
0
0
0
0
0
0
0
0
0
0
0.9030899869919435
0
0
0
0
0
0
0
0
0
0
0
0
0
0
0
0
0
0
0
0
0
0
0
0
0
0
0.9388688521067429
0
0
0
0
0
0
0
0
0
0
0
0
0
0
0
0
0
0.7939455175668755
0
0
0
0
0
0
0
0
0
0
0
0
0
0
0
0
0
0
0
0
1.7481880270062005
0
0
0
1.4471580313422192
0
0
0.15218033814096588
0
0
0
0
0
0
0
0
0
0
0
0
0
0
0
0
0
0
0
0
0
0
0
0
2.9574931314173662
0
0
0
0
0
0.8668364398557811
0
0
0
0
0
0
0
0
0
0
1.6901960800285136
0
0
0
0
0
0
0
0
0
0
0
0
0
0.0
0
0
0
0.0
0
0.21670910996394527
0
0
0
0
0.2857900291072444
0.3168242628472131
0
0
0
0
0.22943914285322783
0
0
0
0
1.0492180226701815
0
0
0
0
0
0
0
0.43341821992789054
0
0
6.295308136021089
0
0
0
0
0
0
0
0
0
0
0
0
0
0.21670910996394527
0
0
0
0
0
0
0
0
0
0
0
0
0
0
0
0
0
0
0
0
0
0
1.2041199826559248
0
0
0
0
0
0
0
0
0
0
0
0
0
0
0.9700367766225568
0
0
0
0
0
0
0
0
0
0
0
0
0
0
0
0
0.12493873660829992
0
0
0.6342446746993636
0
0
0
1.7481880270062005
0
0
0
0
0
0
0
0
0
0
0
0.13389357926122644
0
0
0
0
0
0.7067953418479753
0
0
0
0
0
0
0
0
0
0
0
0
0
0
0
0
0
0
0
0
0
0
0
0
0
0
0
0
0
0
0
0
0
0
1.6901960800285136
0
0
0
0.16840443038939024
0
0
0
0
1.146128035678238
0
0
0
0
0
0
0
0
0
0
0
0
0
0
0
0
0
0
0
0
1.7481880270062005
0
0
0
0
0
0
0.15218033814096588
0
0.5720967679505191
0.9030899869919435
0
0
0
1.146128035678238
0
0
0
0
0
0
0
1.271066772286538
1.1441935359010382
0
0
0
0
0
0
0
0
0
0
0
0
0
0
0
0.31085804627034774
0
0
0
0
0
0.49291552190289434
0
0
0
0
0
0
0
0
0
0
0
0
0
0
0
0
0
0
0
0
0
0.9030899869919435
0
0
0
0
0
0
0
0
0
0
0
0
0
0
0
0
0
0
0
0
0
0
0
0
0
0
0
2.542133544573076
0
1.4471580313422192
0
0
0.04921802267018165
0
0
0
0
0.38646019098860757
0
1.146128035678238
0
1.0492180226701815
0
0
0
0
0
0
0
0
0
0.40823996531184964
0
0
0
2.8943160626844384
1.0492180226701815
0
0.06694678963061322
0
0
0
0
0
0
0
0
0
0
0
0
0
0
0
0
0
0
0
0
0
0
0
0
0
0
0
0
0
0
0
0
0
0
0
0
0
0
0
0
0
0
0
0
0
0
0
0
0
0
0
0
1.6901960800285136
0
0
0
0
0
0
0.9700367766225568
0
0
0
0
0
0
0
1.6901960800285136
0
0
0
0
0
0
0
0.5052132911681707
0
0
0
0
0
0
0
0
0
0
0
0
0
0
1.4471580313422192
0
0
0
0
0
0
0
0
0
0
0
0
0
0
0
0
0
0
0
0
0
0
0
0
0
0
0
0
0
1.7481880270062005
0
0
0
0
0
0
0
0
0
0
0
0
0
0
0.6336485256944262
0
0
0
0
0
0
0
0
0
0
0
0
0
0
0
0
0
0
0
0.3168242628472131
0
0
2.8943160626844384
0
0
0
0
0
0
0
0
0
0
0.7704789995157831
0
0.20947070104002594
0.49291552190289434
0
1.7481880270062005
0
0
0
0
0
0.05477736258369568
0
0
0
0
0
0
0
0
0
0
0.6690067809585756
0
0
0
0.5720967679505191
0
0
0
0
0
0
0
0
0
0.5136526663438554
0
0
0
1.271066772286538
0
0
0
0
0
0
0
0
0
0
0
0
0
0
0.4259687322722811
0
0
0
0
0
0
0
0
0
0
0
0
0
0
0
2.542133544573076
0
0
4.341474094026657
0
0
0
0
0
0
0
0
0
0
0
0
0
2.6760271238343023
1.6901960800285136
0
0
0
0.8164799306236993
0
0
6.3216299089436045
0
0
1.271066772286538
0
0
0
0
0
0
0
0
0
0
0
0
0
0
0.7939455175668755
0.4471580313422192
0
0
0
0
0
0
0
0
0
0
0
0
0
0
0
0.08123570181652817
0
0
0
0
0
0
1.6901960800285136
0
0
0
0.15218033814096588
0
0
0
0
0
0
0
0
0
0
0.38646019098860757
0
0
0
0
0
0
0
0
0
0
0
0
0
0
0
0
0
0.49291552190289434
0
0
0
0
0
0
0
0
0
0
0
0
0
0
0
0
0
0
1.0492180226701815
0
0
0
0.6690067809585756
0
1.496376054012401
0.24303804868629442
0
0
0
0
11.441935359010383
1.4471580313422192
0
0
0
0
0
1.4471580313422192
0
0
0
0
0
0
0
1.7481880270062005
0
0
0
0
0
0
0
0
0
0
0
0
0
0
0
0
0
0
0
0
0
0
0
0
0
0.6020599913279624
0
0
0
0
0
0
0
0
0
0
0
0
0
0
0.5756565787167394
0
0
0
0
0
0
0
0
0
0
0
0
0
0
0
0
0
0
0
0
0
0
0
0
0
0
0
1.4471580313422192
0
0
0
0
0
0
0.9030899869919435
0
0
0
0
0
0
0
0
0
0
0
0
0.38646019098860757
0.3168242628472131
1.4471580313422192
0.7067953418479753
0
0.4471580313422192
1.146128035678238
0
0
0
0
0
1.4471580313422192
0
0
0
0
0
0
0
0
0
0
0
0
0
0
0
0
1.496376054012401
0
1.146128035678238
0
0
0
0
0
0
0
0.2568263331719277
0.9858310438057887
0
0
0
0
0
0
0
0
0
0
0
0
0
0
0
0
1.271066772286538
0
0
0
0
0
1.4471580313422192
0
0
0
0
0
0
0
0
0
0
0
0
0
1.4471580313422192
0
0
0.35024801833416286
1.4471580313422192
0
0
0
0
0
0
0
0
0
0
0
0
0
0
0
0
0
0
0
0
0
0
0
0
0
0
0
0
0
0
0
0
0
1.7481880270062005
0
0
0
1.7481880270062005
0
0
0
0.9700367766225568
0
0
0
0
0
0.7939455175668755
0
0
0
0
0
0
0
0
0
0
0
0
0
1.0492180226701815
0
0
0
0
0
0
0
0
0
0
0.36797678529459443
0
0
0.3142060515600389
0
0
0
0
1.271066772286538
0
0
0
0
0
0
0
0
0
0.2857900291072444
0
0
0
0
0
0
0
0
0
0
0
0
0
0
0
0
0
0
0
0.06694678963061322
0
0
0
0
0
0
0
0
0
0
0
0
0
0
0
0
0
0
0
0
0
0
0
0
0
0
0
0
0
0
0
0
0
0
0
0
0
0
0
0.4471580313422192
0
0.6020599913279624
0
0
0
0
0
0
0
0
0
0
0
0.5440680443502757
0
0
0
0
0
0.7939455175668755
1.4471580313422192
2.1072099696478683
0
0
0
0
0
0
0.146128035678238
0
0
0
0
0.6336485256944262
0
0
0
0
0.24303804868629442
0
0
0
0
0
0.6690067809585756
0
0
1.496376054012401
0
0
0
0
0
0
0
0
0
0.6342446746993636
0
0
0
0
0
0
0
0
0
0
0
0
0
0
0
0
0
0.6664293580707649
0
0
0
0
0
0
0
0
0
0
0
0
0.4997549464331997
0
0
0
0
0
0
0
0
0
0
0
0
0
0.4471580313422192
0
0
0
0
1.271066772286538
0
0
0
1.4135906836959506
0
0
0
0
0
0
0
0
0
0
0
0
0
0
0
0
0
0.06694678963061322
0
0
0
0.9030899869919435
0
0.9700367766225568
0
0
0
0
0
0.7359535705891889
0.40621251085939486
0
1.2684893493987273
0
0
0
0
0
0
0
0
0
0
0
0
0
0
0
0
0
0
0
0
0
0
0
0
0.4259687322722811
0
0
0
0
0
0
0
0
0
0
0
0
0
0
0
0
0
0
0
0
0
0
0
0
0
0
0
0
0
0
0
0
0
0
0
0
0
0
0
0
0
0
0
0
0
1.146128035678238
0
0
0
0
0
2.292256071356476
1.0492180226701815
0
0
0
1.6901960800285136
0
0
0
0
0
0.34172078129850547
0
0
0.7067953418479753
0
0
0.07609016907048294
0
0
0
0.007825337511956526
0
0
0
0
0
0
0
0
0
0
0.9030899869919435
0
0
0
0
0
1.7481880270062005
0.46943442605337143
0
1.7481880270062005
0
0
0
0
0
0
0
0
0
0
0
0
0
0
2.8943160626844384
0
0
0
0
1.7481880270062005
0
0
0
0
0
0
0
0
0.7067953418479753
0
0
0
0
0
0
0
0
0
0
1.4135906836959506
0
1.4471580313422192
0.9030899869919435
0
1.7481880270062005
0
0
0
0
0
0
0
0
0
0
0
0
0
0
0
0
0
0
0
0
0
0
0
0
0
0
0
0
0
0
0
1.4471580313422192
1.7481880270062005
0
0
0
0
0
0
0
0
0
0
0
0
0
0
0
0.8450980400142568
0.7939455175668755
0.2568263331719277
0
0
0
0
0
0
0.292256071356476
0
0
0.3010299956639812
0
0
0
0
0
0
0
0.9030899869919435
0
0
0
0
0
0
0.11471957142661392
0
0
0
0
0
0
0
0
0
0
0
0
0
0
1.7481880270062005
0
0
0.7939455175668755
0
0
0
0
0.24303804868629442
0
0
0
0
0
0
0.2708083405729299
0
0
0
0
0
0
0
0
0
0
0
0
0
0
0
0
0
0
0
0
0
0
0
1.0492180226701815
0
0
0
1.7481880270062005
0
0
0.9700367766225568
0
0.9700367766225568
0
0
0
0
0
0
0.8450980400142568
0
0
0.4057653461839942
0
0.4471580313422192
0
0
0
0
0
0
0
0
0
0
0
0
0
0
0
0.06436936674280247
0
0
0
0
0
0
0
0
0
0
0
0
0
0
0
0
0.2568263331719277
0
0
0
0
0
0
1.7481880270062005
0
0
0
0
0
0
0
0
0
0
0
0
0
0
0
0
1.4471580313422192
0
0
0
0
0.8450980400142568
0
1.271066772286538
0
0
0.4259687322722811
0
0.7067953418479753
0
0
0
0
0
0
0
0
0
0
0
1.271066772286538
0
0
0.8132003168596139
0
0
0
0
0
0.3347339481530661
0
0
0
0
0
0
0
0
0
0.6342446746993636
0.7067953418479753
0
0
0
0
0
0
0
0
0
0
0
0
0
0
0
0
0
0
1.1039303558837834
0
0
0
0
0
0
0
0
0
0
0
0
0
0
0
0
0
0
0
0
0
0
0
0
0
0
0
0
0
0.24303804868629442
0
1.0492180226701815
0
0.0
0
0
0
0
0
0
0
0
0
0
1.4135906836959506
0
0.36797678529459443
0
0
0
0
1.496376054012401
0
0
0
0
0
0
0.2708083405729299
0
2.292256071356476
0
0
0
0
0
0
0
0
0
0.9030899869919435
0
0.9504727885416393
0.6020599913279624
0
1.146128035678238
0
0
0
0
0
0
0
0
1.271066772286538
0.023912157405411364
0
0
0
0
1.7481880270062005
0
0
0
0
0
0
0
0
0
0
0
0
0
0
0
0
0
0
0
1.035478211255853
1.7481880270062005
0.16840443038939024
0
0
0
0
0
0
0
0
0
0
0
0
0
0
0
0
0
0.45934817425662583
0
0
0
0
0
0
0.03912668755978263
0
0
0
1.7481880270062005
0
0
0
0
0
1.7481880270062005
0
0
0
0
0
0
0
0
0
0
0
0
0
0
0
0
0
0
0
0
0
0
0.031588534366463764
0
0.19188552623891314
0
0
0
0
0
0
0
0
1.7481880270062005
0
0
0
0
0
0
0
0.6690067809585756
0
0.36797678529459443
0
0.6020599913279624
0
0.9700367766225568
0
0
0
0
0
0
0
0
0
0
0
0
0
0
0
0
0
0
1.7481880270062005
0
0
0
0
0
0
0
0
0
0
0
0
0
0
0
0
0.9030899869919435
0
0
0
0.9700367766225568
0
0
0
0
0
0
0.4471580313422192
0
0
0
0
0
0.36797678529459443
0
0
1.7481880270062005
0
0
0
0
0
0
1.4471580313422192
0
1.0492180226701815
0
0
0
0
0
0
0
0
0
0
0
0
0
0
0
0
0
1.4471580313422192
0
0
0
0
0
0
0
0
0
0
0
0
0
0
0
0
0
0
0
0
0
0
0
0
0
0
0.2568263331719277
0
0
0
0
0
0
0.5177391056279265
0
0
0
0
0
0
0
0
0
0
0
2.8943160626844384
0
0
0
0
0
0
1.7481880270062005
0
0
0
0.1571234199797012
0
0
0
0
0
0
0
0.032184683371401235
0
0
0
0
2.098436045340363
0
0
0
0
0
0
0
0
0
0
0
0
0
0.5177391056279265
0
0
0
0
0
0
0
0
0
0
0
0
0
0
0.3540315170854136
0
0
0
0
0
0
0
0
0
0
0
0
0
0.19188552623891314
0
0
0
0
0
0
0
0
0
1.0492180226701815
0
0
0
0
0
0
0
0
0
0
0
0
0
0
0
0
0
0
0
0
0
0
0
0
0
0
0
0
0
0
0
0
0
0
0
0
0
0
0
0
0
0.4189414020800519
0
0
0
0
0
0
0
0
0
0
0
0
0
0
0
0
0.38646019098860757
0
0
0
0
0
0
0
0
0
0
0
0.0
0
0
0
0
0
0
0.9700367766225568
0
0
1.0492180226701815
0
0.032184683371401235
0
0
0
0
0
1.146128035678238
0
0
0.19188552623891314
0
0
0
0
0.17998630293920545
0
0
0
0
0
0
0.8519374645445622
0
0
0
0
0
0
0
0
0.12493873660829992
0
0
0
0
0
0
0
0
0
0
0
0
0
0
0
0.21670910996394527
0
0
0
0
0
0
0
0
0
0
1.4471580313422192
1.146128035678238
0
0
0
0
0
0
0
0
0
0
0
0
0
0
0
0
0
0
0
0.4997549464331997
0.6342446746993636
0.33321467903538243
0
0
0
0
0
0
0
0
0.21670910996394527
1.2041199826559248
0
0
1.146128035678238
0
0
0
0
0
0
0
0
0
0
0
0
0
0
0
0
0
0
0
0
0
0
1.7481880270062005
0
0
0
0
0
0
1.9716620876115774
0
0.4057653461839942
0
0
0
0
0
0
0
0
0.40823996531184964
0
0
0
0
0
0
0
0
0
0
0
0
0
0
0
0
0
0
0.2857900291072444
0
1.0492180226701815
0
0
0
0
0
0
0
0
0
0
0.7939455175668755
0
0
0
0
0
0
0
0
0
0.08543019532462637
0
0
0
0
0
0
0
0
1.271066772286538
0
0
1.271066772286538
0
0
0
0
0
0
0
0.1968720906807266
0
0
0
0
0
0
1.0492180226701815
0
0
0
0
0
0
0.9030899869919435
0
0
0
0
0
0.7481880270062005
0
0
0.8450980400142568
1.7481880270062005
0
0
0.6342446746993636
0
0
0
0
0
0
1.4719071411783777
0
0
1.3328587161415297
0
0
0
0
0
0
0
1.8974674060057657
0
0
0.7675421049556526
0
0
0
0
0
0
0
0
0
0
0.0
0
0
0
0
0
0
0
0
0
0
0
0
0
0
0
0
0
0
0.9700367766225568
0
0
0
0
0
0
0
0
0
0
0
0
0
0
0
0.16247140363305634
0
0
0
0
0
0
0
0
0
0
0
0
0
0
0
0
0
1.271066772286538
0
0
0
0
0
0
0
0
0
0
0
0
0
0
0
0
0
0
0
0
0
0
0
0.05477736258369568
0
0.146128035678238
0
0
0
0
0
0
0
0
0
0
0
0
0
0
0
0
0
0
0
0
1.146128035678238
0
0
0
0
0
0
0
0
0
0
0
0
0
0
0
0
0
0
0
0
0
0.2708083405729299
0
0
0
0.38646019098860757
0
1.632204133050827
0
0
0
0
0
0
0
0
0
0
0
0
0
0
0
0.7939455175668755
0
0
0
0
0
0
0
0
0
0
0
0.33321467903538243
0
0.4259687322722811
0.05799194697768673
0
0
0
0
0
0
0
0
0
0
0
0
0
0
0
0
0
0
0
0.22827050721144881
0
0
0
0
0
0
0
0
0
0
0
0
0.38646019098860757
0
0.4259687322722811
0
0
0
1.271066772286538
0
1.4471580313422192
0
0
0
0
0.5440680443502757
0
0
0
0
0
0.3599726058784109
0
1.2684893493987273
0
0
0
0
0
0
0
0
0
0
0
0
0
0
0
0.13389357926122644
0.7939455175668755
0
0
0.38646019098860757
0
0
0
0
0
0
0
0
0
0
0
0
0
0.7729203819772151
0
0
0
0
0.1739758409330602
0
0
0
0
0
0
0
0
0
0.047382801549695645
0
0
0
0
0
0
0
0
0
0
0
0
0.6020599913279624
0
0
0
0
0
0
0
0
0
0
0
0
0
0
0
0
0
0
0
0
0
0
0
0
0
0
0
0
0
0
0
0
0
0
0.7481880270062005
0.08543019532462637
0
0
0
0
0
1.4471580313422192
0
0
0
0
0
0
0
0
0
0
0
0.1571234199797012
0
0
0
0
0.24303804868629442
0
0
0
0
0
0
0
0
0
0
0
0
1.271066772286538
0
0
0
0
0
0
0
0
0
0
0
0
0
0
0
0
0
0
0
0
0
0
0
0
0
0
0
0
0
0
0
0
0
0
0
0
0
0.45934817425662583
0
0
0.11055987028262318
0
0
0
0
0
0
0
0
0
0
0
0
0
0
0
0
0
0
0
0
0
0
0
0
0.040617850908264086
0
0
0
0
0
0
0
0
0
0
3.4383841070347136
0
0
0
0
0
0
0
0
0
0
0
0
0
0
0
0
0
0
0
0
0
0
0
0
0
0
0
0
0
0
0
0
0
0
0
0
0.07609016907048294
0
0.09497551323085675
0
0
0
0
1.146128035678238
0
0
0
0
0
0
0
0
0.7067953418479753
0
0
0
0
0.5720967679505191
0.6020599913279624
0
0
0.3010299956639812
0
0
0
0.17998630293920545
0
0
0
0
0
0
0
0
0
0
0
0
0
0
0
0
0
0
0
0
0
0
0
0
0
0
0
0
0
0
0
0
1.2599041205744381
0
0
1.4471580313422192
0
0
0
0
0
0
0
0
2.0457924994953323
0
0
0
0
0.08123570181652817
0
0
0
0
0
0
0
0
0
0
2.5352941200427703
0
0
0
0
0
0
0
0
0
0
0
0
0
0
0
0
0
0
7.760294212980455
0
1.8777377042134857
0
0
0
0
0
0
0
0.9030899869919435
2.8943160626844384
3.496376054012401
0
1.4471580313422192
0
0
0
0
0.6020599913279624
0
0
0.24987747321659984
0
0
0
0
0
0
0
0
0
0
0
0
0
0.12635413746585505
0
0
0
0
0
0
0.09497551323085675
0
0
0
0
0
0
0
0
0
0
0
0
0
0
0
0
0
0
0.1571234199797012
0
0
0
0
0
0
0
0
0
0
0
0
0
0
0
0.40621251085939486
0.0626027000956522
0
0
0
0
0
0
0
0
0
0
0
0
0
0
0.12873873348560494
0.6284936799188048
0
0
0
0
0
1.806179973983887
0
0
0
0
6.790257436357898
0
0
0
0
0.8450980400142568
0
0
0
0
0
0
0
0
0
0.2562905859738791
2.5352941200427703
0
0
0
0
0
0
0
0
0
0
0
0
0
0
0
0
0
0
0
0
0
0.06694678963061322
0
0
0.41840088382821605
0
0
0
0
0
0
0
0
0
0
0
0
0
0
0
0
0
0
0
0
0
0
0
0
0
0
0
0
0
0
0
0
0
0
0
0
0
0
0
0
0
0
1.7481880270062005
0
0
0
0.8519374645445622
0
0.0
1.4471580313422192
0.17998630293920545
0
0
0
0
0
0
0
0
0.40617850908264086
0
0
0
0
1.2041199826559248
0
0.6664293580707649
0
0
0
0
0
0
0
0
0
0.7856170998985059
0
0
1.632204133050827
0
0
0
1.7481880270062005
0
0
0
0
0
0
1.4471580313422192
0
0
0
0
0
0
0.9030899869919435
0
0
0
0
0
0
0
0
0.35024801833416286
0
0
0
2.542133544573076
0
0
0
0
1.0104265823363414
0
0
0
0
0.49291552190289434
0
0
0
1.4471580313422192
0
0
0
0
0
0
0
0
0
0
0
0
0
0.33321467903538243
0
0
0
0
0
0
0
0
0.0
0
0
0
1.7481880270062005
0.7481880270062005
0
0
0
0
0.21520941664870227
0
0
0
0
0
0
0
0
0.8450980400142568
0
0
0
0
0.2857900291072444
0
0
0
0
0
0
0
0
0
0
0
0
0
0
0
0
0.09564862962164546
0
0
0
0
0
0
0
0
0
0
0
0
0
0.08123570181652817
0
0
0
0
0
0.0
0
0
0
0
0.015794267183231882
0
0
0
0
0
0
0
0
0
0
0
0
0
0
0
0
0
0
0
0
0
0
0
0
0.11598389395537347
0
0
0
0
0
0
0
0
0
0
0
0
0
0
0
0
0
0
0
1.7481880270062005
0
0
0
0
0
0
0
0
0
0
0
0
0
0
0
0
0
0
0
0
0
0
0
0
0
0
0
0
0
0
0
0
0
0
0
0
0
0
0
0
0
0
1.4471580313422192
0
0
0
0
0
0
0
0
0
0
0
0
0.34415871427984174
0
0
0
0
0
0
0
0.5177391056279265
0
0
0
0
0
0
0
0
0.45934817425662583
0
0
0
0.6020599913279624
0
0
0
0
0
0
0
0
0
0
0
0
0
0
0
0
0.7004960366683257
0
0.6020599913279624
0.4471580313422192
1.6901960800285136
0
0.4057653461839942
0.7481880270062005
0
0
0
0
0
0
0
0
0
0
0
0.5440680443502757
0
0
0
0.0
0
0
1.587891035133751
0.21670910996394527
0
0
0
0
0
0
0
0
0
0
0
0
0
0
0
0
0
0
0
0
0
0
0
0
0
0
0
0
0
0
0
0
0
0
0
0
0
0
0
2.8943160626844384
0
0
0
0
0.3010299956639812
0
0
0
0
0
0
0
0
0
0
0
1.7481880270062005
0
0
0
0
0
0
0
0
0
0
0
0
0
0
0.4016807377836793
0.5177391056279265
0
0
0
0
0
0
0
0
0
0
0
0
0
0
0
0
0
0
0
0
0
0
0
0
0
0
0
0.9700367766225568
0
0
0
0
0
0
0
0
0
0
0
0.9426181546801167
0
0
0
0
0
0
0
0
0
0
0
0
0
0
0
0
0
0
0
0
1.6901960800285136
0
0
0
0
0
0
0
0
0
0
0
0
0
0
0.5440680443502757
1.271066772286538
0
0
0
0
0
0.3599726058784109
0
0
1.7481880270062005
0
0
0
0
0
0
0
0
0
0
0
0
0
0
0
0
0
0
0
0
0
0
0
0
0
0
0
0
0
0
1.0492180226701815
0
0
0
0
0
0
0
0
0
0
0.8450980400142568
0
0
0
0
0
0.12873873348560494
0
0
0
0
0
0
0
0
0
0
0
0
0
0
0.9030899869919435
0
0
0
0
0
0
0
0
0
0.6342446746993636
0
0
0
0
0
0
0
0
0
0
0
0.49291552190289434
0
0
0.2857900291072444
0
0
0
0
0
0
0
0
0.7939455175668755
0
0
0
0
1.4471580313422192
0.6342446746993636
0.49291552190289434
1.7481880270062005
0
0.9030899869919435
0
0.6690067809585756
0
0
0
0
0
0
0
0
0
0
0
0
0
0
0.8115306923679884
0
0
0
0
0
0
0
0
0
0
0
0
1.0492180226701815
0
0
0
1.146128035678238
0
1.7481880270062005
0
0
0
0
0
0
0
0
2.292256071356476
0
0
0.7067953418479753
0
0
0
0
0
0
0
0
0.4471580313422192
0.6284936799188048
0
0
0
0
0
0
0
0
0
0.9858310438057887
1.271066772286538
0
0
0
0.5136526663438554
0
0
0
0
0
0
0
0.3368088607787805
0
0
0
0
0
0
0
0
0
0
0
0
0
0
0
0
0
0
0
0
0
0
0
0
0
0
0
0
0.09564862962164546
1.146128035678238
0
0
0
0
0
0
0
0
0
0
0
0
0
0
0
0
0
0
0
0
0
0
0
0
0
0
0
1.271066772286538
0
0
0.8420221519469512
0
0
0
0
0
0
0
0
0
0
0
0
0
0
0
0
0
0
0
0
0
0
0
1.4471580313422192
0
0
0
0.9030899869919435
0
0
1.271066772286538
0
0
0
0
0
0
0
0
0
0
0
0
0
0
0
0
0.4471580313422192
0.22967408712831291
1.7481880270062005
0
0
0
0
0
0
0
0
0
0
0
0
0
0
0.9478291920052546
0.5720967679505191
0
1.4471580313422192
0
0
0
0.5177391056279265
0
0
0
0
0
0
1.496376054012401
0
0
0
0
0
0
0
1.4471580313422192
0
0
0.46943442605337143
0
0
0
0
0
0
1.271066772286538
0
0
0
0
0
0
0
0
1.3414740940266576
0
0
0
1.3380135619171512
0
0
0
0
0
0
0
0.43341821992789054
0
0
0
0.5136526663438554
0
0
0
0.6690067809585756
0.6690067809585756
0
0
0
0
0
0.5177391056279265
0
0.46943442605337143
1.146128035678238
0
0
0
0
0
0
0
0
0
0
0
0
0
0
0
0
0
0
0
0
0
0
0
0
1.7481880270062005
0
0
0
0
0
0
0.4057653461839942
0
0
0
0
1.7481880270062005
0
0
0
0
0
0
0
0
0
0
1.271066772286538
0
0
0
0
0
0.015794267183231882
0
0.40823996531184964
0
0
0
0
0
0.7067953418479753
0
2.8943160626844384
0
0
0
0
0
0
0
0
0
0
0
0
0
0
0
0
0
0
0
0
0
0
0
0
0
0
0
0.9700367766225568
0
0
0.6690067809585756
0
0
0
0
1.1441935359010382
0
0
0
0
0
0
0
0
0
0
0
0
0
0
0
0
1.7481880270062005
1.496376054012401
0
1.4471580313422192
0
0
0
0
1.146128035678238
0
0
0
0
0
0
0
0
0
0
0
0
0
0
0
0
0.49291552190289434
0
0
1.7481880270062005
0
0
0
0
0
0.5440680443502757
1.7481880270062005
0
0
0
0
0
0
0
0
0
0
0
0
0
0
0
0
0
1.7481880270062005
1.7481880270062005
0
0
0
0
0
0.35024801833416286
0
0
0
0
0
0
0
0
1.146128035678238
0
0
0
0.6342446746993636
0
0
0
0
0
0
0
0
0
0
0
0
0
0
0
0
0
0
0
0
0
0
0
0
0
0
0
0
0
0.06694678963061322
0
0
0
0
0
0
0
0
0
0
0
0
0
0
0
0
0
0
0
0
0
0
0
0
0
0
0
0
0
0
0
0
0
0
0
0
0
0
0
0
0
0
0.49291552190289434
0
0
0
0
0
0
0
0
0
0
0
0
0.9700367766225568
0
0.33321467903538243
1.271066772286538
0
0
0
0
0
0
0
0
0
0.4471580313422192
0
0
0
0
0.3168242628472131
0
0
0
0
0
0
0
0
0
0
0
0.06694678963061322
0
0
0
0
0
0.3599726058784109
0
0
0
0
0
0
0
0
0.46943442605337143
0
0.2857900291072444
0.43838410703471403
0
0
0.7481880270062005
0
0
0
0
0
0
0
0
0
0
0
0.7067953418479753
0
0
0
0
0.6342446746993636
0
0.2562905859738791
0
0
0
0
0
0
0
0.5440680443502757
0
0
0
0
0
0
0
0
0
0
0
0
0
0
0
0
0
0
0
0
0
0
0
0
0
0
0
0
0.7067953418479753
0
0
0
0
0
0
0
0
0
0
0
0.3010299956639812
0
0.37481620982489977
0
0.9700367766225568
1.4471580313422192
0
0
0
0
0.379902052923427
0
0
0
0
0.8943160626844384
0
0
1.4471580313422192
0
0
0
0
0
0
0
0
0
0
0
0
0
0
0
0
0
0
0
0
0
0
0.49291552190289434
0
0
0
0
0
0
0
0
2.9101103298676705
0
0
0
0
0
0
0
0
0.33321467903538243
1.0492180226701815
0.8519374645445622
0.48607609737258883
0
0
0
0
0
0
0
0
0
0
0
0
0
0.9030899869919435
0
0
0
0
0
0
0
0
0
0
0
0
0
0.8943160626844384
0
0
0
0
0
0
0.20532547338201446
0
0
0
0
0
0
0
0
0
3.6518881156559475
0
0
0
0
0
0
0
0
0
0
0
0
0
0
1.7481880270062005
0
0.673617721557561
0
0
0
0.5715800582144888
0
0
1.0492180226701815
0
0
1.146128035678238
0
0
0
0
0
0
0
0
0
0
0
0
0
0
0
0
0
0
0
1.4471580313422192
0
0
0
0
0
0
0
0
0
0
0
0.6342446746993636
0
1.4471580313422192
0.2677871585224529
0
0
0
0
0
0
0
0
0
0
0
0
0
0
0
0
0
1.0492180226701815
0
0
0
0
0
0
0
0
0
0
0
0
0
0
0
0
0
0
0
0
0
0
0
0
0
0
0
0
0
0
0
0
1.4471580313422192
2.7092699609758304
0
0
0
0
0
0
0
0
0
0
0
0
0
0.007825337511956526
0
0
0
0
0
0
0.5177391056279265
0
0
0
0
0
0
0
0.6020599913279624
0
0
0
0
0
0
0
0.08543019532462637
0
0
0
0
0
0
0.8450980400142568
0
0
0
0.4471580313422192
0
0
0
0
0
0
0
1.4471580313422192
0
0
0.7481880270062005
0
0
0
0
0
0
0
0
0
0
0
0
0
0
0
0.4471580313422192
0
0
0.6020599913279624
2.860483839752596
0
1.0507440550024887
0
0
0
0
0
0
0
0
0
0
0
0
0
0
2.292256071356476
0
0
0
0
0
0.5720967679505191
0
0
0
1.7481880270062005
0
0
0
0
0
0
1.0492180226701815
2.542133544573076
0
1.496376054012401
0
0
0
0
0
0
0
0
0
0
0
0
0
0
0
0
0
0
0.24303804868629442
0
0.4471580313422192
0
0
0
0.11738006267934789
0
0
0
0
0
0
0
0
0
0
0
0
0
0
0
0
0
0
0
0
0
0
0
0
0
0
0
0
0
0
0
0
0
0
0
0
0
0
0
0.09497551323085675
0
0
0
0
0
0
0
0
0
0
0
1.6901960800285136
0
0
0
0
0
0
1.2041199826559248
0
0
0
0
0
0
0
0
0
0
0
0.146128035678238
0
0
0
0
0
0
0
0
0
0
0
0
0
0
0
0
0
0
0
0
0
0
0
0
1.7481880270062005
1.4471580313422192
0.36797678529459443
0
0
0
0
0
0
1.0492180226701815
0
0
0
0
0
0
0
0
0
0.7359535705891889
0
1.146128035678238
1.4471580313422192
0
0
0.36797678529459443
0
0
0
0
0
0
0
0
0
0
0
0
0
0
0
0
0
0
0
0
0.1739758409330602
0
0
0
0
0
0
0
0
0
0
0
0
1.4471580313422192
0
0
0
0
0
0
0
0
0
0
0
0
0
0
0
0
0
0
0
0
0
0
0
0
0
0
0
0
0
0
1.7481880270062005
0
0
0
0
0
0
0
0.9030899869919435
0
0.379902052923427
0
0
0
0
0
0
0
0
0
0.12185355272479226
0
0
0.7359535705891889
0
0
0
0
0.6664293580707649
0
0
0
0
0
0
0
0
0
0
0
0
0
0
0.9700367766225568
0.09497551323085675
0
0
0
0
0
0
0
0
0
0
3.1476540680105445
0
0
0
0
1.4471580313422192
2.5352941200427703
0
0
0
0
0
0
0
0
0
0
0
1.7481880270062005
0
0
0
0
0
0
0
1.4471580313422192
0
0
0
0
0
0
0.5440680443502757
0
0
0
0
0
0
0
1.271066772286538
0
0.73064017839119
0
0
0.7291141460588833
0
0
0
0
0
0
0
0
0
0
0
0.06436936674280247
0
0
0
0
0.0
0
0
0
0
0.146128035678238
0
0
0
0.04695202507173915
0
0
0.047382801549695645
0
0
0
0.379902052923427
0
0.05799194697768673
0
0
0
0.3937441813614532
0
0.12873873348560494
0
0
0
0
0
0.15218033814096588
0
0
0
0
0
0
0
0
0
0
0
0.0
0
0
0
0
1.4471580313422192
0.0717364722162341
0
0.7481880270062005
0
0
0.17998630293920545
0
0.5440680443502757
0
1.146128035678238
0
1.6901960800285136
0.43341821992789054
0
0
0
0
0
0
0
0
0.3347339481530661
0
0
0
0
0
0
0
0
0
0
0
0.01565067502391305
0
0
0
0
0
0
0
0
0
0.4748775661542837
0.040617850908264086
0
0
0
0
0
0
0
0
0
0
0
0
1.4135906836959506
0
0
0
0
1.2172960385519827
0.7939455175668755
0.8519374645445622
0
0
1.271066772286538
1.7481880270062005
0
0
0
0
0
0
0
0.36797678529459443
0
0
0
0
0
0
0
0
1.146128035678238
0
0
0.7939455175668755
0
0
0
0
0
0
0
1.6901960800285136
0
0
0
0
0
0
0
0
0
0
0
0
0
0
0
1.0492180226701815
0
0
0
0
0
0
0
0
0
0
0
0
0
0
0
0
0
0
0
0
0
0
0
0
0
0
0
0
0.4471580313422192
0
0
0
0
0
0.7067953418479753
0
0
1.0492180226701815
0.2857900291072444
0
1.7481880270062005
0
0
0
0
0
0.8450980400142568
1.7481880270062005
0
0
0
0.4057653461839942
0
0
0.08543019532462637
0
0
0
0
0
0
0
0
0
0
0
0
0
0
0
1.146128035678238
0.5421335445730759
0
0
0
0
0
0
0
0
0
0
0
0
0
0
0
0
0
0
0
0.04695202507173915
0
0
0
0
0
0
0
0
0
0
0
0
0
0
0
0
0
0
0
0
0
0.2899597348884337
0
0
0
0
0
0
0
0
0
0
0
0
0
0
0
0
0
0
0
0
0
0
0
0
0
0.6690067809585756
0
0
0
0
0
0
1.4471580313422192
0
0.9030899869919435
0
0
0
0
2.292256071356476
0
0
0
0.2843249563578486
0.7481880270062005
0
0
0
0
0
0
0
0
0
0.7481880270062005
0
1.0492180226701815
0
0
0
0
0
0
0
1.7481880270062005
0
0
0
1.271066772286538
0
0
0
0
0
0
0
1.271066772286538
0
0
0
0
0
0
0
0
0
0
0
0
0
0
0
0
0
0
0
0
0
0
0
0
0.2568263331719277
0
0
0
0.6342446746993636
0
0
0
0
0
0
0
0
0
0
1.0492180226701815
0
0
0
0
0
0.4259687322722811
0
0
0
0
0
0
0
0
0
0
0
0
0
0
0
0
0
0
0.24987747321659984
0
0
0.4057653461839942
0
0
0
0
0
0
0
0
0
0
0
0
0
0
0
0
0
0
0
0
0
0
0
0
0
0
0
0.2568263331719277
0
0
0
0
0
0
0
0
0
0
0
0
0
0
1.587891035133751
0
0
0
0
0
0
0
0
0
0
0
0
0
0
0
0
3.496376054012401
1.0492180226701815
0.32184683371401235
0
0
0
0
0
0
0
0
0
0
0
0
0
0
0
0
0
0
0.06317706873292753
0
0
1.806179973983887
0
3.8801471064902273
1.4471580313422192
0
0
0
0
0
0
0
0
0
0
0
1.7481880270062005
0.146128035678238
0.7939455175668755
0
0.9700367766225568
0
0
0
0
0
0
0
0
0
1.4471580313422192
0
0
0
0
0.08543019532462637
0
0
0
0
0
0
0
0
0
0
0
1.035478211255853
0
0
0
0
0
0
0.3168242628472131
0
0
0
0
0
0
0
0
0.5136526663438554
0
0
0
0
0
0
0.040617850908264086
1.2041199826559248
0
0
0
0
0
0.09564862962164546
0
0
0
0
0.4429622040316349
0
0
0
0
0
0.46943442605337143
0.6770208514323248
0
0
0
0
0.0
0
0
0.27106677228653797
0
0
0
0
0
0
0.1571234199797012
0
0
0
0
0
0
0
0
0
0
0
0.0
0
0
0
0
0
0
0.1571234199797012
0
0
0
0
0
0
0
0
0
0
0
0
0.0
0
0
0
0.49291552190289434
0
0
0
0
0
0
0.13540417028646495
0
0
0
0
0
0
0
0.20947070104002594
0.17086039064925274
0
0
0
1.0492180226701815
0
0
0.3249428072661127
0
0
0
0
0
0.35024801833416286
0
0.36797678529459443
0
0
0.24987747321659984
0
0
0
0
0
0
0
0
0
0
0
0
0
0
0
0
0
0
0
0
0
0.24370710544958452
0
0
0
0
0
0
0
1.4471580313422192
0
0
0
0
0.5177391056279265
0
0.3010299956639812
0
0.007825337511956526
0
0
0
0
0
0.21670910996394527
0
0
0
0
0
0
0
0
0
0
0
0
0
0.8859244080632698
0
0
0
0
0
0
0
1.7481880270062005
0
